# INITIALIZATION
Counter({'TP': 13393, 'TN': 3076, 'FN': 1822, 'FP': 1709})
# Initial Accuracy: 0.82345
# Initial MCC: 0.518953419845
# Minimal variation in Mu: -1.89158212109e-05
# Min in Mu: [-2.44411991e-06]
# Min variation in initial S: 8.69582184038e-14
gen	nevals	avg    	std      	min     	max     
0  	100   	0.50172	0.0295585	0.410725	0.531002
1  	34    	0.51897	0.0132543	0.451049	0.531002
2  	37    	0.527436	0.00435509	0.510347	0.535359
3  	36    	0.530935	0.00200794	0.52505 	0.536862
4  	36    	0.532433	0.00192249	0.528989	0.536862
5  	31    	0.534089	0.00179664	0.530699	0.536862
6  	28    	0.535566	0.00102006	0.532167	0.538938
7  	35    	0.536357	0.00115642	0.535359	0.539342
8  	32    	0.537171	0.00125383	0.535569	0.539342
9  	37    	0.5381  	0.00117695	0.535569	0.539831
10 	37    	0.53889 	0.000784658	0.536862	0.541223
11 	29    	0.539396	0.000226106	0.538921	0.539831
12 	35    	0.539567	0.000597924	0.535449	0.541411
13 	31    	0.539854	0.000526426	0.539342	0.542141
14 	30    	0.540199	0.000614988	0.539342	0.541411
15 	32    	0.540567	0.000693085	0.539831	0.541411
16 	31    	0.541148	0.000619707	0.539831	0.542884
17 	36    	0.541555	0.00038367 	0.540742	0.543006
18 	37    	0.541747	0.000380667	0.540835	0.542884
19 	31    	0.541998	0.000409404	0.541411	0.542884
20 	30    	0.542306	0.000399541	0.541534	0.542884
21 	34    	0.542632	0.000426244	0.541534	0.544387
22 	36    	0.542976	0.000563654	0.542294	0.545856
23 	34    	0.543244	0.000659052	0.542847	0.545856
24 	39    	0.543734	0.000810481	0.542884	0.545856
25 	26    	0.54434 	0.000635734	0.542884	0.545856
26 	36    	0.544691	0.000579123	0.543871	0.545856
27 	39    	0.54508 	0.000725447	0.544387	0.546116
28 	30    	0.545624	0.000582609	0.544387	0.546116
29 	32    	0.545945	0.000198481	0.54481 	0.546188
30 	38    	0.54605 	8.33126e-05	0.545856	0.546188
31 	34    	0.546144	0.000154154	0.545953	0.54686 
32 	39    	0.54626 	0.000253495	0.54608 	0.54686 
33 	28    	0.546414	0.000303839	0.546116	0.54686 
34 	29    	0.546671	0.000325089	0.546188	0.547786
35 	32    	0.54692 	0.000230032	0.546404	0.547786
36 	31    	0.547013	0.000295223	0.546772	0.547786
37 	36    	0.547118	0.000319026	0.54686 	0.547786
38 	32    	0.547456	0.00024238 	0.54686 	0.547936
39 	35    	0.547577	0.000144148	0.547232	0.547936
40 	34    	0.547665	0.000168337	0.547514	0.547936
41 	36    	0.547854	0.000268967	0.547514	0.549504
42 	36    	0.548012	0.000315947	0.547514	0.549403
43 	39    	0.548299	0.000491819	0.547844	0.549717
44 	39    	0.548762	0.00057976 	0.547936	0.550069
45 	37    	0.54919 	0.000557147	0.546352	0.550069
46 	35    	0.549518	0.000328971	0.548641	0.550069
47 	36    	0.549723	0.000245255	0.549403	0.550069
48 	45    	0.549882	0.000220194	0.549403	0.550406
49 	27    	0.550046	0.000122703	0.549717	0.550406
50 	40    	0.550127	0.00014503 	0.549874	0.550705
51 	34    	0.550188	0.000182385	0.550069	0.550705
52 	31    	0.550343	0.000204442	0.550069	0.550705
53 	35    	0.550514	0.000195945	0.550069	0.551158
54 	33    	0.550664	0.000249045	0.550406	0.551229
55 	35    	0.550861	0.000225251	0.550406	0.551229
56 	33    	0.551067	0.000168415	0.550685	0.551229
57 	39    	0.551183	9.38508e-05	0.550705	0.551229
58 	36    	0.551223	3.52092e-05	0.551023	0.551229
59 	32    	0.551229	0          	0.551229	0.551229
60 	39    	0.551239	7.14688e-05	0.551229	0.551919
61 	37    	0.551254	0.000128104	0.551229	0.552295
62 	35    	0.551291	0.000158333	0.551229	0.551919
63 	33    	0.551393	0.000256736	0.551229	0.552598
64 	34    	0.551597	0.000319591	0.551229	0.552598
65 	37    	0.551906	0.000313787	0.551229	0.552598
66 	33    	0.552077	0.000285533	0.551547	0.55277 
67 	37    	0.552233	0.000342253	0.551919	0.55277 
68 	38    	0.552492	0.000304703	0.551919	0.55277 
69 	33    	0.552701	0.000142643	0.551919	0.55277 
70 	38    	0.552764	3.06507e-05	0.552598	0.55277 
71 	29    	0.55277 	0          	0.55277 	0.55277 
72 	35    	0.55277 	0          	0.55277 	0.55277 
73 	41    	0.55277 	0          	0.55277 	0.55277 
74 	39    	0.55277 	0          	0.55277 	0.55277 
75 	37    	0.55277 	0          	0.55277 	0.55277 
76 	36    	0.55277 	0          	0.55277 	0.55277 
77 	36    	0.552778	4.8177e-05 	0.55277 	0.553052
78 	39    	0.552831	0.000114079	0.55277 	0.553052
79 	35    	0.552947	0.000129135	0.55277 	0.553052
80 	32    	0.553029	6.69721e-05	0.55277 	0.553052
81 	42    	0.553052	0          	0.553052	0.553052
82 	30    	0.553052	0          	0.553052	0.553052
83 	38    	0.553052	0          	0.553052	0.553052
84 	33    	0.553052	0          	0.553052	0.553052
85 	35    	0.553052	3.25803e-06	0.553052	0.553085
86 	39    	0.553056	2.00243e-05	0.553052	0.553166
87 	38    	0.55306 	2.64232e-05	0.553052	0.55322 
88 	34    	0.553069	3.63593e-05	0.553052	0.55322 
89 	40    	0.553094	5.27773e-05	0.553052	0.55322 
90 	34    	0.553137	6.42983e-05	0.553052	0.55322 
91 	39    	0.553181	5.3738e-05 	0.553085	0.55322 
92 	35    	0.553219	2.78871e-05	0.553085	0.553371
93 	41    	0.553239	4.62109e-05	0.55322 	0.553389
94 	30    	0.55327 	6.93879e-05	0.55322 	0.553389
95 	36    	0.553329	7.81575e-05	0.55322 	0.553497
96 	32    	0.553384	5.90737e-05	0.55322 	0.553497
97 	33    	0.553425	5.72046e-05	0.553389	0.553571
98 	36    	0.553466	6.52737e-05	0.553389	0.553571
99 	37    	0.553519	4.82998e-05	0.553389	0.553571
100	38    	0.553551	4.34566e-05	0.553389	0.553591
101	31    	0.553598	0.000152898	0.553497	0.554665
102	34    	0.553636	0.000236153	0.553571	0.554665
103	37    	0.553716	0.000336227	0.553571	0.554665
104	35    	0.553957	0.000493127	0.553349	0.554665
105	34    	0.554255	0.000490186	0.553591	0.554665
106	40    	0.554542	0.000300988	0.553557	0.554665
107	38    	0.55465 	6.93009e-05	0.554257	0.554665
108	38    	0.554661	3.53605e-05	0.554309	0.554665
109	36    	0.554665	2.22045e-16	0.554665	0.554665
110	35    	0.554647	0.000260118	0.552116	0.555054
111	36    	0.554684	8.49225e-05	0.554665	0.555054
112	34    	0.554712	0.000126622	0.554665	0.555054
113	38    	0.554764	0.000172431	0.554665	0.555223
114	35    	0.554884	0.000208946	0.554665	0.555223
115	38    	0.55505 	0.000142078	0.554665	0.555223
116	33    	0.555144	8.40387e-05	0.555054	0.555223
117	35    	0.555202	5.63758e-05	0.555002	0.555223
118	33    	0.555221	1.67537e-05	0.555054	0.555223
119	35    	0.555223	1.11022e-16	0.555223	0.555223
120	35    	0.555223	1.11022e-16	0.555223	0.555223
121	37    	0.555223	1.11022e-16	0.555223	0.555223
122	34    	0.555226	1.61403e-05	0.555223	0.555317
123	39    	0.555232	2.83848e-05	0.555223	0.555317
124	36    	0.555245	3.98175e-05	0.555223	0.555317
125	33    	0.555264	4.69662e-05	0.555223	0.555317
126	32    	0.555296	4.00232e-05	0.555223	0.555342
127	31    	0.555316	1.37432e-05	0.555223	0.555342
128	33    	0.555322	2.58638e-05	0.555317	0.55557 
129	32    	0.555333	4.93941e-05	0.555317	0.55557 
130	31    	0.555369	8.84188e-05	0.555317	0.55557 
131	36    	0.555425	0.000111881	0.555317	0.555592
132	38    	0.555502	0.000234883	0.553362	0.555592
133	43    	0.555575	2.5534e-05 	0.555342	0.555592
134	34    	0.555584	1.06165e-05	0.55557 	0.555592
135	34    	0.555598	7.79724e-05	0.55557 	0.556372
136	35    	0.555607	0.000109267	0.55557 	0.556372
137	31    	0.555607	0.000156541	0.55458 	0.556372
138	33    	0.555653	0.000190396	0.555592	0.556372
139	34    	0.55575 	0.000276054	0.555592	0.556372
140	36    	0.555924	0.000328731	0.555592	0.556372
141	36    	0.556231	0.00025011 	0.555592	0.556422
142	38    	0.556408	0.000162759	0.556372	0.557328
143	36    	0.556501	0.00030038 	0.556372	0.557455
144	33    	0.556606	0.000370902	0.556372	0.557455
145	37    	0.556866	0.000457982	0.556372	0.557747
146	34    	0.557151	0.000391099	0.556422	0.557747
147	41    	0.557431	0.000138252	0.556895	0.557747
148	32    	0.55752 	0.000130936	0.557328	0.557747
149	38    	0.557601	0.000139946	0.557455	0.557747
150	37    	0.557702	9.90674e-05	0.557455	0.557747
151	31    	0.557744	2.90332e-05	0.557455	0.557747
152	26    	0.557747	0          	0.557747	0.557747
153	36    	0.557747	0          	0.557747	0.557747
154	33    	0.557747	0          	0.557747	0.557747
155	41    	0.557748	4.09509e-06	0.557747	0.557768
156	36    	0.557751	8.02862e-06	0.557747	0.557768
157	37    	0.557765	4.04869e-05	0.557747	0.557936
158	37    	0.557788	6.01921e-05	0.557747	0.557936
159	33    	0.557828	8.36549e-05	0.557768	0.55801 
160	33    	0.557891	7.95106e-05	0.557768	0.55801 
161	35    	0.557953	7.6398e-05 	0.557768	0.55822 
162	30    	0.557993	9.85984e-05	0.557936	0.55822 
163	34    	0.558073	0.00025355 	0.555855	0.55822 
164	41    	0.55819 	6.41204e-05	0.557936	0.55822 
165	36    	0.558217	9.86599e-06	0.558187	0.55822 
166	38    	0.558246	0.000146515	0.55822 	0.559079
167	35    	0.558341	0.000318999	0.557459	0.559079
168	38    	0.5585  	0.00039631 	0.55822 	0.559079
169	34    	0.558848	0.000374095	0.55822 	0.559079
170	36    	0.559051	0.000147305	0.55822 	0.559079
171	35    	0.559079	1.11022e-16	0.559079	0.559079
172	31    	0.559079	1.11022e-16	0.559079	0.559079
173	34    	0.559079	1.11022e-16	0.559079	0.559079
174	39    	0.559079	1.11022e-16	0.559079	0.559079
175	35    	0.559079	1.11022e-16	0.559079	0.559079
176	32    	0.559079	1.11022e-16	0.559079	0.559079
177	33    	0.559079	1.11022e-16	0.559079	0.559079
178	38    	0.559079	1.11022e-16	0.559079	0.559079
179	28    	0.559079	1.11022e-16	0.559079	0.559079
180	36    	0.559079	1.11022e-16	0.559079	0.559079
181	38    	0.559079	1.11022e-16	0.559079	0.559079
182	35    	0.559079	1.11022e-16	0.559079	0.559079
183	32    	0.559079	1.11022e-16	0.559079	0.559079
184	33    	0.559079	1.11022e-16	0.559079	0.559079
185	31    	0.559079	1.11022e-16	0.559079	0.559079
186	39    	0.559079	1.11022e-16	0.559079	0.559079
187	35    	0.559085	2.70268e-05	0.559079	0.559203
188	34    	0.559104	4.9603e-05 	0.559079	0.559203
189	29    	0.559137	6.18921e-05	0.559079	0.559203
190	33    	0.559177	5.05093e-05	0.559079	0.559203
191	30    	0.559203	1.09906e-16	0.559203	0.559203
192	35    	0.559203	1.07066e-16	0.559203	0.559203
193	38    	0.559203	2.10064e-16	0.559203	0.559203
194	34    	0.559203	1.95475e-16	0.559203	0.559203
195	42    	0.559203	1.61269e-16	0.559203	0.559203
196	35    	0.559215	5.00303e-05	0.559203	0.559432
197	32    	0.559262	9.86085e-05	0.559203	0.559432
198	37    	0.55933 	0.000112957	0.559203	0.559432
199	37    	0.559398	8.17302e-05	0.559203	0.559432
200	34    	0.559432	0          	0.559432	0.559432
0.83145
0.55943195102
