# INITIALIZATION
Counter({'TP': 13393, 'TN': 3076, 'FN': 1822, 'FP': 1709})
# Initial Accuracy: 0.82345
# Initial MCC: 0.518953419845
# Minimal variation in Mu: -1.89158212109e-05
# Min in Mu: [-2.44411991e-06]
# Min variation in initial S: 8.69582184038e-14
gen	nevals	avg     	std      	min    	max     
0  	100   	0.498943	0.0284208	0.41408	0.533739
1  	36    	0.520483	0.0118765	0.473293	0.533739
2  	35    	0.528876	0.00370959	0.514941	0.533739
3  	36    	0.53187 	0.00204079	0.525602	0.535066
4  	28    	0.533547	0.000982435	0.531179	0.537496
5  	32    	0.534363	0.0011344  	0.533216	0.537496
6  	34    	0.535506	0.00138017 	0.533563	0.537849
7  	42    	0.5368  	0.00151506 	0.533739	0.540789
8  	34    	0.5378  	0.00116353 	0.53508 	0.540789
9  	36    	0.538822	0.00145822 	0.537366	0.540789
10 	31    	0.539909	0.00135402 	0.537496	0.542094
11 	32    	0.540917	0.000570171	0.537775	0.542094
12 	38    	0.541408	0.000595777	0.540789	0.542094
13 	37    	0.541872	0.000429307	0.540789	0.542094
14 	42    	0.542129	0.000200472	0.541747	0.543228
15 	30    	0.542205	0.000312778	0.542094	0.543228
16 	38    	0.542374	0.000448153	0.542094	0.543228
17 	35    	0.542804	0.000488433	0.542094	0.543228
18 	32    	0.543179	0.000265659	0.542166	0.544091
19 	35    	0.54336 	0.00050584 	0.543228	0.546025
20 	28    	0.543546	0.000775575	0.543228	0.546025
21 	37    	0.544019	0.00110072 	0.543228	0.546025
22 	40    	0.545067	0.00113362 	0.543228	0.546417
23 	32    	0.545917	0.000591751	0.543487	0.546417
24 	38    	0.546179	0.000184118	0.546025	0.546487
25 	35    	0.546304	0.000195841	0.546025	0.546763
26 	35    	0.546425	0.000145855	0.546025	0.546763
27 	36    	0.546514	0.000152687	0.546389	0.546919
28 	39    	0.546618	0.000206163	0.546   	0.547266
29 	31    	0.546748	0.000172103	0.546417	0.547266
30 	38    	0.546836	0.000171472	0.546478	0.547266
31 	36    	0.54698 	0.000233202	0.546763	0.547266
32 	38    	0.547172	0.000184289	0.546763	0.547314
33 	36    	0.547264	3.56217e-05	0.546919	0.547314
34 	36    	0.54729 	0.000105334	0.547266	0.547803
35 	34    	0.54732 	0.000152753	0.547266	0.547803
36 	35    	0.547366	0.000184457	0.547266	0.547803
37 	36    	0.547535	0.000226549	0.547266	0.547868
38 	41    	0.547742	0.000153258	0.547266	0.548165
39 	31    	0.547862	0.000180168	0.547685	0.548617
40 	36    	0.547972	0.000259791	0.547685	0.548617
41 	32    	0.548207	0.000317634	0.547803	0.548706
42 	39    	0.548467	0.000247267	0.547868	0.548715
43 	37    	0.548623	0.000146084	0.548165	0.54937 
44 	38    	0.548704	0.000178022	0.548562	0.54937 
45 	37    	0.548896	0.0003072  	0.548617	0.549507
46 	36    	0.549117	0.000278857	0.54866 	0.549507
47 	36    	0.549327	0.000151602	0.548715	0.549507
48 	37    	0.549425	8.06276e-05	0.54937 	0.549946
49 	31    	0.549494	8.94373e-05	0.54937 	0.549946
50 	41    	0.549577	0.00014592 	0.549459	0.550114
51 	34    	0.549694	0.000183179	0.549507	0.550114
52 	32    	0.549843	0.000145835	0.549507	0.550069
53 	35    	0.549949	0.000150848	0.549507	0.550646
54 	39    	0.550014	0.00015462 	0.549786	0.550646
55 	34    	0.550095	0.000234825	0.549946	0.550646
56 	35    	0.55031 	0.000324803	0.549981	0.551172
57 	38    	0.550549	0.000242267	0.549981	0.551172
58 	29    	0.550698	0.0001537  	0.550486	0.551172
59 	37    	0.55084 	0.000239477	0.550646	0.551266
60 	30    	0.551038	0.000218213	0.550646	0.551266
61 	35    	0.551162	0.000114108	0.550646	0.551354
62 	35    	0.551228	5.26226e-05	0.551172	0.551354
63 	31    	0.551269	4.62674e-05	0.551172	0.551354
64 	33    	0.551291	4.0226e-05 	0.551266	0.551354
65 	33    	0.55131 	4.4325e-05 	0.551266	0.551354
66 	30    	0.551358	6.91002e-05	0.551266	0.551727
67 	34    	0.551413	0.000166359	0.551266	0.551965
68 	36    	0.551564	0.000296045	0.550016	0.551965
69 	33    	0.551786	0.000207226	0.551354	0.55223 
70 	32    	0.551947	0.00011082 	0.551709	0.55223 
71 	37    	0.55202 	0.000104639	0.551878	0.55223 
72 	31    	0.552097	0.000122419	0.551965	0.55223 
73 	35    	0.552209	6.26022e-05	0.551965	0.55223 
74 	34    	0.55223 	1.11022e-16	0.55223 	0.55223 
75 	42    	0.55223 	1.11022e-16	0.55223 	0.55223 
76 	29    	0.552236	5.55618e-05	0.55223 	0.552788
77 	28    	0.552258	0.000112517	0.55223 	0.552788
78 	34    	0.552279	0.00013028 	0.55223 	0.552788
79 	44    	0.552397	0.000297144	0.55223 	0.553578
80 	37    	0.552597	0.000410554	0.55223 	0.553578
81 	33    	0.552921	0.000486886	0.55223 	0.553578
82 	35    	0.553318	0.000494879	0.55223 	0.554407
83 	34    	0.553782	0.00039701 	0.552788	0.554407
84 	35    	0.554045	0.00040394 	0.553578	0.554407
85 	37    	0.554267	0.000302622	0.553578	0.554407
86 	34    	0.554391	0.000105012	0.553578	0.554447
87 	31    	0.554422	5.67919e-05	0.554407	0.554695
88 	33    	0.554451	9.53895e-05	0.554407	0.554695
89 	32    	0.554562	0.000167531	0.554407	0.554983
90 	35    	0.55469 	0.000163686	0.554407	0.554983
91 	40    	0.554836	0.000152982	0.554536	0.555093
92 	36    	0.554962	0.000107617	0.554695	0.555228
93 	36    	0.555052	0.000134391	0.554695	0.555797
94 	32    	0.555113	0.000146024	0.554983	0.555797
95 	32    	0.555221	0.000222665	0.554983	0.555836
96 	36    	0.555326	0.000251582	0.555093	0.555991
97 	38    	0.555522	0.000273657	0.555093	0.555991
98 	36    	0.555793	0.000284412	0.555204	0.556731
99 	37    	0.556019	0.000366419	0.555361	0.556731
100	37    	0.556319	0.000422715	0.555797	0.557424
101	34    	0.556639	0.000327121	0.555836	0.557424
102	33    	0.556828	0.000234432	0.556482	0.557424
103	34    	0.557025	0.000322821	0.556731	0.557424
104	31    	0.557319	0.000231978	0.556731	0.557424
105	34    	0.557425	1.43354e-05	0.557424	0.557568
106	41    	0.557428	2.77957e-05	0.557424	0.557595
107	36    	0.557441	5.07454e-05	0.557424	0.557595
108	44    	0.557471	8.0603e-05 	0.557424	0.557734
109	40    	0.557526	9.36887e-05	0.557424	0.557734
110	34    	0.557607	0.00010554 	0.557424	0.558374
111	35    	0.55767 	0.000140195	0.557568	0.558374
112	33    	0.557743	0.000326501	0.557579	0.559824
113	32    	0.557909	0.0005486  	0.557595	0.559824
114	34    	0.558206	0.000806808	0.557722	0.559824
115	37    	0.55874 	0.000951543	0.557734	0.559824
116	35    	0.5594  	0.000752997	0.557734	0.559824
117	35    	0.559787	0.000250814	0.558374	0.560025
118	36    	0.559864	0.000215088	0.559824	0.561929
119	34    	0.559956	0.000410451	0.559824	0.561929
120	36    	0.560106	0.000579594	0.559824	0.561929
121	35    	0.560303	0.000739697	0.559824	0.561929
122	33    	0.560813	0.000941585	0.559824	0.561929
123	35    	0.561453	0.000824128	0.560025	0.561929
124	35    	0.561832	0.000414634	0.560025	0.561929
125	41    	0.561932	3.1358e-05 	0.561929	0.562244
126	38    	0.561948	7.48464e-05	0.561929	0.562244
127	38    	0.561971	0.000105684	0.561929	0.562244
128	36    	0.562013	0.000136805	0.561929	0.562244
129	37    	0.562144	0.000142973	0.561929	0.562244
130	43    	0.562217	8.49161e-05	0.561929	0.562244
131	33    	0.562241	2.92851e-05	0.56195 	0.562244
132	34    	0.562244	0          	0.562244	0.562244
133	35    	0.562244	0          	0.562244	0.562244
134	38    	0.562244	0          	0.562244	0.562244
135	31    	0.562244	0          	0.562244	0.562244
136	32    	0.562246	1.67097e-05	0.562244	0.562412
137	31    	0.562249	2.46629e-05	0.562244	0.562412
138	38    	0.562255	3.23795e-05	0.562244	0.562412
139	37    	0.562276	4.75376e-05	0.562244	0.562412
140	33    	0.562308	4.40046e-05	0.562244	0.562338
141	34    	0.562332	2.40691e-05	0.562244	0.562338
142	38    	0.562338	0          	0.562338	0.562338
143	34    	0.562339	4.3694e-06 	0.562338	0.562361
144	32    	0.562351	6.26456e-05	0.562338	0.562706
145	34    	0.562392	0.000119962	0.562338	0.562706
146	38    	0.562473	0.00016571 	0.562338	0.562706
147	35    	0.562608	0.000150484	0.562338	0.562706
148	37    	0.5627  	5.75267e-05	0.562338	0.562779
149	36    	0.562719	2.8184e-05 	0.562706	0.562779
150	37    	0.562741	3.66727e-05	0.562706	0.562779
151	32    	0.562766	2.75565e-05	0.562706	0.562779
152	35    	0.562777	1.02704e-05	0.562706	0.562779
153	37    	0.562779	2.22045e-16	0.562779	0.562779
154	39    	0.562779	2.22045e-16	0.562779	0.562779
155	35    	0.562779	2.22045e-16	0.562779	0.562779
156	37    	0.562779	2.22045e-16	0.562779	0.562779
157	34    	0.562779	2.22045e-16	0.562779	0.562779
158	38    	0.562779	2.22045e-16	0.562779	0.562779
159	33    	0.562779	2.22045e-16	0.562779	0.562779
160	35    	0.562779	2.22045e-16	0.562779	0.562779
161	35    	0.562779	2.22045e-16	0.562779	0.562779
162	32    	0.562779	2.22045e-16	0.562779	0.562779
163	32    	0.562779	2.22045e-16	0.562779	0.562779
164	37    	0.562779	2.22045e-16	0.562779	0.562779
165	35    	0.562779	2.22045e-16	0.562779	0.562779
166	34    	0.56278 	4.26254e-06	0.562779	0.562801
167	34    	0.562783	8.81956e-06	0.562779	0.562801
168	30    	0.56279 	1.07934e-05	0.562779	0.562801
169	34    	0.562797	7.74657e-06	0.562779	0.562801
170	32    	0.562809	3.66346e-05	0.562779	0.562981
171	40    	0.562828	6.25229e-05	0.562801	0.562981
172	33    	0.562875	8.35226e-05	0.562801	0.562981
173	33    	0.562942	6.56359e-05	0.562801	0.562981
174	34    	0.562977	1.81529e-05	0.562813	0.562981
175	34    	0.562984	2.17624e-05	0.562981	0.563136
176	37    	0.562992	3.9652e-05 	0.562981	0.563136
177	37    	0.562996	4.4429e-05 	0.562981	0.563136
178	34    	0.563008	5.80978e-05	0.562981	0.563136
179	35    	0.563038	7.13902e-05	0.562981	0.563136
180	33    	0.563087	6.76203e-05	0.562981	0.563136
181	34    	0.56313 	4.20091e-05	0.562981	0.563251
182	34    	0.563147	3.28786e-05	0.563136	0.563251
183	38    	0.563161	4.44376e-05	0.563136	0.563251
184	31    	0.563189	5.44741e-05	0.563136	0.563251
185	30    	0.563229	4.28177e-05	0.563136	0.563251
186	36    	0.56319 	0.000589121	0.55733 	0.563251
187	38    	0.563251	2.22045e-16	0.563251	0.563251
188	36    	0.563251	2.22045e-16	0.563251	0.563251
189	37    	0.563243	8.30537e-05	0.562417	0.563263
190	41    	0.563251	1.19247e-06	0.563251	0.563263
191	29    	0.563243	8.64211e-05	0.562383	0.563263
192	37    	0.563252	3.42982e-06	0.563251	0.563263
193	26    	0.563255	5.54287e-06	0.563251	0.563263
194	37    	0.563258	5.91518e-06	0.563251	0.563263
195	36    	0.563263	2.84622e-06	0.563251	0.563263
196	39    	0.563263	0          	0.563263	0.563263
197	35    	0.563263	0          	0.563263	0.563263
198	37    	0.563263	0          	0.563263	0.563263
199	37    	0.563263	0          	0.563263	0.563263
200	32    	0.563263	0          	0.563263	0.563263
0.8315
0.563263334522
