# INITIALIZATION
Counter({'TP': 13393, 'TN': 3076, 'FN': 1822, 'FP': 1709})
# Initial Accuracy: 0.82345
# Initial MCC: 0.518953419845
# Minimal variation in Mu: -1.89158212109e-05
# Min in Mu: [-2.44411991e-06]
# Min variation in initial S: 8.69582184038e-14
gen	nevals	avg     	std      	min    	max     
0  	100   	0.500672	0.0285786	0.40076	0.535523
1  	35    	0.51897 	0.0109372	0.47752	0.535523
2  	34    	0.527804	0.00528544	0.511892	0.535523
3  	33    	0.532349	0.00316774	0.5244  	0.538532
4  	31    	0.53505 	0.00230121	0.52981 	0.540981
5  	33    	0.53678 	0.00175366	0.532746	0.540981
6  	29    	0.538323	0.00144725	0.53458 	0.540981
7  	41    	0.539332	0.00132202	0.536669	0.541007
8  	36    	0.540587	0.000885828	0.537525	0.541929
9  	37    	0.541155	0.000428251	0.540952	0.543372
10 	38    	0.541563	0.000721246	0.540981	0.544634
11 	40    	0.542166	0.000958808	0.540981	0.544634
12 	40    	0.542974	0.00119633 	0.540981	0.544765
13 	31    	0.543983	0.000929082	0.541978	0.544765
14 	40    	0.544549	0.000371425	0.542065	0.544765
15 	34    	0.544661	8.85109e-05	0.544634	0.545374
16 	36    	0.544705	0.000137071	0.544634	0.545374
17 	36    	0.544827	0.000233879	0.544634	0.545525
18 	35    	0.545052	0.000475455	0.544634	0.546978
19 	41    	0.545393	0.000620022	0.544765	0.547133
20 	36    	0.54591 	0.000651947	0.545175	0.547133
21 	37    	0.546508	0.000584987	0.545242	0.547133
22 	32    	0.546967	0.000234446	0.545676	0.547133
23 	35    	0.547056	7.77157e-05	0.546978	0.547133
24 	33    	0.547122	3.96579e-05	0.546978	0.547133
25 	35    	0.547132	1.54652e-05	0.546978	0.547133
26 	31    	0.547133	1.11022e-16	0.547133	0.547133
27 	38    	0.547133	1.11022e-16	0.547133	0.547133
28 	31    	0.547137	3.66589e-05	0.547133	0.547502
29 	34    	0.547137	3.66589e-05	0.547133	0.547502
30 	33    	0.547142	5.16394e-05	0.547133	0.547502
31 	38    	0.547174	0.000106596	0.547133	0.547502
32 	37    	0.547251	0.000152348	0.547133	0.547502
33 	35    	0.547362	0.00014724 	0.547133	0.547588
34 	35    	0.54746 	8.37351e-05	0.547133	0.547588
35 	35    	0.547515	5.23642e-05	0.547397	0.54794 
36 	35    	0.547539	8.94639e-05	0.547502	0.54794 
37 	35    	0.547591	0.000123316	0.547502	0.54794 
38 	39    	0.54769 	0.000168827	0.547502	0.54794 
39 	37    	0.547827	0.000163636	0.547588	0.54794 
40 	34    	0.547922	7.71202e-05	0.547588	0.547966
41 	31    	0.547946	3.77138e-05	0.54794 	0.548313
42 	40    	0.547959	6.40942e-05	0.54794 	0.548313
43 	38    	0.547994	0.000100032	0.54794 	0.548313
44 	34    	0.548061	0.000142097	0.54794 	0.548547
45 	33    	0.548162	0.000153819	0.54794 	0.548547
46 	38    	0.54827 	0.000139688	0.547966	0.548599
47 	36    	0.548387	0.000146299	0.548216	0.548599
48 	34    	0.548481	0.000122962	0.548216	0.549022
49 	32    	0.548579	0.000112816	0.548303	0.549022
50 	40    	0.548684	0.000204264	0.548547	0.549855
51 	35    	0.548871	0.000311592	0.548547	0.549855
52 	35    	0.549186	0.000399179	0.548599	0.550334
53 	34    	0.54951 	0.000385661	0.548854	0.549855
54 	27    	0.549774	0.000219825	0.548854	0.549855
55 	36    	0.549855	2.22045e-16	0.549855	0.549855
56 	35    	0.549855	2.22045e-16	0.549855	0.549855
57 	40    	0.549855	2.22045e-16	0.549855	0.549855
58 	34    	0.549855	2.22045e-16	0.549855	0.549855
59 	31    	0.549857	1.81788e-05	0.549855	0.550038
60 	32    	0.549855	2.22045e-16	0.549855	0.549855
61 	34    	0.549858	1.81182e-05	0.549855	0.549992
62 	36    	0.549869	3.86965e-05	0.549855	0.549992
63 	33    	0.549902	5.99357e-05	0.549855	0.549992
64 	39    	0.54995 	5.75918e-05	0.549855	0.549992
65 	28    	0.549999	6.53197e-05	0.549855	0.550427
66 	38    	0.550012	7.66298e-05	0.549992	0.550427
67 	39    	0.550029	0.000239654	0.547971	0.550427
68 	33    	0.550158	0.000172669	0.549992	0.550427
69 	33    	0.550321	0.000154022	0.549992	0.550711
70 	33    	0.550424	8.03285e-05	0.550079	0.550711
71 	35    	0.550486	0.000115828	0.550427	0.550711
72 	37    	0.550567	0.000141668	0.550427	0.550711
73 	37    	0.550678	9.08634e-05	0.550427	0.550711
74 	34    	0.550711	1.11022e-16	0.550711	0.550711
75 	34    	0.550711	1.11022e-16	0.550711	0.550711
76 	38    	0.550718	4.71308e-05	0.550711	0.551048
77 	30    	0.550735	8.58948e-05	0.550711	0.551048
78 	39    	0.550768	0.000126456	0.550711	0.551048
79 	34    	0.550873	0.000168189	0.550711	0.551048
80 	32    	0.550994	0.000123417	0.550711	0.551048
81 	36    	0.551048	0          	0.551048	0.551048
82 	37    	0.551048	0          	0.551048	0.551048
83 	32    	0.55105 	1.48687e-05	0.551048	0.551135
84 	31    	0.551051	1.70802e-05	0.551048	0.551135
85 	33    	0.551055	2.36464e-05	0.551048	0.551135
86 	33    	0.55107 	3.77422e-05	0.551048	0.551135
87 	36    	0.551103	4.20821e-05	0.551048	0.551135
88 	36    	0.551131	1.70802e-05	0.551048	0.551135
89 	35    	0.551134	8.67249e-06	0.551048	0.551135
90 	26    	0.551135	1.11022e-16	0.551135	0.551135
91 	38    	0.551135	1.11022e-16	0.551135	0.551135
92 	35    	0.551135	1.11022e-16	0.551135	0.551135
93 	30    	0.551135	1.11022e-16	0.551135	0.551135
94 	31    	0.551135	8.4887e-07 	0.551135	0.551141
95 	37    	0.551135	1.32148e-06	0.551135	0.551141
96 	34    	0.551136	1.97036e-06	0.551135	0.551141
97 	36    	0.551137	2.82841e-06	0.551135	0.551141
98 	29    	0.551139	2.6596e-06 	0.551135	0.551141
99 	39    	0.551141	8.4887e-07 	0.551135	0.551141
100	38    	0.551141	1.11022e-16	0.551141	0.551141
101	25    	0.551141	1.11022e-16	0.551141	0.551141
102	34    	0.551141	1.11022e-16	0.551141	0.551141
103	35    	0.551141	1.11022e-16	0.551141	0.551141
104	36    	0.551141	1.11022e-16	0.551141	0.551141
105	34    	0.551141	1.11022e-16	0.551141	0.551141
106	31    	0.551141	1.11022e-16	0.551141	0.551141
107	35    	0.551147	3.17933e-05	0.551141	0.551303
108	37    	0.551162	5.45634e-05	0.551141	0.551303
109	36    	0.551161	0.000436788	0.546895	0.551396
110	40    	0.551277	9.21732e-05	0.551141	0.551396
111	39    	0.551348	5.74177e-05	0.551141	0.55146 
112	37    	0.551384	3.96149e-05	0.551303	0.55146 
113	38    	0.551402	2.13637e-05	0.551303	0.55146 
114	39    	0.551404	7.9284e-05 	0.550662	0.55146 
115	41    	0.551427	3.15317e-05	0.551396	0.55146 
116	36    	0.551441	2.89224e-05	0.551396	0.55146 
117	35    	0.551456	1.37554e-05	0.551396	0.55146 
118	31    	0.55146 	0          	0.55146 	0.55146 
119	35    	0.55146 	0          	0.55146 	0.55146 
120	35    	0.551436	0.000239564	0.549052	0.55146 
121	37    	0.55146 	0          	0.55146 	0.55146 
122	35    	0.551466	3.30063e-05	0.55146 	0.551634
123	37    	0.551473	4.44823e-05	0.55146 	0.551634
124	39    	0.551492	6.52224e-05	0.55146 	0.551634
125	43    	0.551519	0.000113956	0.550707	0.551622
126	36    	0.551568	7.63825e-05	0.55146 	0.551622
127	30    	0.551607	4.6488e-05 	0.55146 	0.551622
128	36    	0.55162 	1.61628e-05	0.55146 	0.551622
129	37    	0.551622	2.22045e-16	0.551622	0.551622
130	36    	0.551622	2.22045e-16	0.551622	0.551622
131	30    	0.551622	2.22045e-16	0.551622	0.551622
132	35    	0.551622	2.22045e-16	0.551622	0.551622
133	30    	0.551622	2.22045e-16	0.551622	0.551622
134	39    	0.551622	2.22045e-16	0.551622	0.551622
135	30    	0.551622	2.22045e-16	0.551622	0.551622
136	30    	0.551622	2.22045e-16	0.551622	0.551622
137	39    	0.551622	2.22045e-16	0.551622	0.551622
138	37    	0.551622	2.22045e-16	0.551622	0.551622
139	39    	0.551622	2.22045e-16	0.551622	0.551622
140	40    	0.551622	2.22045e-16	0.551622	0.551622
141	33    	0.551622	2.22045e-16	0.551622	0.551622
142	35    	0.551622	2.22045e-16	0.551622	0.551622
143	35    	0.551622	2.22045e-16	0.551622	0.551622
144	30    	0.551622	2.22045e-16	0.551622	0.551622
145	33    	0.551622	2.22045e-16	0.551622	0.551622
146	35    	0.551622	2.22045e-16	0.551622	0.551622
147	28    	0.551622	2.22045e-16	0.551622	0.551622
148	32    	0.551622	2.22045e-16	0.551622	0.551622
149	34    	0.551622	2.22045e-16	0.551622	0.551622
150	38    	0.551622	2.22045e-16	0.551622	0.551622
151	37    	0.551629	3.78092e-05	0.551622	0.551844
152	32    	0.551646	6.61191e-05	0.551622	0.551844
153	35    	0.551667	8.56909e-05	0.551622	0.551844
154	38    	0.551742	0.000106154	0.551622	0.551849
155	39    	0.551829	7.55683e-05	0.551622	0.552115
156	38    	0.551845	2.58477e-06	0.551844	0.551849
157	36    	0.551847	2.68367e-06	0.551844	0.551849
158	32    	0.551849	1.56154e-06	0.551844	0.551849
159	30    	0.551849	5.42911e-07	0.551844	0.551849
160	38    	0.551849	1.11022e-16	0.551849	0.551849
161	30    	0.551865	8.82432e-05	0.551849	0.552366
162	35    	0.551885	0.000131985	0.551849	0.552366
163	35    	0.551943	0.00019832 	0.551849	0.552366
164	32    	0.552095	0.000255279	0.551849	0.552366
165	37    	0.552318	0.000155706	0.551849	0.552606
166	32    	0.552369	2.38852e-05	0.552366	0.552606
167	32    	0.552374	4.09503e-05	0.552366	0.552606
168	34    	0.552386	6.51253e-05	0.552366	0.552606
169	32    	0.552426	0.000103947	0.552366	0.552606
170	37    	0.552513	0.000117087	0.552366	0.552606
171	34    	0.552583	7.1301e-05 	0.552366	0.552606
172	31    	0.552602	2.75237e-05	0.552391	0.552606
173	32    	0.552606	0          	0.552606	0.552606
174	35    	0.552606	0          	0.552606	0.552606
175	35    	0.55261 	2.56228e-05	0.552606	0.552789
176	34    	0.552614	3.58645e-05	0.552606	0.552789
177	37    	0.552616	3.98883e-05	0.552606	0.552789
178	28    	0.552634	6.53513e-05	0.552606	0.552789
179	38    	0.552689	9.10514e-05	0.552606	0.552789
180	36    	0.552764	6.35057e-05	0.552606	0.552789
181	34    	0.552789	1.11022e-16	0.552789	0.552789
182	34    	0.552792	1.38469e-05	0.552789	0.552864
183	41    	0.552798	2.48108e-05	0.552789	0.552887
184	36    	0.55282 	4.00323e-05	0.552789	0.552887
185	37    	0.552874	8.48063e-05	0.552789	0.553131
186	36    	0.552915	8.62006e-05	0.552789	0.553131
187	31    	0.55298 	0.00011642 	0.552864	0.553131
188	36    	0.553081	9.63307e-05	0.552887	0.5532  
189	39    	0.553131	0          	0.553131	0.553131
190	35    	0.553132	8.85563e-06	0.553131	0.55322 
191	37    	0.553133	1.24603e-05	0.553131	0.55322 
192	31    	0.553134	1.51827e-05	0.553131	0.55322 
193	39    	0.55314 	2.67007e-05	0.553131	0.55322 
194	38    	0.553152	3.80114e-05	0.553131	0.55322 
195	33    	0.553177	4.44656e-05	0.553131	0.55322 
196	37    	0.553207	3.17802e-05	0.553131	0.55322 
197	37    	0.553219	8.86721e-06	0.553131	0.553224
198	34    	0.553221	9.7396e-06 	0.55322 	0.553289
199	33    	0.553223	1.36199e-05	0.55322 	0.553289
200	29    	0.553228	2.25667e-05	0.55322 	0.553289
0.82245
0.553289436115
