0.82345
0.518953419845
0.82879
0.558974764654


0.0 100.0 0.493739 0.0332913 0.410513 0.538242
1.0 35.0 0.518472 0.0174339 0.431746 0.538242
2.0 32.0 0.528361 0.0045022 0.506585 0.538242
3.0 31.0 0.530925 0.00234042 0.523689 0.538242
4.0 35.0 0.533264 0.0021936 0.52823 0.538242
5.0 31.0 0.535037 0.00196125 0.531455 0.538327
6.0 42.0 0.536462 0.00143588 0.532615 0.538826
7.0 40.0 0.537266 0.000619323 0.534292 0.538803
8.0 30.0 0.537675 0.000459081 0.537133 0.5395
9.0 31.0 0.538261 0.000739851 0.537136 0.539795
10.0 40.0 0.538946 0.000715344 0.537497 0.540187
11.0 28.0 0.539446 0.000505371 0.537896 0.540187
12.0 34.0 0.539839 0.000528547 0.538327 0.542055
13.0 39.0 0.540144 0.000738749 0.538738 0.542149
14.0 35.0 0.540724 0.000916186 0.539795 0.542149
15.0 30.0 0.541403 0.00083537 0.539795 0.542149
16.0 37.0 0.542003 0.000432025 0.540155 0.543088
17.0 32.0 0.542273 0.000338456 0.541035 0.543088
18.0 38.0 0.542549 0.00047626 0.542149 0.543823
19.0 35.0 0.543042 0.000435823 0.542149 0.543823
20.0 38.0 0.543305 0.000355797 0.542275 0.544209
21.0 38.0 0.54354 0.000323671 0.543088 0.544268
22.0 33.0 0.543778 0.000178239 0.543088 0.544325
23.0 34.0 0.543878 0.00016675 0.543731 0.544506
24.0 36.0 0.544022 0.00027806 0.543731 0.544952
25.0 35.0 0.544295 0.000351165 0.543823 0.545074
26.0 32.0 0.544567 0.000314814 0.543839 0.545257
27.0 39.0 0.544871 0.000288754 0.544255 0.54566
28.0 37.0 0.545092 0.000350971 0.544333 0.546472
29.0 34.0 0.545395 0.000519294 0.544952 0.546552
30.0 37.0 0.545833 0.000521368 0.544952 0.546552
31.0 32.0 0.546212 0.000399867 0.545257 0.546552
32.0 38.0 0.546495 0.000150572 0.54566 0.546786
33.0 39.0 0.546591 0.00016171 0.546472 0.5475
34.0 44.0 0.546773 0.00035032 0.546472 0.547605
35.0 32.0 0.547103 0.000431141 0.546552 0.547873
36.0 36.0 0.547395 0.000345967 0.546552 0.547873
37.0 39.0 0.547607 0.000198779 0.546786 0.548058
38.0 38.0 0.547745 0.000150096 0.547113 0.548058
39.0 40.0 0.547872 9.43597e-05 0.547605 0.548058
40.0 36.0 0.547937 8.2483e-05 0.547873 0.548058
41.0 31.0 0.547993 8.03889e-05 0.547873 0.548058
42.0 36.0 0.548046 3.60391e-05 0.547873 0.54806
43.0 32.0 0.548089 0.000139506 0.548041 0.548725
44.0 35.0 0.548192 0.000257931 0.548058 0.548725
45.0 38.0 0.548373 0.000311627 0.548058 0.548737
46.0 32.0 0.548644 0.000219888 0.548058 0.549254
47.0 40.0 0.548763 0.000145036 0.548058 0.549254
48.0 35.0 0.548853 0.000183001 0.548725 0.549388
49.0 37.0 0.54903 0.000219054 0.548725 0.549388
50.0 41.0 0.549214 0.000165837 0.548725 0.549763
51.0 27.0 0.5493 8.77182e-05 0.549254 0.549763
52.0 33.0 0.549353 0.000132019 0.549254 0.549763
53.0 36.0 0.549451 0.000149656 0.549254 0.549763
54.0 33.0 0.549595 0.00022307 0.549263 0.550418
55.0 39.0 0.549776 0.000327107 0.549371 0.551278
56.0 38.0 0.54995 0.000283516 0.549388 0.550418
57.0 36.0 0.550192 0.000295254 0.549763 0.551032
58.0 34.0 0.550382 0.000193979 0.549763 0.551032
59.0 38.0 0.550526 0.000222687 0.550146 0.551032
60.0 37.0 0.550621 0.000255194 0.550418 0.55112
61.0 29.0 0.550767 0.000259478 0.550418 0.55112
62.0 33.0 0.550969 0.000161396 0.550443 0.55112
63.0 40.0 0.551038 2.06479e-05 0.551032 0.55112
64.0 38.0 0.551045 3.11382e-05 0.551032 0.55112
65.0 37.0 0.55106 3.95897e-05 0.551032 0.55112
66.0 37.0 0.551098 6.19094e-05 0.551032 0.551537
67.0 34.0 0.551141 9.4057e-05 0.551032 0.551537
68.0 28.0 0.551205 0.000143832 0.55112 0.551537
69.0 32.0 0.551313 0.00017598 0.55112 0.55163
70.0 32.0 0.551474 0.000127393 0.55112 0.55163
71.0 34.0 0.551551 0.000105963 0.55112 0.551913
72.0 30.0 0.551613 0.000113882 0.551231 0.551913
73.0 33.0 0.551692 0.000127847 0.551537 0.552021
74.0 31.0 0.551782 0.00013341 0.551625 0.552021
75.0 36.0 0.551891 0.000125763 0.55163 0.552421
76.0 38.0 0.551951 8.94374e-05 0.551771 0.552421
77.0 33.0 0.551967 0.000156273 0.550577 0.552261
78.0 38.0 0.552097 0.000263654 0.551913 0.553284
79.0 34.0 0.552146 0.000245673 0.551913 0.553284
80.0 29.0 0.552213 0.000243455 0.552021 0.553284
81.0 38.0 0.552362 0.000333505 0.55163 0.553284
82.0 43.0 0.552639 0.000418531 0.552051 0.553503
83.0 34.0 0.55304 0.000375341 0.552261 0.553634
84.0 32.0 0.553285 0.000229077 0.552261 0.553634
85.0 30.0 0.553442 0.000138766 0.552973 0.553737
86.0 28.0 0.55355 0.000117945 0.553362 0.553737
87.0 39.0 0.553652 7.76391e-05 0.553503 0.553808
88.0 42.0 0.553758 0.000176405 0.553503 0.554491
89.0 34.0 0.553865 0.000258087 0.553712 0.554491
90.0 43.0 0.554044 0.000324518 0.553737 0.554491
91.0 34.0 0.554338 0.000321416 0.553737 0.555211
92.0 34.0 0.554596 0.000288275 0.553924 0.555574
93.0 35.0 0.55478 0.000336715 0.554491 0.555574
94.0 39.0 0.555046 0.000391588 0.554491 0.556157
95.0 32.0 0.555336 0.000323842 0.554545 0.556157
96.0 36.0 0.555598 0.000268991 0.555096 0.556157
97.0 36.0 0.555842 0.000234903 0.555179 0.556157
98.0 36.0 0.556053 0.00015419 0.555574 0.556272
99.0 29.0 0.556151 6.37389e-05 0.555926 0.556272
100.0 31.0 0.556182 4.79885e-05 0.556157 0.556272
101.0 38.0 0.556222 5.77594e-05 0.556157 0.556285
102.0 30.0 0.556259 3.96405e-05 0.556157 0.556285
103.0 36.0 0.556276 5.70422e-06 0.556272 0.556285
104.0 35.0 0.556281 5.99353e-06 0.556272 0.556285
105.0 35.0 0.556285 3.05136e-06 0.556272 0.556285
106.0 35.0 0.556285 0.0 0.556285 0.556285
107.0 32.0 0.556285 0.0 0.556285 0.556285
108.0 37.0 0.556285 0.0 0.556285 0.556285
109.0 40.0 0.556285 0.0 0.556285 0.556285
110.0 28.0 0.556285 0.0 0.556285 0.556285
111.0 36.0 0.556285 0.0 0.556285 0.556285
112.0 34.0 0.556289 4.14209e-05 0.556285 0.556702
113.0 31.0 0.556289 4.14209e-05 0.556285 0.556702
114.0 34.0 0.556285 0.0 0.556285 0.556285
115.0 35.0 0.556285 0.0 0.556285 0.556285
116.0 40.0 0.55629 4.38672e-05 0.556285 0.556726
117.0 29.0 0.556298 7.44143e-05 0.556285 0.556726
118.0 33.0 0.55631 9.37583e-05 0.556285 0.556726
119.0 37.0 0.556368 0.000174129 0.556285 0.556933
120.0 30.0 0.556428 0.00020187 0.556285 0.55688
121.0 31.0 0.556551 0.00021597 0.556285 0.55688
122.0 38.0 0.556712 0.000141985 0.556285 0.556933
123.0 33.0 0.556802 8.54725e-05 0.556544 0.556933
124.0 37.0 0.556877 8.7982e-05 0.556712 0.557321
125.0 42.0 0.556935 0.000103576 0.55688 0.557321
126.0 29.0 0.55701 0.00016249 0.55688 0.557321
127.0 29.0 0.55714 0.000181045 0.556933 0.557372
128.0 36.0 0.557278 0.000114143 0.556933 0.557372
129.0 33.0 0.557333 6.85124e-05 0.556933 0.557514
130.0 33.0 0.557355 3.3534e-05 0.557321 0.557514
131.0 35.0 0.557373 3.18762e-05 0.557321 0.557514
132.0 38.0 0.55738 3.14198e-05 0.557372 0.557514
133.0 30.0 0.557406 5.7188e-05 0.557372 0.557514
134.0 30.0 0.557441 6.31736e-05 0.557372 0.557514
135.0 36.0 0.557498 4.31587e-05 0.557372 0.557604
136.0 35.0 0.557518 2.12268e-05 0.557462 0.557604
137.0 35.0 0.557528 3.22749e-05 0.557514 0.557604
138.0 31.0 0.557554 6.04029e-05 0.557514 0.557966
139.0 39.0 0.557585 6.8015e-05 0.557514 0.557966
140.0 35.0 0.557624 8.91169e-05 0.557514 0.557966
141.0 37.0 0.557686 0.000179255 0.557604 0.558354
142.0 34.0 0.557761 0.00024443 0.557604 0.558354
143.0 39.0 0.557952 0.000306542 0.557604 0.55864
144.0 37.0 0.558203 0.000251799 0.557604 0.55864
145.0 35.0 0.558416 0.000169159 0.55789 0.55864
146.0 32.0 0.55854 0.000136075 0.558354 0.55864
147.0 33.0 0.558625 6.21778e-05 0.558354 0.55864
148.0 37.0 0.55864 0.0 0.55864 0.55864
149.0 33.0 0.55865 7.12326e-05 0.55864 0.559149
150.0 38.0 0.55865 5.89105e-05 0.55864 0.559149
151.0 35.0 0.558686 0.000117708 0.55864 0.559149
152.0 36.0 0.558765 0.000187872 0.55864 0.559259
153.0 35.0 0.558915 0.00021561 0.55864 0.559259
154.0 35.0 0.55909 0.000233104 0.55864 0.560057
155.0 33.0 0.559286 0.00027315 0.558858 0.56015
156.0 33.0 0.559452 0.00036243 0.558862 0.56015
157.0 38.0 0.559713 0.00044635 0.559259 0.560637
158.0 38.0 0.560066 0.000321995 0.559259 0.560637
159.0 37.0 0.560241 0.000195324 0.559639 0.560637
160.0 30.0 0.560346 0.000225566 0.56015 0.560637
161.0 39.0 0.560513 0.000187803 0.56015 0.560637
162.0 28.0 0.560629 2.84423e-05 0.560557 0.56071
163.0 36.0 0.560639 1.48554e-05 0.560557 0.56071
164.0 31.0 0.560644 2.21782e-05 0.560637 0.560745
165.0 40.0 0.560659 5.39412e-05 0.560637 0.560973
166.0 31.0 0.560689 7.07015e-05 0.560637 0.560973
167.0 33.0 0.560746 0.00013245 0.560637 0.56171
168.0 39.0 0.560786 0.000135027 0.560637 0.56171
169.0 38.0 0.560904 0.000260166 0.56071 0.56171
170.0 37.0 0.561099 0.000344535 0.560745 0.56171
171.0 31.0 0.56126 0.000359974 0.56093 0.56171
172.0 32.0 0.56157 0.000288928 0.560973 0.56171
173.0 37.0 0.56171 1.11022e-16 0.56171 0.56171
174.0 37.0 0.56171 1.11022e-16 0.56171 0.56171
175.0 34.0 0.56171 1.11022e-16 0.56171 0.56171
176.0 35.0 0.56171 1.11022e-16 0.56171 0.56171
177.0 38.0 0.56171 1.11022e-16 0.56171 0.56171
178.0 33.0 0.56171 1.11022e-16 0.56171 0.56171
179.0 31.0 0.56171 1.11022e-16 0.56171 0.56171
180.0 32.0 0.56171 1.11022e-16 0.56171 0.56171
181.0 39.0 0.56171 1.11022e-16 0.56171 0.56171
182.0 30.0 0.56171 1.11022e-16 0.56171 0.56171
183.0 31.0 0.561712 2.0806e-05 0.56171 0.561919
184.0 32.0 0.561718 4.09766e-05 0.56171 0.561919
185.0 32.0 0.561732 6.30941e-05 0.56171 0.561919
186.0 33.0 0.561767 8.86603e-05 0.56171 0.561919
187.0 35.0 0.561849 9.42405e-05 0.56171 0.562011
188.0 32.0 0.561902 6.13401e-05 0.56171 0.562011
189.0 36.0 0.561922 1.81168e-05 0.561919 0.562011
190.0 40.0 0.561926 2.50816e-05 0.561919 0.562011
191.0 35.0 0.561942 4.94591e-05 0.561919 0.562255
192.0 38.0 0.561967 6.13702e-05 0.561919 0.562255
193.0 27.0 0.562017 8.21137e-05 0.561919 0.562255
194.0 36.0 0.562057 9.63361e-05 0.561919 0.562255
195.0 39.0 0.562116 0.000120455 0.562011 0.562255
196.0 33.0 0.562196 0.000103912 0.562011 0.562255
197.0 40.0 0.562252 2.42087e-05 0.562011 0.562255
198.0 29.0 0.562255 1.11022e-16 0.562255 0.562255
199.0 36.0 0.562255 1.11022e-16 0.562255 0.562255
200.0 33.0 0.562255 1.11022e-16 0.562255 0.562255
