# INITIALIZATION
Counter({'TP': 77, 'FP': 72, 'TN': 63, 'FN': 31})
# Initial Accuracy: 0.576131687243
# Initial MCC: 0.183273500723
# Minimal variation in Mu: -0.12253588544
# Min in Mu: [-0.05541708]
# Min variation in initial S: 6.53119483148e-05
gen	nevals	avg     	std      	min      	max     
0  	100   	0.170536	0.0314547	0.0760285	0.279246
1  	29    	0.201274	0.0286644	0.152361 	0.279246
2  	37    	0.223811	0.0309457	0.178263 	0.279246
3  	33    	0.247559	0.0304202	0.191404 	0.310219
4  	36    	0.269887	0.0202774	0.214922 	0.310219
5  	33    	0.281233	0.00916815	0.236814 	0.310219
6  	33    	0.287116	0.00859856	0.279008 	0.310248
7  	37    	0.295598	0.0110499 	0.278992 	0.312213
8  	37    	0.304336	0.00873563	0.283835 	0.312213
9  	34    	0.310793	0.00384584	0.293478 	0.321833
10 	38    	0.314226	0.00421893	0.310219 	0.321833
11 	33    	0.316688	0.00466707	0.312213 	0.321833
12 	31    	0.320622	0.00326073	0.312213 	0.331181
13 	31    	0.322389	0.00222148	0.321706 	0.331181
14 	35    	0.322768	0.00280433	0.321833 	0.331181
15 	36    	0.323423	0.00351162	0.321833 	0.331191
16 	41    	0.325457	0.00450151	0.321833 	0.331331
17 	34    	0.327986	0.00415116	0.321822 	0.331331
18 	36    	0.330439	0.00226923	0.321833 	0.331331
19 	39    	0.331204	4.46115e-05	0.331181 	0.331331
20 	34    	0.331521	0.00193016 	0.331181 	0.345026
21 	39    	0.331964	0.00299714 	0.331191 	0.345026
22 	38    	0.333238	0.00477256 	0.331213 	0.345309
23 	29    	0.335604	0.00637952 	0.33123  	0.34539 
24 	34    	0.339636	0.00671875 	0.331331 	0.345436
25 	33    	0.344158	0.00378583 	0.331331 	0.345529
26 	36    	0.345126	0.0017039  	0.331331 	0.345501
27 	37    	0.345426	4.56956e-05	0.345248 	0.345501
28 	34    	0.345933	0.00176649 	0.34539  	0.352371
29 	37    	0.346928	0.00282418 	0.345436 	0.352591
30 	31    	0.349516	0.00342483 	0.345436 	0.352591
31 	33    	0.35157 	0.00234863 	0.345442 	0.352591
32 	40    	0.352538	6.55567e-05	0.352371 	0.352591
33 	40    	0.352583	1.77645e-05	0.352525 	0.352622
34 	28    	0.352591	4.36256e-06	0.352578 	0.352622
35 	34    	0.352592	4.25975e-06	0.352591 	0.352622
36 	41    	0.352593	6.63137e-06	0.352591 	0.352622
37 	35    	0.352595	9.88754e-06	0.352591 	0.352622
38 	37    	0.3526  	1.51037e-05	0.352591 	0.352645
39 	32    	0.352608	1.96314e-05	0.352591 	0.35265 
40 	33    	0.352621	1.72139e-05	0.352591 	0.352653
41 	33    	0.352637	1.23237e-05	0.352591 	0.352657
42 	29    	0.352647	9.50914e-06	0.352622 	0.352662
43 	36    	0.352555	0.000979461	0.342809 	0.352662
44 	37    	0.352658	3.57719e-06	0.35265  	0.352662
45 	31    	0.352661	1.86725e-06	0.352656 	0.352663
46 	41    	0.352662	9.51088e-07	0.352657 	0.352663
47 	36    	0.352663	4.003e-07  	0.352662 	0.352663
48 	34    	0.352663	2.77853e-07	0.352662 	0.352663
49 	32    	0.352663	1.36599e-07	0.352662 	0.352663
50 	28    	0.352663	5.55112e-17	0.352663 	0.352663
51 	36    	0.352663	5.55112e-17	0.352663 	0.352663
52 	36    	0.352663	5.55112e-17	0.352663 	0.352663
53 	37    	0.352937	0.00155586 	0.352663 	0.361784
54 	38    	0.353033	0.00181218 	0.352663 	0.361953
55 	37    	0.35368 	0.00289389 	0.352663 	0.36198 
56 	31    	0.355805	0.00438015 	0.352575 	0.362032
57 	31    	0.359433	0.00411772 	0.352663 	0.362153
58 	36    	0.361706	0.00159289 	0.352663 	0.362157
59 	32    	0.362066	7.04822e-05	0.361953 	0.362157
60 	36    	0.362131	0.000227408	0.36198  	0.364343
61 	36    	0.362387	0.000762526	0.36206  	0.366667
62 	38    	0.362932	0.00115202 	0.362113 	0.366667
63 	32    	0.363808	0.00125327 	0.362145 	0.366667
64 	35    	0.364624	0.00117394 	0.362157 	0.366667
65 	38    	0.365636	0.00225474 	0.354891 	0.376121
66 	32    	0.366864	0.00215048 	0.364424 	0.376121
67 	41    	0.367913	0.00271169 	0.366667 	0.376121
68 	34    	0.369281	0.00345733 	0.366667 	0.376121
69 	36    	0.372358	0.00397498 	0.366667 	0.376122
70 	37    	0.374778	0.00288181 	0.366667 	0.376124
71 	37    	0.376121	1.02196e-06	0.376115 	0.376124
72 	36    	0.376122	1.13639e-06	0.376121 	0.376124
73 	36    	0.376122	1.46997e-06	0.376121 	0.376129
74 	35    	0.376123	1.4443e-06 	0.376121 	0.376129
75 	31    	0.376125	1.83816e-06	0.376122 	0.376129
76 	32    	0.376126	2.31722e-06	0.376122 	0.376131
77 	37    	0.376127	2.44897e-06	0.376124 	0.376131
78 	33    	0.376129	1.2733e-06 	0.376124 	0.376131
79 	22    	0.37613 	5.09539e-07	0.376129 	0.376131
80 	35    	0.37613 	7.35456e-07	0.376129 	0.376131
81 	31    	0.37613 	8.47702e-07	0.376129 	0.376131
82 	33    	0.376131	5.71199e-07	0.376129 	0.376131
83 	32    	0.376131	5.55112e-17	0.376131 	0.376131
84 	33    	0.376131	5.55112e-17	0.376131 	0.376131
85 	40    	0.376131	5.55112e-17	0.376131 	0.376131
86 	38    	0.376131	5.55112e-17	0.376131 	0.376131
87 	32    	0.376131	5.55112e-17	0.376131 	0.376131
88 	35    	0.376131	5.55112e-17	0.376131 	0.376131
89 	34    	0.376131	5.55112e-17	0.376131 	0.376131
90 	36    	0.376131	5.55112e-17	0.376131 	0.376131
91 	39    	0.376131	5.55112e-17	0.376131 	0.376131
92 	30    	0.376131	5.55112e-17	0.376131 	0.376131
93 	35    	0.376131	5.55112e-17	0.376131 	0.376131
94 	38    	0.376131	5.55112e-17	0.376131 	0.376131
95 	36    	0.376131	5.55112e-17	0.376131 	0.376131
96 	34    	0.376131	5.55112e-17	0.376131 	0.376131
97 	35    	0.376131	5.55112e-17	0.376131 	0.376131
98 	30    	0.376131	5.55112e-17	0.376131 	0.376131
99 	31    	0.376131	5.55112e-17	0.376131 	0.376131
100	37    	0.376131	5.55112e-17	0.376131 	0.376131
101	30    	0.376131	5.55112e-17	0.376131 	0.376131
102	39    	0.376131	5.55112e-17	0.376131 	0.376131
103	31    	0.376131	5.55112e-17	0.376131 	0.376131
104	29    	0.376131	5.55112e-17	0.376131 	0.376131
105	28    	0.376131	5.55112e-17	0.376131 	0.376131
106	33    	0.376131	5.55112e-17	0.376131 	0.376131
107	31    	0.376131	5.55112e-17	0.376131 	0.376131
108	36    	0.376131	5.55112e-17	0.376131 	0.376131
109	36    	0.376131	5.55112e-17	0.376131 	0.376131
110	35    	0.376131	5.55112e-17	0.376131 	0.376131
111	32    	0.376131	5.55112e-17	0.376131 	0.376131
112	39    	0.376131	5.55112e-17	0.376131 	0.376131
113	37    	0.376131	5.55112e-17	0.376131 	0.376131
114	32    	0.376131	5.55112e-17	0.376131 	0.376131
115	36    	0.376131	5.55112e-17	0.376131 	0.376131
116	32    	0.376131	5.55112e-17	0.376131 	0.376131
117	42    	0.376131	5.55112e-17	0.376131 	0.376131
118	36    	0.376131	5.55112e-17	0.376131 	0.376131
119	38    	0.376131	5.55112e-17	0.376131 	0.376131
120	32    	0.376131	5.55112e-17	0.376131 	0.376131
121	33    	0.376131	5.55112e-17	0.376131 	0.376131
122	31    	0.376131	5.55112e-17	0.376131 	0.376131
123	37    	0.376131	5.55112e-17	0.376131 	0.376131
124	32    	0.375941	0.0018929  	0.357107 	0.376131
125	35    	0.376131	5.55112e-17	0.376131 	0.376131
126	34    	0.376131	5.55112e-17	0.376131 	0.376131
127	33    	0.376131	5.55112e-17	0.376131 	0.376131
128	32    	0.376131	5.55112e-17	0.376131 	0.376131
129	40    	0.376131	5.55112e-17	0.376131 	0.376131
130	36    	0.376131	5.55112e-17	0.376131 	0.376131
131	36    	0.376131	5.55112e-17	0.376131 	0.376131
132	31    	0.376131	5.55112e-17	0.376131 	0.376131
133	36    	0.376131	5.55112e-17	0.376131 	0.376131
134	38    	0.376131	5.55112e-17	0.376131 	0.376131
135	39    	0.376131	5.55112e-17	0.376131 	0.376131
136	35    	0.376131	5.55112e-17	0.376131 	0.376131
137	36    	0.376131	5.55112e-17	0.376131 	0.376131
138	39    	0.376131	5.55112e-17	0.376131 	0.376131
139	34    	0.376131	5.55112e-17	0.376131 	0.376131
140	26    	0.376131	5.55112e-17	0.376131 	0.376131
141	35    	0.376131	5.55112e-17	0.376131 	0.376131
142	34    	0.376131	5.55112e-17	0.376131 	0.376131
143	41    	0.376131	5.55112e-17	0.376131 	0.376131
144	36    	0.376131	5.55112e-17	0.376131 	0.376131
145	36    	0.376131	5.55112e-17	0.376131 	0.376131
146	37    	0.376131	5.55112e-17	0.376131 	0.376131
147	30    	0.376131	5.55112e-17	0.376131 	0.376131
148	31    	0.376131	5.55112e-17	0.376131 	0.376131
149	35    	0.376131	5.55112e-17	0.376131 	0.376131
150	34    	0.376131	5.55112e-17	0.376131 	0.376131
151	29    	0.376131	5.55112e-17	0.376131 	0.376131
152	32    	0.376131	5.55112e-17	0.376131 	0.376131
153	37    	0.376131	5.55112e-17	0.376131 	0.376131
154	36    	0.376131	5.55112e-17	0.376131 	0.376131
155	34    	0.376131	5.55112e-17	0.376131 	0.376131
156	40    	0.376131	5.55112e-17	0.376131 	0.376131
157	40    	0.376131	5.55112e-17	0.376131 	0.376131
158	38    	0.376131	5.55112e-17	0.376131 	0.376131
159	37    	0.376131	5.55112e-17	0.376131 	0.376131
160	37    	0.376131	5.55112e-17	0.376131 	0.376131
161	39    	0.376131	5.55112e-17	0.376131 	0.376131
162	37    	0.376131	5.55112e-17	0.376131 	0.376131
163	33    	0.376131	5.55112e-17	0.376131 	0.376131
164	34    	0.376131	5.55112e-17	0.376131 	0.376131
165	32    	0.376131	5.55112e-17	0.376131 	0.376131
166	32    	0.376131	5.55112e-17	0.376131 	0.376131
167	35    	0.376131	5.55112e-17	0.376131 	0.376131
168	33    	0.376131	5.55112e-17	0.376131 	0.376131
169	39    	0.376131	5.55112e-17	0.376131 	0.376131
170	27    	0.376131	5.55112e-17	0.376131 	0.376131
171	37    	0.376131	5.55112e-17	0.376131 	0.376131
172	32    	0.37613 	6.87744e-06	0.376062 	0.376131
173	34    	0.376131	5.55112e-17	0.376131 	0.376131
174	31    	0.376131	5.55112e-17	0.376131 	0.376131
175	36    	0.376131	5.55112e-17	0.376131 	0.376131
176	37    	0.376131	5.55112e-17	0.376131 	0.376131
177	31    	0.376131	5.55112e-17	0.376131 	0.376131
178	29    	0.376131	5.55112e-17	0.376131 	0.376131
179	29    	0.376131	5.55112e-17	0.376131 	0.376131
180	37    	0.376131	5.55112e-17	0.376131 	0.376131
181	37    	0.376131	5.55112e-17	0.376131 	0.376131
182	33    	0.376131	5.55112e-17	0.376131 	0.376131
183	29    	0.376131	5.55112e-17	0.376131 	0.376131
184	34    	0.376131	5.55112e-17	0.376131 	0.376131
185	34    	0.376131	5.55112e-17	0.376131 	0.376131
186	43    	0.376131	5.55112e-17	0.376131 	0.376131
187	41    	0.376131	5.55112e-17	0.376131 	0.376131
188	37    	0.376131	5.55112e-17	0.376131 	0.376131
189	32    	0.376131	5.55112e-17	0.376131 	0.376131
190	34    	0.376131	5.55112e-17	0.376131 	0.376131
191	35    	0.376131	5.55112e-17	0.376131 	0.376131
192	33    	0.376131	5.55112e-17	0.376131 	0.376131
193	36    	0.376131	5.55112e-17	0.376131 	0.376131
194	37    	0.376131	5.55112e-17	0.376131 	0.376131
195	36    	0.376131	5.55112e-17	0.376131 	0.376131
196	34    	0.376131	5.55112e-17	0.376131 	0.376131
197	40    	0.376131	5.55112e-17	0.376131 	0.376131
198	37    	0.376131	5.55112e-17	0.376131 	0.376131
199	35    	0.376131	5.55112e-17	0.376131 	0.376131
200	36    	0.376131	5.55112e-17	0.376131 	0.376131
0.683127572016
0.378437534191
