0.969793322734
0.935972275027
0.984578696343
0.967155033607



0.0 100.0 0.915698 0.0114644 0.888649 0.940595
1.0 31.0 0.924537 0.00781596 0.909566 0.940595
2.0 36.0 0.931944 0.0055712 0.909778 0.940595
3.0 32.0 0.937239 0.00442705 0.926978 0.948284
4.0 34.0 0.940867 0.00424313 0.933641 0.954314
5.0 36.0 0.944055 0.00510114 0.934089 0.958122
6.0 39.0 0.948227 0.00526748 0.935802 0.958122
7.0 37.0 0.952052 0.00489455 0.94089 0.958122
8.0 32.0 0.955601 0.00369607 0.948233 0.958122
9.0 34.0 0.957681 0.001189 0.954314 0.958122
10.0 35.0 0.958155 0.000319987 0.958122 0.961339
11.0 31.0 0.958413 0.000920166 0.958122 0.961339
12.0 44.0 0.958641 0.00118572 0.958122 0.96164
13.0 40.0 0.959485 0.00159859 0.958122 0.96164
14.0 36.0 0.960436 0.00147641 0.958122 0.96164
15.0 36.0 0.961267 0.000729336 0.958129 0.96164
16.0 33.0 0.96156 0.000122424 0.961339 0.96164
17.0 29.0 0.961621 6.21454e-05 0.961339 0.96164
18.0 33.0 0.961672 0.000323377 0.961628 0.96489
19.0 38.0 0.961836 0.000771559 0.961629 0.96489
20.0 37.0 0.962292 0.00129912 0.96164 0.96489
21.0 36.0 0.963399 0.00161529 0.96164 0.964908
22.0 38.0 0.9646 0.000925547 0.96164 0.964908
23.0 37.0 0.964894 5.35148e-06 0.96489 0.964908
24.0 35.0 0.964899 4.86239e-06 0.96489 0.964908
25.0 35.0 0.964903 4.24273e-06 0.96489 0.964916
26.0 35.0 0.964906 4.11389e-06 0.964901 0.964916
27.0 37.0 0.964911 1.80409e-05 0.964901 0.965
28.0 39.0 0.964919 2.29321e-05 0.964902 0.965
29.0 33.0 0.964932 3.12772e-05 0.964908 0.965
30.0 37.0 0.964958 3.68804e-05 0.964908 0.965
31.0 38.0 0.964988 2.53856e-05 0.96491 0.965001
32.0 36.0 0.964998 9.96844e-06 0.964916 0.965001
33.0 32.0 0.965 3.66602e-07 0.964997 0.965001
34.0 39.0 0.965 2.04466e-07 0.965 0.965001
35.0 34.0 0.965 2.89819e-07 0.965 0.965001
36.0 36.0 0.965001 2.21346e-07 0.965 0.965001
37.0 39.0 0.965001 8.24967e-08 0.965 0.965001
38.0 34.0 0.965001 5.86309e-08 0.965 0.965001
39.0 31.0 0.965001 1.11022e-16 0.965001 0.965001
40.0 33.0 0.965001 1.88062e-06 0.965001 0.96501
41.0 34.0 0.965002 3.0028e-06 0.965001 0.96501
42.0 37.0 0.965003 4.28839e-06 0.965 0.965011
43.0 37.0 0.965007 4.59346e-06 0.965001 0.965011
44.0 36.0 0.96501 1.68802e-06 0.965001 0.965011
45.0 35.0 0.965011 3.30846e-07 0.96501 0.965011
46.0 38.0 0.965011 2.98642e-07 0.96501 0.965011
47.0 37.0 0.965011 1.1475e-07 0.96501 0.965011
48.0 36.0 0.965011 3.33067e-16 0.965011 0.965011
49.0 33.0 0.965011 3.33067e-16 0.965011 0.965011
50.0 34.0 0.965011 3.33067e-16 0.965011 0.965011
51.0 36.0 0.965011 3.33067e-16 0.965011 0.965011
52.0 36.0 0.965011 3.33067e-16 0.965011 0.965011
53.0 41.0 0.965011 3.33067e-16 0.965011 0.965011
54.0 28.0 0.965011 3.33067e-16 0.965011 0.965011
55.0 34.0 0.965045 0.000341995 0.965011 0.968448
56.0 33.0 0.965045 0.000341995 0.965011 0.968448
57.0 33.0 0.965217 0.000816284 0.965011 0.968448
58.0 33.0 0.965527 0.00122731 0.965011 0.968448
59.0 38.0 0.966523 0.00170616 0.965011 0.968448
60.0 36.0 0.967658 0.00144644 0.965011 0.968448
61.0 40.0 0.968379 0.000481176 0.965011 0.968448
62.0 34.0 0.968448 2.55893e-06 0.968448 0.968474
63.0 32.0 0.968449 4.38719e-06 0.968448 0.968474
64.0 31.0 0.968451 7.78953e-06 0.968448 0.968474
65.0 31.0 0.968455 1.09519e-05 0.968448 0.968474
66.0 38.0 0.968461 1.17714e-05 0.968448 0.968474
67.0 30.0 0.96847 8.14274e-06 0.968448 0.968474
68.0 36.0 0.968474 5.64127e-06 0.968448 0.968499
69.0 37.0 0.968476 7.20013e-06 0.968474 0.968499
70.0 35.0 0.968482 1.1636e-05 0.968474 0.968499
71.0 33.0 0.968491 1.17362e-05 0.968474 0.968499
72.0 37.0 0.968497 5.975e-06 0.968474 0.968499
73.0 42.0 0.968499 3.33067e-16 0.968499 0.968499
74.0 32.0 0.968499 3.33067e-16 0.968499 0.968499
75.0 36.0 0.968499 3.33067e-16 0.968499 0.968499
76.0 31.0 0.968499 3.33067e-16 0.968499 0.968499
77.0 39.0 0.968499 3.33067e-16 0.968499 0.968499
78.0 35.0 0.968571 0.000486156 0.968499 0.971972
79.0 36.0 0.968674 0.000756745 0.968499 0.971972
80.0 33.0 0.968989 0.00120386 0.968499 0.971972
81.0 35.0 0.969618 0.00161524 0.968499 0.971972
82.0 33.0 0.971106 0.00149877 0.968499 0.971972
83.0 36.0 0.971902 0.000485682 0.968499 0.971972
84.0 31.0 0.971972 1.11022e-16 0.971972 0.971972
85.0 37.0 0.971972 1.11022e-16 0.971972 0.971972
86.0 38.0 0.971972 1.11022e-16 0.971972 0.971972
87.0 34.0 0.971972 1.11022e-16 0.971972 0.971972
88.0 33.0 0.971972 1.11022e-16 0.971972 0.971972
89.0 33.0 0.971972 1.11022e-16 0.971972 0.971972
90.0 37.0 0.971972 1.11022e-16 0.971972 0.971972
91.0 33.0 0.971972 1.11022e-16 0.971972 0.971972
92.0 35.0 0.971972 3.89189e-07 0.971972 0.971975
93.0 37.0 0.971972 5.44751e-07 0.971972 0.971975
94.0 33.0 0.972135 0.000710149 0.971972 0.975231
95.0 36.0 0.972367 0.00106627 0.971972 0.975324
96.0 33.0 0.972959 0.00150408 0.971972 0.975337
97.0 36.0 0.97415 0.00155941 0.971972 0.975337
98.0 32.0 0.975082 0.000784457 0.971972 0.975337
99.0 34.0 0.975285 0.000332685 0.971986 0.975337
100.0 29.0 0.975332 5.63459e-06 0.975319 0.975337
101.0 35.0 0.975336 2.9495e-06 0.975324 0.975337
102.0 40.0 0.975337 1.34879e-06 0.975324 0.975337
103.0 42.0 0.975337 1.11022e-16 0.975337 0.975337
104.0 35.0 0.975337 2.5212e-07 0.975337 0.97534
105.0 36.0 0.975337 3.54747e-07 0.975337 0.97534
106.0 39.0 0.975338 6.87431e-07 0.975337 0.97534
107.0 34.0 0.975338 9.28944e-07 0.975337 0.97534
108.0 33.0 0.975338 1.19147e-06 0.975337 0.97534
109.0 35.0 0.975339 1.24029e-06 0.975337 0.97534
110.0 38.0 0.97534 6.87431e-07 0.975337 0.97534
111.0 37.0 0.97534 0.0 0.97534 0.97534
112.0 35.0 0.97534 0.0 0.97534 0.97534
113.0 38.0 0.97534 0.0 0.97534 0.97534
114.0 30.0 0.97534 0.0 0.97534 0.97534
115.0 37.0 0.97534 0.0 0.97534 0.97534
116.0 37.0 0.97534 0.0 0.97534 0.97534
117.0 33.0 0.97534 0.0 0.97534 0.97534
118.0 32.0 0.97534 0.0 0.97534 0.97534
119.0 39.0 0.97534 0.0 0.97534 0.97534
120.0 33.0 0.97534 0.0 0.97534 0.97534
121.0 32.0 0.97534 0.0 0.97534 0.97534
122.0 34.0 0.97534 0.0 0.97534 0.97534
123.0 40.0 0.975162 0.00176566 0.957594 0.97534
124.0 34.0 0.97534 0.0 0.97534 0.97534
125.0 29.0 0.97534 5.25516e-08 0.97534 0.97534
126.0 35.0 0.97534 7.39429e-08 0.97534 0.97534
127.0 37.0 0.97534 1.03498e-07 0.97534 0.97534
128.0 32.0 0.97534 1.25432e-07 0.97534 0.97534
129.0 35.0 0.97534 2.11265e-07 0.97534 0.97534
130.0 28.0 0.97534 2.63931e-07 0.97534 0.97534
131.0 38.0 0.97534 9.05895e-07 0.97534 0.975347
132.0 35.0 0.97534 6.20945e-07 0.97534 0.975347
133.0 35.0 0.975341 6.20131e-07 0.97534 0.975347
134.0 31.0 0.975307 0.000336621 0.971958 0.975348
135.0 35.0 0.975342 2.56888e-06 0.97534 0.975348
136.0 38.0 0.975344 3.86594e-06 0.97534 0.975351
137.0 36.0 0.975346 3.56957e-06 0.97534 0.975351
138.0 29.0 0.975349 3.09129e-06 0.97534 0.975356
139.0 36.0 0.975351 2.96145e-06 0.975348 0.975359
140.0 39.0 0.975354 3.14373e-06 0.975348 0.975359
141.0 35.0 0.975357 2.87443e-06 0.975351 0.975362
142.0 33.0 0.975359 2.35432e-06 0.975356 0.975373
143.0 35.0 0.97536 2.70572e-06 0.975359 0.975373
144.0 34.0 0.97536 2.17827e-06 0.975359 0.975373
145.0 32.0 0.975361 2.96392e-06 0.975359 0.975373
146.0 35.0 0.975364 4.24557e-06 0.975359 0.975373
147.0 37.0 0.975367 5.26754e-06 0.975362 0.975373
148.0 37.0 0.975371 4.02303e-06 0.975362 0.975373
149.0 35.0 0.975373 1.06563e-06 0.975362 0.975373
150.0 38.0 0.975373 1.11022e-16 0.975373 0.975373
151.0 34.0 0.975373 1.11022e-16 0.975373 0.975373
152.0 35.0 0.975373 1.11022e-16 0.975373 0.975373
153.0 35.0 0.975373 1.11022e-16 0.975373 0.975373
154.0 39.0 0.975373 1.11022e-16 0.975373 0.975373
155.0 36.0 0.975373 1.11022e-16 0.975373 0.975373
156.0 36.0 0.975373 1.11022e-16 0.975373 0.975373
157.0 34.0 0.975373 1.11022e-16 0.975373 0.975373
158.0 33.0 0.975373 1.11022e-16 0.975373 0.975373
159.0 37.0 0.975373 1.11022e-16 0.975373 0.975373
160.0 38.0 0.975373 1.11022e-16 0.975373 0.975373
161.0 40.0 0.975373 1.11022e-16 0.975373 0.975373
162.0 33.0 0.975373 1.11022e-16 0.975373 0.975373
163.0 39.0 0.975373 1.11022e-16 0.975373 0.975373
164.0 36.0 0.975373 1.11022e-16 0.975373 0.975373
165.0 37.0 0.975373 3.4201e-07 0.975373 0.975376
166.0 30.0 0.975373 6.73576e-07 0.975373 0.975376
167.0 36.0 0.975373 9.32523e-07 0.975373 0.975376
168.0 33.0 0.975374 1.40005e-06 0.975373 0.975376
169.0 33.0 0.975375 1.70969e-06 0.975373 0.975376
170.0 33.0 0.975377 5.37395e-06 0.975373 0.975398
171.0 34.0 0.975379 7.02655e-06 0.975373 0.975398
172.0 35.0 0.975382 9.20709e-06 0.975376 0.975398
173.0 37.0 0.975389 1.06402e-05 0.975376 0.975398
174.0 35.0 0.975397 5.11976e-06 0.975376 0.975398
175.0 35.0 0.975398 1.11022e-16 0.975398 0.975398
176.0 40.0 0.975398 1.11022e-16 0.975398 0.975398
177.0 38.0 0.975398 1.11022e-16 0.975398 0.975398
178.0 35.0 0.975257 0.00139933 0.961334 0.975398
179.0 39.0 0.975398 1.11022e-16 0.975398 0.975398
180.0 37.0 0.975398 1.11022e-16 0.975398 0.975398
181.0 38.0 0.975398 1.11022e-16 0.975398 0.975398
182.0 37.0 0.975398 1.48467e-06 0.975398 0.975409
183.0 31.0 0.975399 2.877e-06 0.975398 0.975409
184.0 29.0 0.9754 4.46283e-06 0.975398 0.975409
185.0 35.0 0.975403 5.25195e-06 0.975398 0.975409
186.0 36.0 0.975406 4.53321e-06 0.975398 0.975409
187.0 34.0 0.975408 2.08215e-06 0.975398 0.975409
188.0 31.0 0.975409 2.46381e-08 0.975409 0.975409
189.0 34.0 0.975409 1.12581e-08 0.975409 0.975409
190.0 35.0 0.975409 1.11022e-16 0.975409 0.975409
191.0 37.0 0.975409 1.11022e-16 0.975409 0.975409
192.0 37.0 0.975409 1.11022e-16 0.975409 0.975409
193.0 34.0 0.975409 1.11022e-16 0.975409 0.975409
194.0 35.0 0.97531 0.000990623 0.965453 0.975419
195.0 32.0 0.97541 3.13585e-06 0.975409 0.975419
196.0 34.0 0.975411 4.25666e-06 0.975409 0.975419
197.0 35.0 0.975415 4.89686e-06 0.975409 0.975419
198.0 34.0 0.975418 3.04063e-06 0.975409 0.975422
199.0 34.0 0.975419 7.61062e-07 0.975419 0.975422
200.0 32.0 0.97542 1.0076e-06 0.975419 0.975422
