# INITIALIZATION
Counter({'TN': 386, 'TP': 224, 'FP': 15, 'FN': 4})
# Initial Accuracy: 0.969793322734
# Initial MCC: 0.935972275027
# Minimal variation in Mu: -0.179791891718
# Min in Mu: [-0.06005575]
# Min variation in initial S: 1.84924921727e-05
gen	nevals	avg     	std      	min     	max     
0  	100   	0.912724	0.0115498	0.885317	0.938524
1  	30    	0.922964	0.00805202	0.900402	0.938524
2  	34    	0.930133	0.00556243	0.917099	0.938524
3  	37    	0.933994	0.00385228	0.923614	0.944755
4  	37    	0.936879	0.00353551	0.928021	0.944755
5  	37    	0.939223	0.00315439	0.928619	0.944755
6  	30    	0.942178	0.00314416	0.934641	0.951674
7  	39    	0.944305	0.00268684	0.938524	0.951674
8  	38    	0.946189	0.00288525	0.941246	0.951704
9  	35    	0.948226	0.00322801	0.944755	0.951801
10 	38    	0.950362	0.0024551 	0.944755	0.951885
11 	27    	0.951526	0.000920339	0.945019	0.951885
12 	33    	0.95178 	7.27622e-05	0.951674	0.951885
13 	27    	0.951833	5.6021e-05 	0.951674	0.951885
14 	34    	0.951866	3.23967e-05	0.951801	0.951885
15 	33    	0.951883	1.33711e-05	0.951801	0.951935
16 	39    	0.951886	5.82839e-06	0.951885	0.951935
17 	39    	0.951888	1.05566e-05	0.951885	0.951935
18 	35    	0.951893	1.51121e-05	0.951885	0.951935
19 	34    	0.951902	1.8502e-05 	0.951885	0.951935
20 	31    	0.951946	0.000325917	0.951893	0.955184
21 	34    	0.951992	0.000456266	0.951893	0.955184
22 	38    	0.952023	0.000494469	0.951901	0.955184
23 	37    	0.952178	0.000810088	0.951901	0.955184
24 	38    	0.95253 	0.00117051 	0.951935	0.955184
25 	32    	0.953553	0.00145783 	0.951935	0.955184
26 	40    	0.954565	0.00106998 	0.951958	0.955184
27 	40    	0.955057	0.000467773	0.951958	0.955361
28 	35    	0.955194	8.66076e-05	0.95469 	0.955361
29 	34    	0.955241	8.24642e-05	0.955184	0.955361
30 	34    	0.955311	7.9409e-05 	0.955184	0.955361
31 	36    	0.955354	3.46582e-05	0.955184	0.955361
32 	32    	0.955511	0.000655879	0.955361	0.95837 
33 	44    	0.955722	0.000977932	0.955361	0.95837 
34 	33    	0.956053	0.00126631 	0.955361	0.95837 
35 	34    	0.956956	0.00150012 	0.955361	0.95837 
36 	38    	0.957947	0.0010415  	0.955361	0.95837 
37 	38    	0.958368	1.96115e-05	0.958173	0.95837 
38 	32    	0.95837 	0          	0.95837 	0.95837 
39 	31    	0.95837 	0          	0.95837 	0.95837 
40 	33    	0.958371	3.08165e-06	0.95837 	0.958392
41 	33    	0.958372	5.76086e-06	0.95837 	0.958392
42 	33    	0.958375	8.35936e-06	0.95837 	0.958392
43 	37    	0.958344	0.000356285	0.954801	0.958393
44 	34    	0.958388	7.78431e-06	0.95837 	0.958392
45 	36    	0.958358	0.000337825	0.954997	0.958402
46 	37    	0.958393	1.81025e-06	0.958392	0.958402
47 	30    	0.958394	3.43762e-06	0.958392	0.958405
48 	31    	0.958395	4.33509e-06	0.958392	0.958405
49 	30    	0.958398	5.23457e-06	0.958392	0.958405
50 	36    	0.958402	3.60337e-06	0.958392	0.958405
51 	30    	0.958404	1.67826e-06	0.958401	0.958405
52 	35    	0.958406	4.47216e-06	0.958402	0.958431
53 	39    	0.958407	7.32243e-06	0.958405	0.958434
54 	35    	0.958411	1.11126e-05	0.958405	0.958434
55 	31    	0.958418	1.35555e-05	0.958405	0.958434
56 	39    	0.958427	1.10249e-05	0.958405	0.958443
57 	34    	0.958435	1.0675e-05 	0.958406	0.958489
58 	42    	0.958439	1.42335e-05	0.958431	0.95849 
59 	37    	0.958446	1.84074e-05	0.958434	0.95849 
60 	33    	0.958462	2.34231e-05	0.958434	0.95849 
61 	40    	0.958479	1.82599e-05	0.958443	0.958498
62 	36    	0.958489	7.07724e-06	0.958443	0.958498
63 	28    	0.958491	2.84949e-06	0.958489	0.958498
64 	40    	0.958493	4.04486e-06	0.958489	0.9585  
65 	38    	0.958496	4.05173e-06	0.95849 	0.9585  
66 	30    	0.958499	2.41026e-06	0.95849 	0.958505
67 	31    	0.9585  	1.89455e-06	0.958498	0.958505
68 	30    	0.958501	2.18582e-06	0.958498	0.958512
69 	37    	0.958503	3.36337e-06	0.9585  	0.958515
70 	37    	0.958471	0.000355117	0.954938	0.958519
71 	39    	0.958509	5.37862e-06	0.958505	0.958518
72 	36    	0.958514	4.8149e-06 	0.958505	0.958518
73 	42    	0.958517	2.30036e-06	0.958505	0.958519
74 	38    	0.958518	5.10646e-07	0.958515	0.958519
75 	39    	0.958519	2.56551e-07	0.958518	0.958519
76 	35    	0.958519	3.11316e-07	0.958518	0.958519
77 	32    	0.95852 	3.97815e-06	0.958518	0.958539
78 	37    	0.958521	6.53754e-06	0.958518	0.958539
79 	39    	0.958527	9.85383e-06	0.958519	0.95854 
80 	36    	0.958534	9.12183e-06	0.958519	0.95854 
81 	31    	0.958539	2.06126e-06	0.958519	0.95854 
82 	40    	0.958473	0.000667627	0.95183 	0.958562
83 	37    	0.958541	4.3481e-06 	0.958539	0.958562
84 	36    	0.958542	6.34743e-06	0.95854 	0.958562
85 	32    	0.958548	2.43249e-05	0.95854 	0.958706
86 	35    	0.958564	4.60218e-05	0.95854 	0.958706
87 	33    	0.958596	6.73533e-05	0.95854 	0.958706
88 	30    	0.958656	6.98405e-05	0.95854 	0.958729
89 	37    	0.958706	2.42579e-05	0.958562	0.958729
90 	33    	0.958712	7.58598e-06	0.958706	0.958729
91 	36    	0.958718	8.49954e-06	0.958706	0.958729
92 	36    	0.958724	6.19999e-06	0.958711	0.958729
93 	41    	0.958728	2.49433e-06	0.958718	0.958729
94 	40    	0.958729	0          	0.958729	0.958729
95 	34    	0.958729	0          	0.958729	0.958729
96 	32    	0.958729	0          	0.958729	0.958729
97 	34    	0.958729	0          	0.958729	0.958729
98 	36    	0.958729	0          	0.958729	0.958729
99 	42    	0.95873 	1.79848e-06	0.958729	0.958737
100	34    	0.95873 	2.54681e-06	0.958729	0.958737
101	32    	0.958732	4.74708e-06	0.958729	0.958751
102	36    	0.958736	7.25943e-06	0.958729	0.958757
103	34    	0.95874 	8.30352e-06	0.958729	0.958757
104	34    	0.958748	6.74297e-06	0.958737	0.958757
105	33    	0.958753	4.67333e-06	0.958737	0.958766
106	41    	0.958848	0.000521861	0.958751	0.961815
107	34    	0.958977	0.00079037 	0.958751	0.961961
108	35    	0.959134	0.00100359 	0.958751	0.961961
109	40    	0.959854	0.00147901 	0.958757	0.961991
110	34    	0.961046	0.00138142 	0.958766	0.962   
111	30    	0.961933	7.50249e-05	0.961815	0.962054
112	37    	0.961948	0.000376684	0.958224	0.962054
113	37    	0.962011	2.656e-05  	0.961964	0.962054
114	33    	0.962029	2.304e-05  	0.96198 	0.962054
115	35    	0.962048	1.4211e-05 	0.962011	0.962066
116	37    	0.962057	7.67505e-06	0.962015	0.962066
117	40    	0.962062	5.5941e-06 	0.962054	0.962066
118	41    	0.962065	2.66728e-06	0.962054	0.962067
119	39    	0.962066	2.06207e-07	0.962066	0.962067
120	38    	0.962067	3.55932e-06	0.962066	0.962087
121	35    	0.962067	3.54096e-06	0.962066	0.962087
122	34    	0.962068	5.53965e-06	0.962066	0.962087
123	33    	0.962071	8.30577e-06	0.962066	0.962087
124	41    	0.962077	9.6627e-06 	0.962067	0.962087
125	35    	0.962083	7.54694e-06	0.962067	0.962087
126	37    	0.962087	2.84815e-07	0.962085	0.962087
127	34    	0.962087	6.10466e-07	0.962087	0.962093
128	36    	0.962087	1.04662e-06	0.962087	0.962093
129	34    	0.962088	3.29842e-06	0.962087	0.962118
130	34    	0.962056	0.000326338	0.958809	0.962118
131	34    	0.96209 	8.32878e-06	0.962087	0.962118
132	36    	0.962094	1.19495e-05	0.962087	0.962118
133	31    	0.962104	1.33151e-05	0.962087	0.962118
134	33    	0.962115	6.65781e-06	0.962093	0.962118
135	38    	0.962118	2.22045e-16	0.962118	0.962118
136	41    	0.962118	2.22045e-16	0.962118	0.962118
137	36    	0.962118	2.22317e-06	0.962118	0.962133
138	29    	0.962118	2.71863e-06	0.962118	0.962134
139	36    	0.962118	2.84485e-06	0.962118	0.962134
140	31    	0.962119	3.70638e-06	0.962118	0.962133
141	34    	0.962121	7.11262e-06	0.962118	0.962144
142	37    	0.962127	1.01254e-05	0.962118	0.962144
143	27    	0.962136	7.80944e-06	0.962118	0.962144
144	31    	0.962142	4.85207e-06	0.962128	0.962148
145	36    	0.962144	2.39776e-06	0.962133	0.962152
146	33    	0.962147	4.65499e-06	0.962144	0.96216 
147	36    	0.96215 	6.53802e-06	0.962144	0.962163
148	33    	0.96231 	0.000671924	0.962144	0.965239
149	37    	0.962745	0.00120666 	0.962152	0.965239
150	36    	0.96367 	0.00153694 	0.962158	0.965239
151	32    	0.964716	0.00115372 	0.962163	0.965239
152	36    	0.965209	0.000305468	0.96217 	0.965261
153	36    	0.965242	7.42848e-06	0.965239	0.965261
154	34    	0.965247	1.03187e-05	0.965239	0.965261
155	40    	0.965185	0.000671094	0.958509	0.965261
156	31    	0.96526 	4.62087e-06	0.965239	0.965261
157	33    	0.965261	4.46459e-07	0.965261	0.965263
158	29    	0.965261	7.5099e-07 	0.965261	0.965263
159	40    	0.965261	9.7707e-07 	0.965261	0.965263
160	34    	0.965262	9.57131e-07	0.965261	0.965264
161	38    	0.965263	5.06579e-07	0.965261	0.965264
162	34    	0.965263	7.84765e-07	0.965263	0.965266
163	35    	0.965264	1.92841e-06	0.965263	0.965274
164	36    	0.965265	3.35609e-06	0.965263	0.965277
165	36    	0.965269	4.37754e-06	0.965263	0.965277
166	33    	0.965272	3.65769e-06	0.965264	0.965279
167	40    	0.965112	0.00162283 	0.948965	0.965287
168	33    	0.965276	2.11307e-06	0.965274	0.965287
169	37    	0.965278	2.80175e-06	0.965274	0.965287
170	37    	0.96528 	3.14817e-06	0.965277	0.965287
171	34    	0.965282	3.6716e-06 	0.965279	0.965287
172	36    	0.965285	3.31444e-06	0.965279	0.965287
173	30    	0.965287	7.94038e-07	0.965279	0.965287
174	35    	0.965287	2.37009e-07	0.965287	0.965287
175	40    	0.965287	1.01349e-07	0.965287	0.965287
176	36    	0.965288	3.36151e-06	0.965287	0.965307
177	33    	0.965289	4.65677e-06	0.965287	0.965307
178	37    	0.965291	6.85899e-06	0.965287	0.965307
179	32    	0.965294	8.09132e-06	0.965287	0.965307
180	34    	0.9653  	8.0337e-06 	0.965287	0.965307
181	36    	0.965306	3.88814e-06	0.965292	0.965311
182	36    	0.965307	1.61688e-06	0.965307	0.965311
183	41    	0.965309	2.29183e-06	0.965307	0.965311
184	31    	0.96531 	1.93029e-06	0.965307	0.965311
185	34    	0.965311	2.22045e-16	0.965311	0.965311
186	32    	0.965311	2.22045e-16	0.965311	0.965311
187	38    	0.965311	2.22045e-16	0.965311	0.965311
188	36    	0.965275	0.000359889	0.961694	0.965311
189	36    	0.965311	2.22045e-16	0.965311	0.965311
190	36    	0.965311	2.22045e-16	0.965311	0.965311
191	36    	0.965311	2.22045e-16	0.965311	0.965311
192	36    	0.965311	2.22045e-16	0.965311	0.965311
193	36    	0.965311	2.22045e-16	0.965311	0.965311
194	38    	0.965311	2.22045e-16	0.965311	0.965311
195	34    	0.965311	2.22045e-16	0.965311	0.965311
196	35    	0.965311	2.22045e-16	0.965311	0.965311
197	36    	0.965311	2.22045e-16	0.965311	0.965311
198	35    	0.965312	1.13965e-06	0.965311	0.965316
199	35    	0.965312	1.98788e-06	0.965311	0.965316
200	30    	0.965313	2.36849e-06	0.965311	0.965316
0.984101748808
0.966220194431
