# INITIALIZATION
Counter({'TP': 124, 'TN': 82, 'FP': 25, 'FN': 12})
# Initial Accuracy: 0.847736625514
# Initial MCC: 0.691211152557
# Minimal variation in Mu: -0.12253588544
# Min in Mu: [-0.05541708]
# Min variation in initial S: 6.53119483148e-05
gen	nevals	avg     	std      	min     	max     
0  	200   	0.691962	0.0279173	0.610507	0.765053
1  	34    	0.715738	0.0191567	0.665981	0.765053
2  	35    	0.730861	0.0160548	0.693794	0.765053
3  	34    	0.744483	0.014182 	0.714583	0.773089
4  	41    	0.758093	0.0136033	0.731678	0.780859
5  	34    	0.768765	0.00908137	0.739142	0.789148
6  	33    	0.774819	0.00664792	0.76411 	0.789148
7  	37    	0.778874	0.00582374	0.765053	0.789426
8  	37    	0.783997	0.00639196	0.773089	0.80561 
9  	36    	0.788125	0.00606792	0.780852	0.80561 
10 	32    	0.792798	0.00531722	0.780989	0.806119
11 	29    	0.797219	0.00538348	0.78879 	0.813881
12 	36    	0.802134	0.00653387	0.789243	0.822348
13 	33    	0.80643 	0.00728033	0.796839	0.822348
14 	29    	0.811421	0.00695801	0.797989	0.822348
15 	32    	0.817403	0.00600971	0.80561 	0.822348
16 	32    	0.821787	0.00234266	0.806119	0.822486
17 	32    	0.822446	0.000800222	0.822348	0.830395
18 	35    	0.822408	7.05623e-05	0.822348	0.822573
19 	34    	0.822601	0.00109069 	0.822348	0.830223
20 	35    	0.823359	0.00245184 	0.822486	0.830652
21 	33    	0.82634 	0.00603762 	0.822486	0.847315
22 	41    	0.831022	0.00770838 	0.822486	0.847315
23 	42    	0.83634 	0.00794958 	0.822501	0.847315
24 	39    	0.842771	0.0061812  	0.830187	0.847392
25 	25    	0.846694	0.0021171  	0.838493	0.847392
26 	36    	0.847237	0.000795198	0.839364	0.847392
27 	37    	0.847363	7.78678e-05	0.846867	0.847636
28 	30    	0.847399	7.41274e-05	0.847315	0.847636
29 	35    	0.847338	0.000797381	0.839452	0.847636
30 	32    	0.84768 	0.00133709 	0.847392	0.855263
31 	32    	0.848209	0.00222137 	0.847353	0.855263
32 	27    	0.848967	0.00295296 	0.847392	0.855337
33 	33    	0.850852	0.00378853 	0.847394	0.855592
34 	32    	0.85448 	0.00240515 	0.847636	0.855592
35 	36    	0.855225	0.00108716 	0.847636	0.855592
36 	38    	0.855459	7.77899e-05	0.855287	0.855592
37 	32    	0.855529	5.59598e-05	0.855393	0.855592
38 	39    	0.85557 	3.94698e-05	0.855319	0.8556  
39 	38    	0.855591	1.15882e-05	0.855507	0.8556  
40 	31    	0.855595	3.48425e-06	0.855592	0.8556  
41 	32    	0.855598	2.99967e-06	0.855592	0.8556  
42 	32    	0.855599	1.40797e-06	0.855592	0.8556  
43 	39    	0.8556  	3.01891e-08	0.855599	0.8556  
44 	35    	0.8556  	2.22045e-16	0.8556  	0.8556  
45 	36    	0.8556  	2.22045e-16	0.8556  	0.8556  
46 	33    	0.8556  	2.22045e-16	0.8556  	0.8556  
47 	35    	0.8556  	2.22045e-16	0.8556  	0.8556  
48 	29    	0.8556  	9.00352e-07	0.8556  	0.855609
49 	36    	0.8556  	9.00352e-07	0.8556  	0.855609
50 	31    	0.855679	0.000790596	0.8556  	0.863546
51 	33    	0.855759	0.0011124  	0.8556  	0.863546
52 	35    	0.856236	0.00215559 	0.8556  	0.863546
53 	32    	0.857276	0.00324348 	0.8556  	0.863632
54 	37    	0.859992	0.00396332 	0.8556  	0.863632
55 	39    	0.862869	0.00228673 	0.855482	0.863684
56 	35    	0.863538	0.000794988	0.855638	0.863763
57 	35    	0.863652	2.97822e-05	0.863605	0.863763
58 	36    	0.864344	0.00326073 	0.863632	0.880318
59 	31    	0.864692	0.00374698 	0.863632	0.880318
60 	35    	0.867433	0.00633172 	0.863684	0.880343
61 	39    	0.872067	0.00742355 	0.863684	0.880343
62 	36    	0.877787	0.00516655 	0.863685	0.880343
63 	32    	0.880313	4.3056e-05 	0.880026	0.880343
64 	42    	0.88033 	1.27522e-05	0.880318	0.880358
65 	37    	0.88034 	1.1459e-05 	0.880318	0.880358
66 	35    	0.880347	6.46704e-06	0.880343	0.880358
67 	36    	0.880351	7.56511e-06	0.880343	0.880358
68 	29    	0.880356	4.92068e-06	0.880343	0.880358
69 	33    	0.880358	0          	0.880358	0.880358
70 	32    	0.880358	0          	0.880358	0.880358
71 	33    	0.880358	0          	0.880358	0.880358
72 	36    	0.880358	0          	0.880358	0.880358
73 	31    	0.880358	0          	0.880358	0.880358
74 	36    	0.880358	0          	0.880358	0.880358
75 	34    	0.880358	0          	0.880358	0.880358
76 	34    	0.880359	3.88978e-06	0.880358	0.880381
77 	31    	0.880361	6.68133e-06	0.880358	0.880381
78 	35    	0.880364	9.00486e-06	0.880358	0.880381
79 	39    	0.880368	1.00729e-05	0.880358	0.880381
80 	28    	0.880377	7.31002e-06	0.880358	0.880381
81 	33    	0.88038 	3.03949e-06	0.880366	0.880387
82 	36    	0.880381	5.64711e-07	0.880381	0.880387
83 	34    	0.880381	9.68178e-07	0.880381	0.880387
84 	38    	0.880381	1.23696e-06	0.880381	0.880387
85 	35    	0.880382	1.96934e-06	0.880381	0.880387
86 	35    	0.880383	2.66872e-06	0.880381	0.880387
87 	39    	0.880385	2.54832e-06	0.880381	0.880387
88 	35    	0.880386	1.62424e-06	0.880381	0.880387
89 	36    	0.880387	4.44089e-16	0.880387	0.880387
90 	38    	0.880387	4.44089e-16	0.880387	0.880387
91 	35    	0.880387	4.44089e-16	0.880387	0.880387
92 	30    	0.880387	4.44089e-16	0.880387	0.880387
93 	32    	0.880387	4.44089e-16	0.880387	0.880387
94 	34    	0.880387	4.44089e-16	0.880387	0.880387
95 	36    	0.880387	4.44089e-16	0.880387	0.880387
96 	41    	0.880055	0.00330048 	0.847215	0.880387
97 	38    	0.880387	4.44089e-16	0.880387	0.880387
98 	34    	0.880387	4.44089e-16	0.880387	0.880387
99 	33    	0.880387	4.44089e-16	0.880387	0.880387
100	37    	0.880387	4.44089e-16	0.880387	0.880387
0.893004115226
0.783456998956
