# INITIALIZATION
Counter({'TP': 124, 'TN': 82, 'FP': 25, 'FN': 12})
# Initial Accuracy: 0.847736625514
# Initial MCC: 0.691211152557
# Minimal variation in Mu: -0.12253588544
# Min in Mu: [-0.05541708]
# Min variation in initial S: 6.53119483148e-05
gen	nevals	avg     	std      	min     	max     
0  	200   	0.692441	0.0292408	0.603987	0.757156
1  	33    	0.715176	0.0170042	0.668632	0.752248
2  	32    	0.729343	0.0117515	0.689503	0.752248
3  	33    	0.73824 	0.00825458	0.719173	0.752248
4  	31    	0.744579	0.00684738	0.727648	0.764045
5  	39    	0.751044	0.00770379	0.73045 	0.777144
6  	37    	0.757667	0.00713283	0.739189	0.777144
7  	38    	0.76506 	0.00801914	0.750843	0.777144
8  	34    	0.770823	0.00601714	0.752248	0.777144
9  	40    	0.774502	0.00404035	0.764045	0.782438
10 	34    	0.777044	0.00261705	0.764045	0.786316
11 	35    	0.779041	0.00420711	0.752849	0.795674
12 	32    	0.780999	0.00391732	0.777027	0.795993
13 	35    	0.783371	0.00420142	0.777144	0.795993
14 	34    	0.786179	0.00474095	0.777144	0.795993
15 	37    	0.79056 	0.00565284	0.777153	0.803681
16 	37    	0.794972	0.00483398	0.782438	0.803681
17 	35    	0.79789 	0.00348821	0.786508	0.803681
18 	34    	0.800982	0.00310751	0.795695	0.803681
19 	33    	0.803754	0.0034685 	0.795993	0.817216
20 	35    	0.804859	0.00388998	0.801771	0.817216
21 	23    	0.806117	0.0052    	0.803681	0.817216
22 	34    	0.809365	0.00668034	0.803681	0.817216
23 	33    	0.813682	0.00592988	0.803681	0.817373
24 	37    	0.817179	0.00231695	0.803681	0.824753
25 	37    	0.818563	0.00292571	0.817216	0.826306
26 	38    	0.820564	0.00388588	0.817216	0.826306
27 	36    	0.823626	0.00379124	0.817216	0.832431
28 	34    	0.826013	0.0028488 	0.81724 	0.834028
29 	40    	0.829146	0.0042332 	0.816826	0.841601
30 	30    	0.832552	0.00402681	0.826304	0.841722
31 	31    	0.835297	0.0035529 	0.826307	0.841722
32 	33    	0.836976	0.00365213	0.833983	0.841722
33 	32    	0.839178	0.00354084	0.8341  	0.841785
34 	34    	0.841311	0.00164596	0.834124	0.841785
35 	38    	0.842109	0.0016838 	0.841601	0.849447
36 	36    	0.842591	0.00240697	0.841722	0.849447
37 	35    	0.844221	0.00358787	0.841722	0.849595
38 	31    	0.846666	0.00366921	0.841722	0.84967 
39 	36    	0.849194	0.0015145 	0.841785	0.84967 
40 	35    	0.849567	8.30879e-05	0.849437	0.84967 
41 	35    	0.850248	0.00211763 	0.849447	0.857433
42 	39    	0.850826	0.00277493 	0.849574	0.857505
43 	37    	0.852696	0.00378554 	0.849612	0.857505
44 	35    	0.854636	0.00372413 	0.84967 	0.857555
45 	35    	0.857277	0.0010873  	0.84967 	0.857555
46 	40    	0.85744 	2.84667e-05	0.857419	0.857555
47 	37    	0.857454	4.06475e-05	0.857422	0.857555
48 	33    	0.857475	4.71748e-05	0.857433	0.857555
49 	32    	0.857515	4.50692e-05	0.857433	0.857558
50 	36    	0.857545	1.77002e-05	0.857497	0.857566
51 	31    	0.857556	7.88629e-06	0.857507	0.857568
52 	38    	0.857559	4.03402e-06	0.857555	0.857568
53 	36    	0.857563	4.56662e-06	0.857555	0.857569
54 	28    	0.857567	2.61759e-06	0.857558	0.857569
55 	37    	0.857568	1.11091e-06	0.857566	0.857569
56 	35    	0.857569	4.74303e-07	0.857568	0.857569
57 	36    	0.857569	0          	0.857569	0.857569
58 	36    	0.857569	0          	0.857569	0.857569
59 	29    	0.857569	0          	0.857569	0.857569
60 	31    	0.857569	0          	0.857569	0.857569
61 	37    	0.857569	0          	0.857569	0.857569
62 	37    	0.857569	0          	0.857569	0.857569
63 	34    	0.857569	0          	0.857569	0.857569
64 	35    	0.857569	0          	0.857569	0.857569
65 	37    	0.857569	0          	0.857569	0.857569
66 	43    	0.857569	0          	0.857569	0.857569
67 	40    	0.857569	0          	0.857569	0.857569
68 	35    	0.857569	0          	0.857569	0.857569
69 	36    	0.857569	0          	0.857569	0.857569
70 	32    	0.857569	0          	0.857569	0.857569
71 	33    	0.857569	0          	0.857569	0.857569
72 	37    	0.857569	0          	0.857569	0.857569
73 	33    	0.857569	0          	0.857569	0.857569
74 	34    	0.857569	0          	0.857569	0.857569
75 	34    	0.857569	0          	0.857569	0.857569
76 	35    	0.857569	0          	0.857569	0.857569
77 	34    	0.857569	0          	0.857569	0.857569
78 	33    	0.857569	0          	0.857569	0.857569
79 	30    	0.857569	0          	0.857569	0.857569
80 	37    	0.857569	0          	0.857569	0.857569
81 	39    	0.857569	0          	0.857569	0.857569
82 	39    	0.857488	0.000812363	0.849405	0.857569
83 	35    	0.857569	0          	0.857569	0.857569
84 	36    	0.857569	0          	0.857569	0.857569
85 	35    	0.857569	0          	0.857569	0.857569
86 	27    	0.857569	0          	0.857569	0.857569
87 	37    	0.857569	0          	0.857569	0.857569
88 	35    	0.857569	0          	0.857569	0.857569
89 	40    	0.857569	0          	0.857569	0.857569
90 	37    	0.857569	0          	0.857569	0.857569
91 	36    	0.857569	0          	0.857569	0.857569
92 	37    	0.857569	0          	0.857569	0.857569
93 	32    	0.857569	0          	0.857569	0.857569
94 	35    	0.857569	0          	0.857569	0.857569
95 	34    	0.857569	0          	0.857569	0.857569
96 	30    	0.857569	0          	0.857569	0.857569
97 	38    	0.857569	0          	0.857569	0.857569
98 	39    	0.857569	0          	0.857569	0.857569
99 	38    	0.857569	0          	0.857569	0.857569
100	43    	0.857569	0          	0.857569	0.857569
0.884773662551
0.766595752888
