# INITIALIZATION
Counter({'TP': 124, 'TN': 82, 'FP': 25, 'FN': 12})
# Initial Accuracy: 0.847736625514
# Initial MCC: 0.691211152557
# Minimal variation in Mu: -0.12253588544
# Min in Mu: [-0.05541708]
# Min variation in initial S: 6.53119483148e-05
gen	nevals	avg     	std      	min     	max    
0  	200   	0.689707	0.0280718	0.593548	0.76414
1  	34    	0.711492	0.0171853	0.668676	0.747425
2  	32    	0.724885	0.0128851	0.698364	0.747425
3  	36    	0.736676	0.0100109	0.714659	0.747425
4  	28    	0.744771	0.00728349	0.722523	0.765612
5  	32    	0.749713	0.00691721	0.731612	0.765612
6  	36    	0.75446 	0.00815819	0.744288	0.772313
7  	30    	0.760452	0.00764095	0.747351	0.773442
8  	38    	0.766947	0.00517962	0.747826	0.781161
9  	36    	0.771509	0.00469078	0.763585	0.781161
10 	34    	0.775022	0.00442774	0.765612	0.783337
11 	33    	0.778481	0.0038861 	0.772313	0.783337
12 	33    	0.781368	0.00235887	0.773545	0.790078
13 	39    	0.782835	0.00274549	0.780948	0.790307
14 	33    	0.784995	0.00371678	0.781161	0.791311
15 	34    	0.787747	0.00409637	0.781161	0.797081
16 	36    	0.79113 	0.00360376	0.783337	0.805607
17 	34    	0.794218	0.00477457	0.789824	0.805607
18 	36    	0.797723	0.00467175	0.79035 	0.805607
19 	33    	0.80039 	0.00448416	0.790934	0.813838
20 	35    	0.803278	0.00490669	0.797081	0.814108
21 	36    	0.806977	0.00497525	0.797656	0.821986
22 	34    	0.811496	0.00552995	0.798113	0.821998
23 	37    	0.815137	0.00529644	0.805607	0.82271 
24 	36    	0.81916 	0.00437966	0.805607	0.82271 
25 	32    	0.821657	0.00227259	0.805626	0.822785
26 	36    	0.822199	0.000881903	0.814108	0.822785
27 	37    	0.822513	0.00031226 	0.821998	0.822785
28 	36    	0.82296 	0.00141823 	0.821998	0.831008
29 	39    	0.823073	0.00162005 	0.82271 	0.831008
30 	34    	0.823734	0.0026118  	0.822713	0.831008
31 	32    	0.825752	0.00387892 	0.822748	0.831008
32 	38    	0.828938	0.00346279 	0.822782	0.831021
33 	35    	0.830639	0.0016086  	0.822782	0.831021
34 	37    	0.831007	4.42821e-05	0.830569	0.831021
35 	32    	0.831014	4.60224e-06	0.831008	0.831021
36 	40    	0.83102 	1.85424e-05	0.831011	0.831147
37 	36    	0.831025	2.16106e-05	0.831011	0.831147
38 	39    	0.83103 	3.20626e-05	0.831021	0.831147
39 	35    	0.831291	0.00146209 	0.831021	0.839602
40 	35    	0.831483	0.00186492 	0.831021	0.83963 
41 	37    	0.832196	0.00286517 	0.831021	0.83963 
42 	36    	0.834169	0.00405179 	0.831021	0.83963 
43 	36    	0.836804	0.0039585  	0.831021	0.839647
44 	36    	0.839192	0.00216598 	0.831147	0.847755
45 	39    	0.840111	0.00191337 	0.839562	0.847755
46 	37    	0.840197	0.00205127 	0.83963 	0.847755
47 	33    	0.841322	0.00326507 	0.83963 	0.847757
48 	40    	0.843083	0.00395846 	0.839624	0.847757
49 	36    	0.845344	0.00364136 	0.839647	0.847775
50 	36    	0.84755 	0.00113098 	0.839647	0.847777
51 	29    	0.847753	2.53902e-05	0.847656	0.847777
52 	38    	0.847767	9.18032e-06	0.847741	0.847777
53 	32    	0.847774	6.04247e-06	0.847755	0.847792
54 	27    	0.847777	5.80024e-06	0.847759	0.847797
55 	37    	0.847781	8.46713e-06	0.847775	0.847797
56 	30    	0.847789	8.79335e-06	0.847775	0.847797
57 	36    	0.847795	6.46175e-06	0.847777	0.847812
58 	36    	0.847799	5.30082e-06	0.847777	0.847812
59 	36    	0.847801	6.50281e-06	0.847797	0.847812
60 	32    	0.847806	7.32218e-06	0.847797	0.847812
61 	36    	0.847811	3.8312e-06 	0.847797	0.847812
62 	33    	0.847639	0.00171958 	0.83053 	0.847812
63 	36    	0.847973	0.00112533 	0.847812	0.85585 
64 	31    	0.848053	0.0013712  	0.847812	0.85585 
65 	37    	0.849582	0.00333279 	0.847812	0.855947
66 	37    	0.85055 	0.0038137  	0.847812	0.855947
67 	36    	0.853692	0.0035758  	0.847812	0.855947
68 	37    	0.854667	0.00673943 	0.790815	0.855964
69 	34    	0.855902	2.75683e-05	0.855852	0.855964
70 	33    	0.855926	2.19576e-05	0.855882	0.855964
71 	35    	0.855941	1.93758e-05	0.855894	0.855966
72 	31    	0.855955	1.54658e-05	0.855927	0.855984
73 	37    	0.855965	7.70328e-06	0.855927	0.855984
74 	33    	0.855968	6.75628e-06	0.855964	0.855984
75 	38    	0.855803	0.00169634 	0.838924	0.855986
76 	33    	0.855978	8.58795e-06	0.855964	0.855988
77 	33    	0.855983	5.29629e-06	0.855967	0.855988
78 	36    	0.855986	2.33677e-06	0.855967	0.855988
79 	38    	0.855987	8.74967e-07	0.855984	0.855988
80 	36    	0.855988	4.51713e-07	0.855987	0.855988
81 	34    	0.855988	1.22825e-07	0.855987	0.855988
82 	39    	0.855988	2.22045e-16	0.855988	0.855988
83 	31    	0.855988	2.22045e-16	0.855988	0.855988
84 	32    	0.855988	2.22045e-16	0.855988	0.855988
85 	30    	0.855988	2.22045e-16	0.855988	0.855988
86 	37    	0.855988	1.40818e-06	0.855988	0.855995
87 	36    	0.855989	2.15582e-06	0.855988	0.855995
88 	38    	0.85599 	3.16941e-06	0.855988	0.855995
89 	33    	0.855992	3.38751e-06	0.855988	0.855995
90 	32    	0.855994	2.19289e-06	0.855988	0.855995
91 	37    	0.855995	3.9344e-07 	0.855991	0.855995
92 	32    	0.855575	0.00342441 	0.822588	0.855995
93 	37    	0.855995	2.22045e-16	0.855995	0.855995
94 	34    	0.855995	2.22045e-16	0.855995	0.855995
95 	30    	0.855995	2.22045e-16	0.855995	0.855995
96 	33    	0.855995	2.22045e-16	0.855995	0.855995
97 	38    	0.855995	2.22045e-16	0.855995	0.855995
98 	32    	0.855995	2.22045e-16	0.855995	0.855995
99 	31    	0.855995	2.22045e-16	0.855995	0.855995
100	36    	0.855995	2.22045e-16	0.855995	0.855995
0.872427983539
0.741453040539
