# INITIALIZATION
Counter({'TP': 124, 'TN': 82, 'FP': 25, 'FN': 12})
# Initial Accuracy: 0.847736625514
# Initial MCC: 0.691211152557
# Minimal variation in Mu: -0.12253588544
# Min in Mu: [-0.05541708]
# Min variation in initial S: 6.53119483148e-05
gen	nevals	avg     	std      	min     	max     
0  	200   	0.687751	0.0274886	0.611625	0.747449
1  	36    	0.709682	0.018019 	0.673012	0.756363
2  	37    	0.726419	0.0152275	0.689633	0.756363
3  	37    	0.737598	0.0122343	0.707423	0.756363
4  	38    	0.746331	0.00992932	0.722054	0.772947
5  	36    	0.75286 	0.00692689	0.73626 	0.772947
6  	29    	0.75766 	0.00558477	0.740605	0.772947
7  	30    	0.761104	0.00698878	0.756321	0.772947
8  	38    	0.766043	0.00793703	0.756363	0.781902
9  	38    	0.771187	0.00616665	0.756363	0.781902
10 	37    	0.774965	0.00445079	0.759981	0.781902
11 	38    	0.778045	0.00441348	0.772947	0.781933
12 	33    	0.781083	0.00254949	0.772947	0.781933
13 	34    	0.781817	0.00081616	0.773699	0.781933
14 	32    	0.781906	8.83558e-06	0.781902	0.781933
15 	35    	0.781829	0.00081645 	0.773706	0.781933
16 	36    	0.781921	1.55291e-05	0.781902	0.781957
17 	35    	0.781932	1.44945e-05	0.781903	0.781957
18 	34    	0.781942	1.29486e-05	0.78191 	0.78198 
19 	29    	0.781971	0.000112036	0.781933	0.78275 
20 	35    	0.781994	0.000154657	0.781933	0.78275 
21 	34    	0.782047	0.000234541	0.781957	0.78275 
22 	35    	0.782107	0.000291294	0.781957	0.78275 
23 	31    	0.782333	0.000387186	0.781965	0.782974
24 	41    	0.782668	0.000881084	0.78198 	0.790746
25 	36    	0.783131	0.00155829 	0.781987	0.790746
26 	34    	0.783906	0.00264239 	0.78275 	0.790746
27 	37    	0.785526	0.0036641  	0.78275 	0.790832
28 	29    	0.788735	0.00341339 	0.782806	0.79086 
29 	32    	0.79041 	0.00170125 	0.782956	0.790945
30 	34    	0.790845	8.01303e-05	0.790503	0.790945
31 	39    	0.790893	5.4813e-05 	0.790746	0.790945
32 	35    	0.791242	0.00219235 	0.790775	0.806586
33 	39    	0.791734	0.00340738 	0.790935	0.806586
34 	40    	0.793625	0.00587581 	0.790935	0.806704
35 	33    	0.796764	0.00754871 	0.790935	0.806704
36 	35    	0.803151	0.00631423 	0.790952	0.806747
37 	39    	0.806654	5.31937e-05	0.806477	0.806747
38 	40    	0.806691	3.66617e-05	0.806553	0.806758
39 	36    	0.806713	2.711e-05  	0.806636	0.806758
40 	36    	0.807038	0.00149024 	0.806704	0.814338
41 	38    	0.807281	0.00193602 	0.806714	0.814338
42 	34    	0.807741	0.00255012 	0.806747	0.814346
43 	35    	0.808433	0.00315387 	0.806747	0.814636
44 	35    	0.81011 	0.00378087 	0.806743	0.814636
45 	34    	0.812878	0.00306065 	0.806758	0.814798
46 	36    	0.814396	0.000780777	0.806758	0.814798
47 	40    	0.814549	0.000136599	0.814346	0.814798
48 	39    	0.814638	9.46806e-05	0.814373	0.814798
49 	31    	0.814697	7.5323e-05 	0.814591	0.814798
50 	36    	0.814757	6.68371e-05	0.814636	0.814811
51 	39    	0.814795	2.42948e-05	0.814644	0.814811
52 	34    	0.8148  	3.50183e-06	0.814798	0.814811
53 	36    	0.814801	5.06883e-06	0.814798	0.814811
54 	28    	0.814806	6.01812e-06	0.814798	0.814811
55 	33    	0.814809	4.11483e-06	0.814798	0.814811
56 	38    	0.814811	1.21737e-06	0.814798	0.814811
57 	38    	0.814811	0          	0.814811	0.814811
58 	40    	0.814811	0          	0.814811	0.814811
59 	41    	0.814811	0          	0.814811	0.814811
60 	37    	0.814811	0          	0.814811	0.814811
61 	37    	0.814811	0          	0.814811	0.814811
62 	32    	0.814811	0          	0.814811	0.814811
63 	37    	0.814811	0          	0.814811	0.814811
64 	33    	0.814811	0          	0.814811	0.814811
65 	34    	0.814811	0          	0.814811	0.814811
66 	34    	0.814811	0          	0.814811	0.814811
67 	34    	0.814811	0          	0.814811	0.814811
68 	35    	0.814811	0          	0.814811	0.814811
69 	37    	0.814811	0          	0.814811	0.814811
70 	38    	0.814802	9.05216e-05	0.813901	0.814811
71 	33    	0.814811	0          	0.814811	0.814811
72 	34    	0.814811	0          	0.814811	0.814811
73 	39    	0.814811	0          	0.814811	0.814811
74 	38    	0.814811	0          	0.814811	0.814811
75 	37    	0.814811	0          	0.814811	0.814811
76 	36    	0.814811	0          	0.814811	0.814811
77 	31    	0.814811	0          	0.814811	0.814811
78 	33    	0.814811	0          	0.814811	0.814811
79 	34    	0.814811	0          	0.814811	0.814811
80 	31    	0.814811	0          	0.814811	0.814811
81 	35    	0.814811	0          	0.814811	0.814811
82 	33    	0.814811	0          	0.814811	0.814811
83 	30    	0.814811	0          	0.814811	0.814811
84 	38    	0.814811	0          	0.814811	0.814811
85 	32    	0.81481 	4.56874e-06	0.814765	0.814811
86 	28    	0.814811	2.00838e-06	0.814811	0.814825
87 	30    	0.814811	2.44717e-06	0.814811	0.814825
88 	38    	0.814812	3.40688e-06	0.814811	0.814825
89 	32    	0.814814	6.50366e-06	0.814811	0.814839
90 	34    	0.814819	9.57401e-06	0.814811	0.814846
91 	36    	0.814828	1.02623e-05	0.814811	0.814846
92 	39    	0.814835	9.10081e-06	0.814811	0.814846
93 	38    	0.814842	6.55615e-06	0.814825	0.814846
94 	38    	0.814846	1.35434e-06	0.814838	0.814846
95 	36    	0.814846	4.69705e-08	0.814846	0.814846
96 	36    	0.814846	1.49366e-08	0.814846	0.814846
97 	37    	0.814846	1.11022e-16	0.814846	0.814846
98 	40    	0.814846	1.11022e-16	0.814846	0.814846
99 	34    	0.814846	1.11022e-16	0.814846	0.814846
100	37    	0.815005	0.00111154 	0.814846	0.822786
0.83950617284
0.673366567343
