# INITIALIZATION
Counter({'TP': 124, 'TN': 82, 'FP': 25, 'FN': 12})
# Initial Accuracy: 0.847736625514
# Initial MCC: 0.691211152557
# Minimal variation in Mu: -0.12253588544
# Min in Mu: [-0.05541708]
# Min variation in initial S: 6.53119483148e-05
gen	nevals	avg     	std      	min     	max     
0  	200   	0.693407	0.0270412	0.593491	0.780875
1  	38    	0.716428	0.0227099	0.673917	0.780875
2  	30    	0.733419	0.0189322	0.696711	0.780875
3  	31    	0.747394	0.019108 	0.714181	0.780875
4  	33    	0.761979	0.0177727	0.73043 	0.797712
5  	38    	0.773229	0.0155599	0.739277	0.797712
6  	31    	0.783988	0.00875748	0.747975	0.798112
7  	41    	0.790755	0.00750698	0.772873	0.798112
8  	33    	0.796231	0.00385202	0.780875	0.798112
9  	36    	0.797789	0.00121016	0.789197	0.80618 
10 	33    	0.798814	0.00254128	0.797712	0.80618 
11 	36    	0.800209	0.00354473	0.797468	0.80618 
12 	39    	0.803045	0.00386805	0.797914	0.806247
13 	39    	0.805403	0.00229578	0.798112	0.806247
14 	34    	0.806438	0.00141181	0.805845	0.814456
15 	34    	0.807215	0.00267394	0.806152	0.814456
16 	38    	0.807811	0.00323275	0.806158	0.814741
17 	36    	0.810524	0.0041068 	0.806243	0.814741
18 	40    	0.813316	0.00285033	0.806247	0.814741
19 	42    	0.814065	0.00335369	0.781706	0.814753
20 	34    	0.814501	7.76674e-05	0.814456	0.814753
21 	38    	0.814518	9.19582e-05	0.814473	0.814753
22 	35    	0.814555	0.000117827	0.814481	0.814753
23 	32    	0.814609	0.000131736	0.814481	0.814758
24 	33    	0.814849	0.00110864 	0.814481	0.822572
25 	39    	0.814987	0.00133399 	0.814741	0.822572
26 	34    	0.815757	0.00258523 	0.814741	0.822631
27 	36    	0.817375	0.00365342 	0.813969	0.822631
28 	33    	0.819772	0.0045475  	0.814741	0.831025
29 	33    	0.823231	0.004217   	0.814764	0.831043
30 	32    	0.826137	0.00415831 	0.82212 	0.831043
31 	34    	0.82835 	0.00392605 	0.822558	0.831275
32 	37    	0.830624	0.00182937 	0.822631	0.831275
33 	29    	0.831072	7.99029e-05	0.831025	0.831276
34 	31    	0.831117	9.29183e-05	0.831025	0.831276
35 	33    	0.831357	0.00110515 	0.831025	0.839069
36 	39    	0.831809	0.00199313 	0.831144	0.839083
37 	37    	0.832757	0.00306825 	0.831149	0.839417
38 	39    	0.834412	0.0038342  	0.831275	0.839417
39 	38    	0.837466	0.00318869 	0.831276	0.839417
40 	29    	0.838862	0.00155339 	0.831276	0.839417
41 	36    	0.839249	0.000143224	0.838602	0.839417
42 	34    	0.839339	0.00010296 	0.839104	0.839423
43 	39    	0.839407	3.30946e-05	0.839178	0.839423
44 	36    	0.839417	7.10902e-07	0.839417	0.839423
45 	36    	0.839418	1.52844e-06	0.839417	0.839423
46 	37    	0.839418	2.2465e-06 	0.839417	0.839423
47 	36    	0.83942 	3.07154e-06	0.839417	0.839427
48 	39    	0.83925 	0.00171903 	0.822146	0.839427
49 	38    	0.839425	1.99483e-06	0.839417	0.839427
50 	32    	0.839426	1.37528e-06	0.839423	0.839427
51 	35    	0.839427	2.22045e-16	0.839427	0.839427
52 	31    	0.839427	2.22045e-16	0.839427	0.839427
53 	36    	0.839427	2.22045e-16	0.839427	0.839427
54 	34    	0.839427	2.22045e-16	0.839427	0.839427
55 	40    	0.839427	2.22045e-16	0.839427	0.839427
56 	40    	0.839427	2.22045e-16	0.839427	0.839427
57 	37    	0.839427	2.22045e-16	0.839427	0.839427
58 	33    	0.839427	2.22045e-16	0.839427	0.839427
59 	37    	0.839427	2.22045e-16	0.839427	0.839427
60 	33    	0.839427	2.22045e-16	0.839427	0.839427
61 	35    	0.839427	2.22045e-16	0.839427	0.839427
62 	36    	0.839427	2.22045e-16	0.839427	0.839427
63 	38    	0.839427	2.22045e-16	0.839427	0.839427
64 	36    	0.839431	3.84917e-05	0.839427	0.839814
65 	33    	0.83945 	9.2643e-05 	0.839427	0.839833
66 	31    	0.8395  	0.000157141	0.839427	0.839933
67 	38    	0.839614	0.000203357	0.839427	0.839933
68 	35    	0.83987 	0.000765773	0.839427	0.847346
69 	34    	0.839957	0.000743577	0.839814	0.847346
70 	34    	0.839985	0.000740413	0.839833	0.847346
71 	35    	0.839927	1.46457e-05	0.839869	0.839934
72 	31    	0.839933	3.74983e-06	0.839899	0.839934
73 	31    	0.839934	3.43551e-08	0.839933	0.839934
74 	27    	0.839934	1.11022e-16	0.839934	0.839934
75 	39    	0.840013	0.000793473	0.839934	0.847908
76 	36    	0.839934	1.11022e-16	0.839934	0.839934
77 	39    	0.839934	1.11022e-16	0.839934	0.839934
78 	37    	0.839934	1.11022e-16	0.839934	0.839934
79 	41    	0.839934	1.11022e-16	0.839934	0.839934
80 	31    	0.839934	1.11022e-16	0.839934	0.839934
81 	35    	0.840168	0.00133463 	0.839934	0.847757
82 	36    	0.840246	0.00153319 	0.83991 	0.847757
83 	29    	0.840876	0.00255152 	0.839934	0.847924
84 	33    	0.842612	0.00373237 	0.839934	0.847926
85 	35    	0.846167	0.00321382 	0.839934	0.847926
86 	35    	0.847872	6.84109e-05	0.847643	0.847926
87 	35    	0.847915	3.24006e-05	0.847757	0.847926
88 	36    	0.847926	2.37604e-06	0.847924	0.847948
89 	35    	0.847926	2.21726e-06	0.847926	0.847948
90 	39    	0.847926	2.21726e-06	0.847926	0.847948
91 	36    	0.847927	4.36681e-06	0.847926	0.847948
92 	36    	0.847928	6.97252e-06	0.847926	0.847948
93 	33    	0.848249	0.00154315 	0.847926	0.855809
94 	36    	0.848887	0.00255762 	0.847926	0.855855
95 	34    	0.850229	0.00357005 	0.847926	0.855855
96 	38    	0.854   	0.00330756 	0.847948	0.855882
97 	35    	0.855674	0.00110414 	0.847948	0.855903
98 	38    	0.855853	3.53456e-05	0.855803	0.855912
99 	34    	0.855878	2.41606e-05	0.855809	0.855912
100	36    	0.855894	1.49704e-05	0.855828	0.855912
0.876543209877
0.750121322062
