0.847736625514
0.691211152557
0.930452674897
0.85956552234



0.0 100.0 0.691019 0.025453 0.630873 0.744228
1.0 34.0 0.707912 0.0172066 0.657827 0.744228
2.0 36.0 0.721762 0.0120844 0.694016 0.744228
3.0 37.0 0.730496 0.00858881 0.713172 0.744228
4.0 33.0 0.738449 0.00750638 0.714483 0.7581
5.0 39.0 0.744824 0.00604483 0.731736 0.759817
6.0 36.0 0.749184 0.00608591 0.740406 0.768002
7.0 40.0 0.752776 0.00658508 0.728554 0.768002
8.0 34.0 0.75727 0.00488295 0.747025 0.773802
9.0 40.0 0.760463 0.00445621 0.736446 0.773802
10.0 40.0 0.76298 0.00560635 0.751878 0.782485
11.0 42.0 0.766166 0.00692756 0.759475 0.782488
12.0 37.0 0.772014 0.00746282 0.759817 0.782488
13.0 41.0 0.777857 0.0059697 0.764683 0.782488
14.0 31.0 0.781327 0.00334238 0.768002 0.789616
15.0 32.0 0.78257 0.000871299 0.782316 0.791234
16.0 37.0 0.783304 0.00244194 0.782485 0.791234
17.0 34.0 0.784805 0.00370365 0.782485 0.791943
18.0 38.0 0.787541 0.00401624 0.782488 0.791943
19.0 37.0 0.790105 0.0027678 0.782488 0.799456
20.0 32.0 0.791378 0.00171144 0.782526 0.799456
21.0 32.0 0.792071 0.0021984 0.791194 0.799456
22.0 34.0 0.793459 0.00329146 0.791234 0.799456
23.0 37.0 0.795442 0.00375135 0.791234 0.799474
24.0 42.0 0.798022 0.00294367 0.791943 0.799505
25.0 39.0 0.799163 0.00147223 0.791951 0.799505
26.0 33.0 0.800239 0.00334371 0.799456 0.814973
27.0 31.0 0.800943 0.00444154 0.799456 0.815049
28.0 30.0 0.804237 0.00686538 0.799472 0.81515
29.0 41.0 0.808199 0.00703428 0.799493 0.81515
30.0 36.0 0.812697 0.00502555 0.799504 0.815151
31.0 36.0 0.815072 8.68342e-05 0.814796 0.815186
32.0 32.0 0.815756 0.00311525 0.814973 0.831016
33.0 38.0 0.817116 0.00492318 0.815026 0.831016
34.0 37.0 0.820301 0.00728766 0.81515 0.831016
35.0 32.0 0.825854 0.00737412 0.815151 0.831016
36.0 34.0 0.830537 0.0027031 0.815157 0.83102
37.0 25.0 0.831017 1.52008e-06 0.831016 0.83102
38.0 34.0 0.831017 1.92984e-06 0.831016 0.83102
39.0 37.0 0.831018 1.946e-06 0.831016 0.83102
40.0 33.0 0.83102 9.39646e-07 0.831016 0.83102
41.0 38.0 0.83102 0.0 0.83102 0.83102
42.0 40.0 0.83102 0.0 0.83102 0.83102
43.0 36.0 0.83102 0.0 0.83102 0.83102
44.0 41.0 0.83102 0.0 0.83102 0.83102
45.0 36.0 0.83102 0.0 0.83102 0.83102
46.0 34.0 0.83102 0.0 0.83102 0.83102
47.0 33.0 0.83102 0.0 0.83102 0.83102
48.0 32.0 0.83102 0.0 0.83102 0.83102
49.0 37.0 0.83102 0.0 0.83102 0.83102
50.0 35.0 0.83102 0.0 0.83102 0.83102
51.0 32.0 0.83102 0.0 0.83102 0.83102
52.0 31.0 0.83102 0.0 0.83102 0.83102
53.0 34.0 0.83102 0.0 0.83102 0.83102
54.0 33.0 0.83102 0.0 0.83102 0.83102
55.0 39.0 0.83102 0.0 0.83102 0.83102
56.0 30.0 0.83102 0.0 0.83102 0.83102
57.0 33.0 0.83102 0.0 0.83102 0.83102
58.0 32.0 0.83102 0.0 0.83102 0.83102
59.0 33.0 0.83102 0.0 0.83102 0.83102
60.0 28.0 0.83102 0.0 0.83102 0.83102
61.0 38.0 0.83102 0.0 0.83102 0.83102
62.0 28.0 0.83102 0.0 0.83102 0.83102
63.0 34.0 0.83102 0.0 0.83102 0.83102
64.0 33.0 0.83102 0.0 0.83102 0.83102
65.0 32.0 0.83102 0.0 0.83102 0.83102
66.0 35.0 0.83102 0.0 0.83102 0.83102
67.0 35.0 0.83102 0.0 0.83102 0.83102
68.0 37.0 0.83102 0.0 0.83102 0.83102
69.0 34.0 0.83102 0.0 0.83102 0.83102
70.0 34.0 0.83102 0.0 0.83102 0.83102
71.0 36.0 0.83102 0.0 0.83102 0.83102
72.0 40.0 0.83102 0.0 0.83102 0.83102
73.0 31.0 0.83102 0.0 0.83102 0.83102
74.0 34.0 0.83102 0.0 0.83102 0.83102
75.0 27.0 0.83102 0.0 0.83102 0.83102
76.0 37.0 0.83102 0.0 0.83102 0.83102
77.0 39.0 0.83102 0.0 0.83102 0.83102
78.0 32.0 0.830852 0.0016662 0.814274 0.83102
79.0 37.0 0.830852 0.0016662 0.814274 0.83102
80.0 32.0 0.83102 0.0 0.83102 0.83102
81.0 38.0 0.83102 0.0 0.83102 0.83102
82.0 38.0 0.83102 0.0 0.83102 0.83102
83.0 39.0 0.831176 0.00109294 0.83102 0.838827
84.0 37.0 0.83102 0.0 0.83102 0.83102
85.0 41.0 0.83102 0.0 0.83102 0.83102
86.0 36.0 0.83102 0.0 0.83102 0.83102
87.0 36.0 0.83102 0.0 0.83102 0.83102
88.0 38.0 0.83102 0.0 0.83102 0.83102
89.0 39.0 0.83102 0.0 0.83102 0.83102
90.0 35.0 0.83102 0.0 0.83102 0.83102
91.0 35.0 0.83102 0.0 0.83102 0.83102
92.0 29.0 0.83102 0.0 0.83102 0.83102
93.0 35.0 0.83102 0.0 0.83102 0.83102
94.0 31.0 0.83102 0.0 0.83102 0.83102
95.0 35.0 0.831179 0.00110589 0.83102 0.83892
96.0 31.0 0.831339 0.00154724 0.83102 0.83892
97.0 37.0 0.831658 0.00214118 0.83102 0.83892
98.0 33.0 0.833077 0.00401249 0.81415 0.838976
99.0 35.0 0.835936 0.00382286 0.83102 0.83912
100.0 32.0 0.838483 0.00187135 0.831062 0.839209
101.0 33.0 0.838997 7.36382e-05 0.838867 0.839209
102.0 34.0 0.839058 8.25404e-05 0.838976 0.839209
103.0 39.0 0.83912 5.66879e-05 0.838976 0.839209
104.0 38.0 0.839153 4.41624e-05 0.838976 0.839221
105.0 34.0 0.839191 2.95439e-05 0.83912 0.839221
106.0 35.0 0.839209 1.37152e-05 0.839128 0.839223
107.0 33.0 0.839216 5.02041e-06 0.839209 0.839223
108.0 36.0 0.83922 3.42103e-06 0.839211 0.839224
109.0 33.0 0.839221 1.60141e-06 0.839211 0.839223
110.0 34.0 0.839222 7.35477e-07 0.839221 0.839223
111.0 31.0 0.83922 2.02373e-05 0.839019 0.839223
112.0 34.0 0.83938 0.00110546 0.839221 0.847119
113.0 35.0 0.839932 0.00225388 0.839223 0.847119
114.0 36.0 0.841277 0.00346555 0.839223 0.847279
115.0 34.0 0.843817 0.00391005 0.839223 0.847279
116.0 36.0 0.846784 0.00173609 0.839223 0.847279
117.0 32.0 0.847238 6.68092e-05 0.847119 0.847297
118.0 30.0 0.847273 3.18803e-05 0.847119 0.847297
119.0 37.0 0.847284 8.4836e-06 0.847279 0.847298
120.0 29.0 0.847292 1.01689e-05 0.847279 0.847311
121.0 42.0 0.847299 8.95105e-06 0.847279 0.847328
122.0 35.0 0.847305 8.83307e-06 0.847297 0.847328
123.0 33.0 0.847311 8.3898e-06 0.847297 0.847328
124.0 33.0 0.847317 5.95341e-06 0.847297 0.847328
125.0 34.0 0.847322 5.68196e-06 0.847316 0.847328
126.0 34.0 0.847326 3.76372e-06 0.847316 0.847328
127.0 41.0 0.847328 2.22045e-16 0.847328 0.847328
128.0 32.0 0.847328 2.22045e-16 0.847328 0.847328
129.0 38.0 0.847328 2.22045e-16 0.847328 0.847328
130.0 33.0 0.847328 2.22045e-16 0.847328 0.847328
131.0 41.0 0.847328 2.22045e-16 0.847328 0.847328
132.0 34.0 0.847328 2.22045e-16 0.847328 0.847328
133.0 35.0 0.847328 2.22045e-16 0.847328 0.847328
134.0 33.0 0.847328 2.22045e-16 0.847328 0.847328
135.0 32.0 0.847328 2.22045e-16 0.847328 0.847328
136.0 34.0 0.847564 0.00134209 0.847328 0.855195
137.0 35.0 0.848035 0.00225115 0.847328 0.855195
138.0 37.0 0.848743 0.00302214 0.847328 0.855195
139.0 33.0 0.850713 0.00389778 0.847328 0.855246
140.0 32.0 0.85356 0.00321359 0.847328 0.855338
141.0 33.0 0.855164 0.000788928 0.847328 0.855338
142.0 36.0 0.855281 4.59807e-05 0.855195 0.855389
143.0 38.0 0.855317 3.761e-05 0.855195 0.855463
144.0 38.0 0.855343 3.45359e-05 0.855248 0.855463
145.0 35.0 0.855367 4.79716e-05 0.855321 0.855463
146.0 36.0 0.855402 5.3827e-05 0.855338 0.855463
147.0 43.0 0.855444 3.54978e-05 0.855338 0.855463
148.0 34.0 0.855461 1.25931e-05 0.855389 0.855463
149.0 34.0 0.855463 0.0 0.855463 0.855463
150.0 33.0 0.855463 0.0 0.855463 0.855463
151.0 35.0 0.855463 0.0 0.855463 0.855463
152.0 33.0 0.855463 0.0 0.855463 0.855463
153.0 34.0 0.855463 0.0 0.855463 0.855463
154.0 28.0 0.855463 0.0 0.855463 0.855463
155.0 39.0 0.855463 0.0 0.855463 0.855463
156.0 34.0 0.855463 0.0 0.855463 0.855463
157.0 37.0 0.855463 0.0 0.855463 0.855463
158.0 37.0 0.855463 0.0 0.855463 0.855463
159.0 38.0 0.855463 0.0 0.855463 0.855463
160.0 39.0 0.855463 0.0 0.855463 0.855463
161.0 35.0 0.855463 0.0 0.855463 0.855463
162.0 34.0 0.855463 0.0 0.855463 0.855463
163.0 34.0 0.855463 0.0 0.855463 0.855463
164.0 30.0 0.855463 0.0 0.855463 0.855463
165.0 35.0 0.855463 0.0 0.855463 0.855463
166.0 29.0 0.855463 0.0 0.855463 0.855463
167.0 31.0 0.855463 0.0 0.855463 0.855463
168.0 34.0 0.855463 0.0 0.855463 0.855463
169.0 37.0 0.855463 0.0 0.855463 0.855463
170.0 29.0 0.855463 0.0 0.855463 0.855463
171.0 36.0 0.855463 0.0 0.855463 0.855463
172.0 36.0 0.855463 0.0 0.855463 0.855463
173.0 41.0 0.855463 0.0 0.855463 0.855463
174.0 31.0 0.855463 0.0 0.855463 0.855463
175.0 34.0 0.855463 0.0 0.855463 0.855463
176.0 33.0 0.855463 0.0 0.855463 0.855463
177.0 31.0 0.855463 0.0 0.855463 0.855463
178.0 29.0 0.855463 0.0 0.855463 0.855463
179.0 38.0 0.855463 0.0 0.855463 0.855463
180.0 38.0 0.855463 0.0 0.855463 0.855463
181.0 35.0 0.855463 0.0 0.855463 0.855463
182.0 35.0 0.855463 0.0 0.855463 0.855463
183.0 35.0 0.855463 0.0 0.855463 0.855463
184.0 36.0 0.855463 0.0 0.855463 0.855463
185.0 33.0 0.855463 0.0 0.855463 0.855463
186.0 31.0 0.855463 0.0 0.855463 0.855463
187.0 34.0 0.855463 0.0 0.855463 0.855463
188.0 41.0 0.855463 0.0 0.855463 0.855463
189.0 34.0 0.855463 0.0 0.855463 0.855463
190.0 32.0 0.855463 0.0 0.855463 0.855463
191.0 35.0 0.855463 0.0 0.855463 0.855463
192.0 41.0 0.855463 0.0 0.855463 0.855463
193.0 36.0 0.855462 1.52331e-05 0.85531 0.855463
194.0 34.0 0.855462 1.53658e-05 0.85531 0.855474
195.0 39.0 0.855464 3.29793e-06 0.855463 0.855476
196.0 36.0 0.855466 4.44841e-06 0.855463 0.855476
197.0 34.0 0.855468 5.22236e-06 0.855463 0.855476
198.0 34.0 0.855472 4.4967e-06 0.855463 0.855476
199.0 36.0 0.855475 1.11208e-06 0.85547 0.855476
200.0 38.0 0.855475 8.64688e-07 0.855474 0.855479
