# INITIALIZATION
Counter({'TP': 5249, 'TN': 4057, 'FP': 358, 'FN': 285})
# Initial Accuracy: 0.935370388984
# Initial MCC: 0.868961748654
# Minimal variation in Mu: -0.0128823093691
# Min in Mu: [-0.01058709]
# Min variation in initial S: 1.26302681924e-08
gen	nevals	avg     	std       	min     	max     
0  	100   	0.867423	0.00150468	0.862839	0.870625
1  	35    	0.868617	0.00103297	0.865981	0.870625
2  	39    	0.86939 	0.000700888	0.867539	0.870625
3  	34    	0.869944	0.000538656	0.868152	0.871622
4  	37    	0.870336	0.000493248	0.8694  	0.871622
5  	34    	0.87067 	0.000570565	0.868641	0.872467
6  	34    	0.871022	0.000464574	0.870022	0.872467
7  	33    	0.871425	0.000423452	0.870612	0.872482
8  	33    	0.871902	0.000645402	0.870831	0.873903
9  	35    	0.872253	0.000725968	0.871432	0.873903
10 	39    	0.872842	0.000814473	0.871622	0.87391 
11 	32    	0.873579	0.000602678	0.872063	0.874502
12 	33    	0.873847	0.00028755 	0.872478	0.874502
13 	34    	0.873906	0.000194103	0.872655	0.874502
14 	32    	0.873962	0.000182948	0.873305	0.874502
15 	33    	0.874041	0.000241436	0.873721	0.874502
16 	38    	0.874223	0.0002879  	0.87391 	0.874701
17 	34    	0.874452	0.000168146	0.87391 	0.874701
18 	41    	0.874514	4.73186e-05	0.874502	0.874701
19 	36    	0.874521	0.000358681	0.871062	0.874701
20 	33    	0.874618	9.82651e-05	0.874502	0.874701
21 	39    	0.874686	8.84271e-05	0.874502	0.874906
22 	30    	0.87472 	5.87408e-05	0.874701	0.874906
23 	34    	0.874732	7.32795e-05	0.874701	0.874906
24 	36    	0.874771	9.72321e-05	0.874701	0.874906
25 	32    	0.874849	9.21602e-05	0.874701	0.874906
26 	38    	0.874888	5.87408e-05	0.874701	0.874906
27 	31    	0.8749  	3.50142e-05	0.874701	0.874906
28 	37    	0.874906	3.62455e-12	0.874906	0.874906
29 	40    	0.874906	4.65167e-12	0.874906	0.874906
30 	37    	0.874906	4.60603e-12	0.874906	0.874906
31 	33    	0.874911	4.33647e-05	0.874906	0.875342
32 	30    	0.87492 	7.43473e-05	0.874906	0.875342
33 	31    	0.874937	0.000111201	0.874906	0.875342
34 	31    	0.875008	0.000198174	0.874906	0.875526
35 	35    	0.875149	0.00025129 	0.874906	0.875526
36 	39    	0.875374	0.000203986	0.874906	0.87575 
37 	31    	0.875513	0.000125959	0.875342	0.87575 
38 	31    	0.875645	0.000130844	0.875526	0.875933
39 	39    	0.875751	0.000135044	0.875526	0.875933
40 	40    	0.875847	0.000102556	0.875544	0.875933
41 	35    	0.875903	6.83171e-05	0.875728	0.875933
42 	37    	0.875933	5.60476e-12	0.875933	0.875933
43 	32    	0.875933	7.63722e-12	0.875933	0.875933
44 	35    	0.875933	7.21649e-12	0.875933	0.875933
45 	33    	0.875933	2.84297e-12	0.875933	0.875933
46 	40    	0.875933	2.22045e-16	0.875933	0.875933
47 	30    	0.875933	2.22045e-16	0.875933	0.875933
48 	33    	0.875933	2.22045e-16	0.875933	0.875933
49 	37    	0.875933	2.22045e-16	0.875933	0.875933
50 	30    	0.875933	2.22045e-16	0.875933	0.875933
51 	36    	0.875933	2.22045e-16	0.875933	0.875933
52 	31    	0.875933	2.22045e-16	0.875933	0.875933
53 	36    	0.875933	2.22045e-16	0.875933	0.875933
54 	38    	0.875933	2.22045e-16	0.875933	0.875933
55 	33    	0.875933	2.22045e-16	0.875933	0.875933
56 	38    	0.875933	2.22045e-16	0.875933	0.875933
57 	33    	0.875933	2.22045e-16	0.875933	0.875933
58 	36    	0.875933	2.22045e-16	0.875933	0.875933
59 	34    	0.875933	2.22045e-16	0.875933	0.875933
60 	36    	0.875933	2.22045e-16	0.875933	0.875933
61 	38    	0.875933	2.22045e-16	0.875933	0.875933
62 	43    	0.875933	2.22045e-16	0.875933	0.875933
63 	34    	0.875933	2.22045e-16	0.875933	0.875933
64 	34    	0.875933	2.22045e-16	0.875933	0.875933
65 	32    	0.875933	2.22045e-16	0.875933	0.875933
66 	31    	0.875933	2.22045e-16	0.875933	0.875933
67 	42    	0.875933	2.22045e-16	0.875933	0.875933
68 	29    	0.875933	2.22045e-16	0.875933	0.875933
69 	32    	0.875933	2.22045e-16	0.875933	0.875933
70 	38    	0.875933	2.22045e-16	0.875933	0.875933
71 	39    	0.875933	2.22045e-16	0.875933	0.875933
72 	35    	0.875933	2.22045e-16	0.875933	0.875933
73 	32    	0.875933	2.22045e-16	0.875933	0.875933
74 	38    	0.875933	2.22045e-16	0.875933	0.875933
75 	34    	0.875933	2.22045e-16	0.875933	0.875933
76 	37    	0.875933	2.22045e-16	0.875933	0.875933
77 	36    	0.875919	0.000142431	0.874502	0.875951
78 	36    	0.875934	3.11209e-06	0.875933	0.875951
79 	36    	0.875934	4.65475e-06	0.875933	0.875951
80 	33    	0.875937	7.1569e-06 	0.875933	0.875951
81 	33    	0.87594 	8.85509e-06	0.875933	0.875951
82 	32    	0.875944	8.89821e-06	0.875933	0.875951
83 	40    	0.875954	4.05971e-05	0.875933	0.876355
84 	35    	0.875959	5.64901e-05	0.875951	0.876355
85 	35    	0.875964	6.28831e-05	0.875951	0.876355
86 	30    	0.875976	9.1636e-05 	0.875951	0.876355
87 	35    	0.876012	0.00013559 	0.875951	0.876355
88 	32    	0.876087	0.000169058	0.875951	0.876355
89 	34    	0.876206	0.000155043	0.875951	0.876355
90 	37    	0.876332	0.000107111	0.875951	0.876798
91 	32    	0.876377	9.64407e-05	0.876355	0.876798
92 	40    	0.876413	0.000148565	0.876355	0.876798
93 	33    	0.876463	0.000187936	0.876355	0.876798
94 	32    	0.876556	0.000233307	0.876157	0.876989
95 	34    	0.876764	0.000187635	0.876355	0.876989
96 	33    	0.876895	9.53239e-05	0.876798	0.876989
97 	37    	0.876966	7.90842e-05	0.876798	0.877195
98 	32    	0.877   	4.48903e-05	0.876985	0.877195
99 	31    	0.877   	4.48086e-05	0.876989	0.877195
100	36    	0.877015	6.65351e-05	0.876989	0.877195
0.939390893557
0.877195206509
