# INITIALIZATION
Counter({'TP': 5249, 'TN': 4057, 'FP': 358, 'FN': 285})
# Initial Accuracy: 0.935370388984
# Initial MCC: 0.868961748654
# Minimal variation in Mu: -0.0128823093691
# Min in Mu: [-0.01058709]
# Min variation in initial S: 1.26302681924e-08
gen	nevals	avg     	std      	min     	max     
0  	100   	0.867148	0.0019718	0.862846	0.872053
1  	39    	0.868879	0.00164525	0.864679	0.872289
2  	32    	0.870459	0.00144287	0.866341	0.872692
3  	32    	0.871676	0.00094659	0.868756	0.873286
4  	42    	0.8723  	0.000643733	0.870271	0.873485
5  	33    	0.872719	0.000404473	0.87189 	0.873485
6  	38    	0.873066	0.000456455	0.872053	0.874898
7  	37    	0.873395	0.000455061	0.872692	0.874898
8  	34    	0.873755	0.000550657	0.87306 	0.875103
9  	40    	0.874151	0.000664682	0.873485	0.875112
10 	33    	0.874805	0.000402138	0.873491	0.875536
11 	32    	0.875035	0.000161465	0.874488	0.875719
12 	38    	0.875159	0.000210572	0.874898	0.876126
13 	33    	0.875305	0.000308359	0.875103	0.876331
14 	35    	0.875478	0.000368248	0.875103	0.876331
15 	37    	0.875771	0.000372339	0.875103	0.876331
16 	38    	0.876051	0.00026044 	0.875331	0.876331
17 	31    	0.876213	0.000128748	0.875536	0.876331
18 	35    	0.876315	5.56668e-05	0.876126	0.876331
19 	37    	0.876331	8.51879e-11	0.876331	0.876331
20 	35    	0.876331	4.4212e-11 	0.876331	0.876331
21 	40    	0.876375	0.000244601	0.876331	0.877765
22 	39    	0.876432	0.00036585 	0.876331	0.877765
23 	38    	0.876604	0.000562512	0.876331	0.877765
24 	29    	0.876702	0.000609507	0.876331	0.877765
25 	37    	0.87704 	0.000682175	0.876331	0.877765
26 	33    	0.877497	0.000522911	0.876331	0.877765
27 	34    	0.877763	2.01166e-05	0.877563	0.877765
28 	32    	0.877765	1.11022e-16	0.877765	0.877765
29 	34    	0.877765	1.11022e-16	0.877765	0.877765
30 	44    	0.877765	1.11022e-16	0.877765	0.877765
31 	38    	0.877765	1.11022e-16	0.877765	0.877765
32 	29    	0.877765	1.11022e-16	0.877765	0.877765
33 	33    	0.877765	1.11022e-16	0.877765	0.877765
34 	43    	0.877777	6.67902e-05	0.877765	0.878157
35 	30    	0.877785	8.53323e-05	0.877765	0.878157
36 	44    	0.877816	0.000131673	0.877765	0.878157
37 	33    	0.877918	0.000188977	0.877765	0.878157
38 	35    	0.878034	0.000178714	0.877765	0.878157
39 	32    	0.87816 	0.000104937	0.877765	0.878569
40 	31    	0.878194	0.000118009	0.878157	0.878569
41 	33    	0.878297	0.000202106	0.878157	0.878783
42 	35    	0.878438	0.000212011	0.878157	0.878783
43 	35    	0.878585	0.000153055	0.878157	0.878974
44 	35    	0.878663	0.000140586	0.878569	0.878974
45 	33    	0.87878 	0.000156984	0.878569	0.878979
46 	35    	0.878884	0.000119277	0.878569	0.878979
47 	33    	0.878958	5.501e-05  	0.878783	0.878979
48 	36    	0.878971	2.69623e-05	0.878783	0.878979
49 	30    	0.878976	2.27287e-06	0.878974	0.878979
50 	31    	0.878977	2.46747e-06	0.878974	0.878979
51 	38    	0.878979	1.72099e-06	0.878974	0.878979
52 	34    	0.878979	8.06448e-12	0.878979	0.878979
53 	30    	0.878979	4.16509e-12	0.878979	0.878979
54 	36    	0.878979	3.87485e-12	0.878979	0.878979
55 	30    	0.878979	1.67337e-12	0.878979	0.878979
56 	34    	0.878988	6.17326e-05	0.878979	0.87942 
57 	40    	0.878998	8.64151e-05	0.878979	0.87942 
58 	33    	0.879021	0.000203748	0.877563	0.87942 
59 	32    	0.87907 	0.000161087	0.878979	0.87942 
60 	34    	0.879232	0.000251859	0.878979	0.880026
61 	36    	0.879419	0.000231732	0.878979	0.880026
62 	36    	0.879507	0.000223765	0.879179	0.880026
63 	33    	0.879682	0.000287747	0.87942 	0.880429
64 	39    	0.879914	0.000282077	0.87942 	0.880429
65 	35    	0.880108	0.000214801	0.87942 	0.880429
66 	39    	0.880296	0.000178914	0.880026	0.880429
67 	33    	0.880395	0.000120912	0.87963 	0.880429
68 	37    	0.880429	1.67996e-11	0.880429	0.880429
69 	32    	0.880429	1.82172e-11	0.880429	0.880429
70 	37    	0.880429	2.90877e-11	0.880429	0.880429
71 	33    	0.880429	2.63477e-11	0.880429	0.880429
72 	34    	0.880429	1.36512e-11	0.880429	0.880429
73 	34    	0.880431	1.94092e-05	0.880429	0.880624
74 	35    	0.880429	3.33067e-16	0.880429	0.880429
75 	37    	0.880429	3.33067e-16	0.880429	0.880429
76 	39    	0.880429	3.33067e-16	0.880429	0.880429
77 	33    	0.880429	3.33067e-16	0.880429	0.880429
78 	38    	0.880429	3.33067e-16	0.880429	0.880429
79 	33    	0.880429	3.33067e-16	0.880429	0.880429
80 	33    	0.880429	3.33067e-16	0.880429	0.880429
81 	37    	0.880429	3.33067e-16	0.880429	0.880429
82 	36    	0.880429	3.33067e-16	0.880429	0.880429
83 	39    	0.880429	3.33067e-16	0.880429	0.880429
84 	37    	0.880429	3.33067e-16	0.880429	0.880429
85 	34    	0.880429	3.33067e-16	0.880429	0.880429
86 	39    	0.880429	1.06334e-06	0.880429	0.880437
87 	32    	0.88043 	1.93792e-06	0.880429	0.880437
88 	37    	0.88043 	2.63547e-06	0.880429	0.880437
89 	37    	0.880435	2.92276e-05	0.880429	0.880639
90 	31    	0.880444	6.64267e-05	0.880429	0.881039
91 	39    	0.88043 	0.000106135	0.879413	0.880639
92 	35    	0.880443	3.39992e-05	0.880437	0.880639
93 	29    	0.880447	4.39708e-05	0.880437	0.880639
94 	38    	0.880475	9.24656e-05	0.880437	0.880833
95 	39    	0.880533	0.000148006	0.880437	0.881039
96 	32    	0.880655	0.000183077	0.880437	0.881039
97 	35    	0.880803	0.000167367	0.880437	0.881039
98 	34    	0.880929	0.00011938 	0.880631	0.881039
99 	37    	0.881019	5.99016e-05	0.880833	0.881039
100	36    	0.881027	0.000100161	0.880051	0.881039
0.941300633229
0.881038630635
