# INITIALIZATION
Counter({'TP': 5249, 'TN': 4057, 'FP': 358, 'FN': 285})
# Initial Accuracy: 0.935370388984
# Initial MCC: 0.868961748654
# Minimal variation in Mu: -0.0128823093691
# Min in Mu: [-0.01058709]
# Min variation in initial S: 1.26302681924e-08
gen	nevals	avg     	std       	min     	max     
0  	100   	0.867025	0.00188928	0.862269	0.872688
1  	35    	0.868678	0.00141028	0.865907	0.872688
2  	32    	0.869821	0.00119169	0.866308	0.872688
3  	36    	0.870457	0.00102025	0.868963	0.872696
4  	39    	0.871217	0.00115702	0.869785	0.873301
5  	38    	0.872339	0.000880034	0.870001	0.873301
6  	31    	0.872858	0.000299676	0.87166 	0.873507
7  	34    	0.873098	0.000257106	0.872688	0.873507
8  	37    	0.873329	0.000157281	0.872898	0.873713
9  	34    	0.873451	0.000175725	0.873084	0.874116
10 	37    	0.873562	0.000146731	0.873301	0.874094
11 	35    	0.873699	0.000148465	0.873301	0.874094
12 	37    	0.873839	0.000235882	0.873507	0.874725
13 	26    	0.874032	0.000309146	0.873713	0.874725
14 	32    	0.874276	0.000339746	0.873713	0.874725
15 	38    	0.874543	0.000268102	0.873713	0.874896
16 	38    	0.874693	0.000154699	0.874116	0.875314
17 	36    	0.874816	0.000201317	0.874698	0.87554 
18 	34    	0.874924	0.000272332	0.874725	0.875746
19 	36    	0.875028	0.000269855	0.874725	0.875746
20 	35    	0.875205	0.000240638	0.874725	0.875746
21 	35    	0.875382	0.000221356	0.874904	0.875746
22 	40    	0.875537	0.000227201	0.874718	0.875746
23 	33    	0.875705	0.000121519	0.875314	0.875944
24 	32    	0.875757	5.502e-05  	0.87554 	0.875944
25 	34    	0.875777	7.25769e-05	0.875746	0.875944
26 	36    	0.875809	9.23481e-05	0.875746	0.875944
27 	34    	0.875868	9.60918e-05	0.875746	0.875944
28 	32    	0.875924	5.93909e-05	0.875746	0.875944
29 	33    	0.875944	8.35485e-12	0.875944	0.875944
30 	27    	0.875944	1.08784e-11	0.875944	0.875944
31 	36    	0.875944	1.56305e-11	0.875944	0.875944
32 	38    	0.875944	2.10432e-11	0.875944	0.875944
33 	34    	0.875944	1.73452e-11	0.875944	0.875944
34 	36    	0.875944	2.22045e-16	0.875944	0.875944
35 	36    	0.875944	2.22045e-16	0.875944	0.875944
36 	30    	0.875944	2.22045e-16	0.875944	0.875944
37 	36    	0.875944	2.22045e-16	0.875944	0.875944
38 	37    	0.875944	2.22045e-16	0.875944	0.875944
39 	38    	0.875944	2.22045e-16	0.875944	0.875944
40 	40    	0.875944	2.22045e-16	0.875944	0.875944
41 	39    	0.875944	2.22045e-16	0.875944	0.875944
42 	30    	0.875944	2.22045e-16	0.875944	0.875944
43 	36    	0.875944	2.22045e-16	0.875944	0.875944
44 	36    	0.875944	2.22045e-16	0.875944	0.875944
45 	33    	0.87595 	3.44402e-05	0.875944	0.876146
46 	37    	0.875956	4.79467e-05	0.875944	0.876146
47 	39    	0.875996	9.73312e-05	0.875944	0.876347
48 	40    	0.876059	0.000115118	0.875944	0.876347
49 	35    	0.87615 	9.88361e-05	0.875944	0.876347
50 	31    	0.876253	0.000122692	0.876146	0.876549
51 	37    	0.876329	0.000107227	0.876146	0.876549
52 	35    	0.876398	9.20071e-05	0.876146	0.876549
53 	33    	0.876475	9.7519e-05 	0.876347	0.876549
54 	34    	0.876533	5.4797e-05 	0.876347	0.876549
55 	31    	0.876549	2.43887e-12	0.876549	0.876549
56 	35    	0.876549	2.76411e-13	0.876549	0.876549
57 	36    	0.876549	8.82228e-14	0.876549	0.876549
58 	42    	0.876549	0          	0.876549	0.876549
59 	33    	0.876549	0          	0.876549	0.876549
60 	35    	0.876549	0          	0.876549	0.876549
61 	27    	0.876549	0          	0.876549	0.876549
62 	35    	0.876549	0          	0.876549	0.876549
63 	35    	0.876549	0          	0.876549	0.876549
64 	37    	0.876549	0          	0.876549	0.876549
65 	37    	0.876549	0          	0.876549	0.876549
66 	32    	0.876549	0          	0.876549	0.876549
67 	32    	0.876549	0          	0.876549	0.876549
68 	32    	0.876549	0          	0.876549	0.876549
69 	37    	0.87655 	7.20173e-07	0.876549	0.876557
70 	35    	0.87655 	1.57749e-06	0.876549	0.876557
71 	39    	0.87655 	1.71893e-06	0.876549	0.876557
72 	34    	0.876559	5.69225e-05	0.876549	0.876957
73 	30    	0.876609	0.000134622	0.876549	0.877162
74 	40    	0.876702	0.000181785	0.876549	0.877162
75 	35    	0.876844	0.000169274	0.876549	0.877162
76 	34    	0.876953	0.000103267	0.876557	0.877162
77 	35    	0.877023	9.57122e-05	0.876957	0.877162
78 	38    	0.877111	8.85535e-05	0.876957	0.877162
79 	36    	0.877156	3.48537e-05	0.876957	0.877162
80 	30    	0.877162	5.14054e-11	0.877162	0.877162
81 	40    	0.877162	4.12298e-11	0.877162	0.877162
82 	33    	0.877162	3.72772e-11	0.877162	0.877162
83 	34    	0.877162	4.43517e-11	0.877162	0.877162
84 	39    	0.877162	3.91712e-11	0.877162	0.877162
85 	31    	0.877162	1.6074e-11 	0.877162	0.877162
86 	34    	0.877162	1.28477e-11	0.877162	0.877162
87 	35    	0.877162	1.44103e-11	0.877162	0.877162
88 	34    	0.877162	1.44726e-11	0.877162	0.877162
89 	37    	0.877162	8.01664e-12	0.877162	0.877162
90 	42    	0.877162	2.29818e-12	0.877162	0.877162
91 	37    	0.877162	1.06469e-12	0.877162	0.877162
92 	37    	0.877162	9.75316e-13	0.877162	0.877162
93 	30    	0.877162	5.8513e-13 	0.877162	0.877162
94 	30    	0.877162	7.51721e-14	0.877162	0.877162
95 	36    	0.877162	1.11022e-16	0.877162	0.877162
96 	31    	0.877162	1.11022e-16	0.877162	0.877162
97 	36    	0.877162	1.11022e-16	0.877162	0.877162
98 	27    	0.877162	1.11022e-16	0.877162	0.877162
99 	38    	0.877162	1.11022e-16	0.877162	0.877162
100	36    	0.877162	1.11022e-16	0.877162	0.877162
0.939390893557
0.87716241625
