# INITIALIZATION
Counter({'TP': 5249, 'TN': 4057, 'FP': 358, 'FN': 285})
# Initial Accuracy: 0.935370388984
# Initial MCC: 0.868961748654
# Minimal variation in Mu: -0.0128823093691
# Min in Mu: [-0.01058709]
# Min variation in initial S: 1.26302681924e-08
gen	nevals	avg     	std       	min     	max     
0  	100   	0.867571	0.00173281	0.862446	0.872839
1  	40    	0.869197	0.00136906	0.866327	0.873857
2  	31    	0.870261	0.00141567	0.867749	0.873857
3  	34    	0.871697	0.00148631	0.869194	0.874264
4  	30    	0.872851	0.00121389	0.870191	0.874264
5  	33    	0.873812	0.000595873	0.870622	0.87508 
6  	35    	0.874156	0.000362143	0.873449	0.87508 
7  	34    	0.874526	0.000392192	0.873857	0.875103
8  	34    	0.874811	0.000378005	0.874264	0.875284
9  	38    	0.875   	0.000276307	0.873856	0.875693
10 	36    	0.875162	0.000179268	0.87508 	0.875896
11 	34    	0.875239	0.000230806	0.87508 	0.8761  
12 	33    	0.875417	0.000317785	0.87508 	0.87651 
13 	36    	0.875581	0.00033277 	0.87509 	0.87651 
14 	35    	0.875883	0.00028952 	0.87509 	0.876518
15 	40    	0.87614 	0.000215294	0.875693	0.876713
16 	36    	0.876338	0.000254643	0.875896	0.876918
17 	32    	0.876568	0.000283185	0.8761  	0.87712 
18 	35    	0.876811	0.000216336	0.876304	0.87712 
19 	34    	0.876955	0.000183627	0.876304	0.877324
20 	30    	0.877092	0.000152528	0.876712	0.877529
21 	41    	0.877184	0.000151791	0.876916	0.877529
22 	35    	0.877269	0.000175206	0.87712 	0.877529
23 	40    	0.877414	0.000150882	0.87712 	0.877529
24 	32    	0.877508	7.38043e-05	0.877324	0.877736
25 	43    	0.877541	4.92378e-05	0.877529	0.877736
26 	37    	0.877547	5.93337e-05	0.877529	0.877736
27 	31    	0.877593	0.000108139	0.877529	0.87794 
28 	42    	0.877682	0.000163195	0.877529	0.878145
29 	41    	0.877813	0.000182538	0.877529	0.878145
30 	37    	0.877942	0.000172155	0.877537	0.878145
31 	32    	0.878069	0.000124899	0.877736	0.878145
32 	39    	0.878133	4.85627e-05	0.87794 	0.878145
33 	31    	0.878145	4.12978e-11	0.878145	0.878145
34 	33    	0.878145	5.41445e-11	0.878145	0.878145
35 	39    	0.878145	5.87849e-11	0.878145	0.878145
36 	31    	0.878145	4.00671e-11	0.878145	0.878145
37 	30    	0.878145	2.7167e-11 	0.878145	0.878145
38 	31    	0.878145	3.35604e-11	0.878145	0.878145
39 	36    	0.878145	3.19135e-11	0.878145	0.878145
40 	33    	0.878145	2.98739e-11	0.878145	0.878145
41 	36    	0.878145	2.70157e-11	0.878145	0.878145
42 	29    	0.878145	1.46508e-11	0.878145	0.878145
43 	36    	0.878145	6.80387e-12	0.878145	0.878145
44 	36    	0.878145	1.41425e-12	0.878145	0.878145
45 	36    	0.878145	6.58073e-13	0.878145	0.878145
46 	34    	0.878145	1.11022e-16	0.878145	0.878145
47 	30    	0.878145	1.11022e-16	0.878145	0.878145
48 	33    	0.878145	1.11022e-16	0.878145	0.878145
49 	35    	0.878145	1.11022e-16	0.878145	0.878145
50 	34    	0.878145	1.11022e-16	0.878145	0.878145
51 	33    	0.878143	8.95366e-05	0.877327	0.878356
52 	38    	0.878158	5.00511e-05	0.878145	0.878356
53 	33    	0.878185	9.19031e-05	0.878145	0.878555
54 	27    	0.878273	0.000146013	0.878145	0.87876 
55 	32    	0.878373	0.000138646	0.878145	0.87876 
56 	35    	0.878477	0.000189403	0.877959	0.87876 
57 	32    	0.878614	0.00017654 	0.878356	0.87876 
58 	35    	0.878725	9.95593e-05	0.878356	0.87876 
59 	37    	0.87876 	1.21722e-10	0.87876 	0.87876 
60 	30    	0.87876 	2.29694e-11	0.87876 	0.87876 
61 	37    	0.87876 	2.22045e-16	0.87876 	0.87876 
62 	39    	0.87876 	2.22045e-16	0.87876 	0.87876 
63 	31    	0.87876 	2.22045e-16	0.87876 	0.87876 
64 	35    	0.87876 	2.22045e-16	0.87876 	0.87876 
65 	35    	0.87876 	2.22045e-16	0.87876 	0.87876 
66 	34    	0.87876 	2.22045e-16	0.87876 	0.87876 
67 	28    	0.87876 	2.22045e-16	0.87876 	0.87876 
68 	39    	0.87876 	2.22045e-16	0.87876 	0.87876 
69 	33    	0.87876 	2.22045e-16	0.87876 	0.87876 
70 	39    	0.878764	2.82436e-05	0.87876 	0.878962
71 	34    	0.87877 	4.39683e-05	0.87876 	0.878962
72 	32    	0.878798	7.91429e-05	0.87876 	0.878962
73 	34    	0.878849	0.000100141	0.87876 	0.878962
74 	29    	0.878925	7.75061e-05	0.87876 	0.878962
75 	32    	0.87896 	2.00729e-05	0.87876 	0.878962
76 	29    	0.878962	4.38263e-11	0.878962	0.878962
77 	40    	0.878962	1.37968e-11	0.878962	0.878962
78 	41    	0.878962	1.12756e-11	0.878962	0.878962
79 	33    	0.878962	1.0599e-11 	0.878962	0.878962
80 	33    	0.878962	1.46802e-11	0.878962	0.878962
81 	38    	0.878962	1.74715e-11	0.878962	0.878962
82 	32    	0.878962	2.2174e-11 	0.878962	0.878962
83 	40    	0.878962	2.18549e-11	0.878962	0.878962
84 	32    	0.878962	6.0523e-12 	0.878962	0.878962
85 	37    	0.878962	2.22045e-16	0.878962	0.878962
86 	37    	0.878962	2.22045e-16	0.878962	0.878962
87 	37    	0.878962	2.22045e-16	0.878962	0.878962
88 	37    	0.878962	2.22045e-16	0.878962	0.878962
89 	35    	0.878962	2.22045e-16	0.878962	0.878962
90 	38    	0.878962	2.22045e-16	0.878962	0.878962
91 	38    	0.878962	2.22045e-16	0.878962	0.878962
92 	25    	0.878962	2.22045e-16	0.878962	0.878962
93 	35    	0.878962	2.22045e-16	0.878962	0.878962
94 	37    	0.878962	2.22045e-16	0.878962	0.878962
95 	39    	0.878962	2.22045e-16	0.878962	0.878962
96 	31    	0.878962	2.22045e-16	0.878962	0.878962
97 	32    	0.878962	2.22045e-16	0.878962	0.878962
98 	37    	0.878962	2.22045e-16	0.878962	0.878962
99 	30    	0.878962	2.22045e-16	0.878962	0.878962
100	33    	0.878962	1.9357e-07 	0.878962	0.878963
0.940295507086
0.878963089976
