# INITIALIZATION
Counter({'TP': 5249, 'TN': 4057, 'FP': 358, 'FN': 285})
# Initial Accuracy: 0.935370388984
# Initial MCC: 0.868961748654
# Minimal variation in Mu: -0.0128823093691
# Min in Mu: [-0.01058709]
# Min variation in initial S: 1.26302681924e-08
gen	nevals	avg     	std       	min     	max     
0  	100   	0.866815	0.00174873	0.861433	0.870845
1  	34    	0.868195	0.00137775	0.865293	0.870845
2  	38    	0.869409	0.000828806	0.866922	0.871206
3  	33    	0.870138	0.000812781	0.868594	0.872439
4  	38    	0.870871	0.000813932	0.869172	0.872439
5  	41    	0.871438	0.00066547 	0.869788	0.872439
6  	42    	0.871866	0.000640917	0.869581	0.873248
7  	41    	0.872349	0.000359583	0.871001	0.873248
8  	39    	0.872515	0.000223167	0.871643	0.873248
9  	37    	0.872704	0.000287978	0.872238	0.873463
10 	37    	0.872939	0.000425683	0.872033	0.874074
11 	36    	0.873281	0.00042431 	0.872439	0.874074
12 	39    	0.873583	0.000354023	0.872849	0.874074
13 	37    	0.873825	0.000253682	0.873248	0.874074
14 	32    	0.873982	0.000141301	0.873248	0.874476
15 	37    	0.874091	0.000167766	0.873875	0.874884
16 	34    	0.874183	0.000263878	0.873668	0.875496
17 	34    	0.874307	0.000338012	0.873875	0.875496
18 	34    	0.874557	0.000367711	0.874074	0.875496
19 	38    	0.874784	0.000323712	0.87408 	0.875496
20 	32    	0.874955	0.000258117	0.874476	0.875496
21 	39    	0.875093	0.000232062	0.874481	0.875496
22 	36    	0.875326	0.00017602 	0.874886	0.875496
23 	40    	0.875462	8.61017e-05	0.87509 	0.875496
24 	33    	0.875494	2.00354e-05	0.875295	0.875496
25 	43    	0.875496	2.78991e-11	0.875496	0.875496
26 	30    	0.875496	3.11642e-11	0.875496	0.875496
27 	36    	0.875496	2.09454e-11	0.875496	0.875496
28 	34    	0.875496	8.07761e-12	0.875496	0.875496
29 	34    	0.875496	6.99068e-12	0.875496	0.875496
30 	38    	0.875496	7.75943e-12	0.875496	0.875496
31 	38    	0.875496	5.94995e-12	0.875496	0.875496
32 	33    	0.875496	1.72969e-12	0.875496	0.875496
33 	38    	0.875496	4.11469e-13	0.875496	0.875496
34 	30    	0.875496	1.11022e-16	0.875496	0.875496
35 	32    	0.875496	1.11022e-16	0.875496	0.875496
36 	38    	0.875496	1.11022e-16	0.875496	0.875496
37 	35    	0.875505	8.14744e-05	0.875496	0.876315
38 	33    	0.875496	1.11022e-16	0.875496	0.875496
39 	39    	0.875496	1.11022e-16	0.875496	0.875496
40 	40    	0.875496	1.11022e-16	0.875496	0.875496
41 	33    	0.875496	1.11022e-16	0.875496	0.875496
42 	37    	0.875496	1.11022e-16	0.875496	0.875496
43 	35    	0.875496	1.11022e-16	0.875496	0.875496
44 	32    	0.875496	1.11022e-16	0.875496	0.875496
45 	34    	0.875496	1.11022e-16	0.875496	0.875496
46 	35    	0.875496	1.11022e-16	0.875496	0.875496
47 	35    	0.875496	1.11022e-16	0.875496	0.875496
48 	34    	0.875496	1.11022e-16	0.875496	0.875496
49 	32    	0.875496	1.11022e-16	0.875496	0.875496
50 	37    	0.875496	1.11022e-16	0.875496	0.875496
51 	30    	0.875496	1.11022e-16	0.875496	0.875496
52 	35    	0.875496	1.11022e-16	0.875496	0.875496
53 	37    	0.875496	1.11022e-16	0.875496	0.875496
54 	40    	0.875496	1.11022e-16	0.875496	0.875496
55 	32    	0.875496	1.11022e-16	0.875496	0.875496
56 	36    	0.875496	1.11022e-16	0.875496	0.875496
57 	32    	0.875496	1.11022e-16	0.875496	0.875496
58 	34    	0.875496	1.11022e-16	0.875496	0.875496
59 	37    	0.875496	1.11022e-16	0.875496	0.875496
60 	35    	0.875496	1.11022e-16	0.875496	0.875496
61 	39    	0.875496	2.28352e-07	0.875496	0.875498
62 	41    	0.875496	2.78242e-07	0.875496	0.875498
63 	34    	0.875496	3.19626e-07	0.875496	0.875498
64 	41    	0.875496	3.55486e-07	0.875496	0.875498
65 	35    	0.875497	5.65965e-07	0.875496	0.875498
66 	29    	0.875497	7.0628e-07 	0.875496	0.875498
67 	36    	0.875505	4.10797e-05	0.875496	0.875707
68 	34    	0.875514	6.37358e-05	0.875496	0.875911
69 	32    	0.875552	0.00012924 	0.87509 	0.875911
70 	32    	0.875651	0.00015335 	0.875498	0.875911
71 	39    	0.875769	0.000131963	0.875498	0.875911
72 	40    	0.875929	0.000236418	0.875295	0.876932
73 	34    	0.876144	0.000332294	0.875908	0.876932
74 	30    	0.876394	0.000330809	0.875911	0.876932
75 	36    	0.876639	0.000198589	0.875911	0.876932
76 	30    	0.876788	0.000143274	0.876522	0.876932
77 	32    	0.876889	8.81228e-05	0.876522	0.876932
78 	36    	0.876944	6.88687e-05	0.876932	0.877335
79 	35    	0.876952	8.33203e-05	0.876932	0.877335
80 	33    	0.877   	0.000136932	0.876932	0.877335
81 	42    	0.877139	0.0001838  	0.876932	0.877342
82 	32    	0.87729 	0.000108606	0.876932	0.877342
83 	37    	0.877333	2.81795e-05	0.877137	0.877342
84 	34    	0.877347	4.03548e-05	0.877335	0.877547
85 	39    	0.877363	6.40006e-05	0.877335	0.877547
86 	37    	0.877403	9.34306e-05	0.877337	0.877547
87 	28    	0.877483	9.44853e-05	0.877342	0.877547
88 	36    	0.877542	4.05504e-05	0.877342	0.877747
89 	36    	0.877553	3.4203e-05 	0.877547	0.877747
90 	34    	0.877577	8.73847e-05	0.877547	0.877952
91 	34    	0.877597	0.000108226	0.877547	0.877952
92 	38    	0.877682	0.000145955	0.877547	0.877952
93 	34    	0.877823	0.000133933	0.877547	0.877952
94 	36    	0.877927	6.65843e-05	0.877747	0.877952
95 	31    	0.877948	2.86859e-05	0.877747	0.877952
96 	38    	0.877952	1.52118e-11	0.877952	0.877952
97 	38    	0.877952	9.25612e-12	0.877952	0.877952
98 	40    	0.877952	2.06407e-12	0.877952	0.877952
99 	37    	0.877952	2.05334e-13	0.877952	0.877952
100	32    	0.877934	0.000182413	0.876119	0.877952
0.939792944014
0.877951977584
