# INITIALIZATION
Counter({'TP': 5249, 'TN': 4057, 'FP': 358, 'FN': 285})
# Initial Accuracy: 0.935370388984
# Initial MCC: 0.868961748654
# Minimal variation in Mu: -0.0128823093691
# Min in Mu: [-0.01058709]
# Min variation in initial S: 1.26302681924e-08
gen	nevals	avg    	std       	min     	max     
0  	100   	0.86727	0.00184918	0.862647	0.872063
1  	35    	0.868906	0.00134956	0.86593 	0.872256
2  	37    	0.870092	0.000986622	0.867532	0.872256
3  	27    	0.870664	0.0007068  	0.868761	0.872256
4  	34    	0.87115 	0.00059774 	0.86926 	0.872256
5  	37    	0.871614	0.000503193	0.870221	0.872256
6  	37    	0.872073	0.000355782	0.871224	0.872842
7  	37    	0.872428	0.000328403	0.871622	0.873507
8  	35    	0.872669	0.000330017	0.872256	0.873903
9  	33    	0.872912	0.000368633	0.872256	0.873903
10 	33    	0.873139	0.000430479	0.87284 	0.873903
11 	36    	0.873362	0.000463985	0.872842	0.873903
12 	39    	0.873716	0.000312745	0.872866	0.873906
13 	36    	0.873905	4.49239e-05	0.873697	0.874105
14 	30    	0.873921	5.77235e-05	0.873903	0.874105
15 	35    	0.873957	9.97102e-05	0.873903	0.874283
16 	34    	0.874013	0.000118348	0.873903	0.874283
17 	34    	0.874101	0.000120853	0.873903	0.87431 
18 	37    	0.874209	9.56052e-05	0.873906	0.87431 
19 	35    	0.874254	7.54797e-05	0.874105	0.87431 
20 	38    	0.874301	6.27874e-05	0.874105	0.874711
21 	36    	0.874315	7.05202e-05	0.874283	0.874711
22 	35    	0.87432 	8.98094e-05	0.873896	0.874711
23 	41    	0.874346	0.000125142	0.87431 	0.874916
24 	37    	0.874412	0.000205907	0.87431 	0.874916
25 	33    	0.874552	0.000254622	0.87431 	0.874916
26 	35    	0.874754	0.000209087	0.87431 	0.874916
27 	38    	0.874866	0.000115773	0.87431 	0.874916
28 	39    	0.874914	4.47657e-05	0.874711	0.875109
29 	33    	0.874941	6.48231e-05	0.874916	0.875109
30 	29    	0.874974	8.833e-05  	0.874916	0.875109
31 	27    	0.875051	8.833e-05  	0.874916	0.875109
32 	39    	0.875102	3.79571e-05	0.874916	0.875121
33 	38    	0.87511 	4.13328e-06	0.875109	0.875121
34 	39    	0.875126	7.11934e-05	0.875109	0.875529
35 	33    	0.875168	0.000133378	0.875109	0.875529
36 	34    	0.875268	0.00019569 	0.875109	0.875529
37 	39    	0.875399	0.000189856	0.875121	0.875529
38 	35    	0.875505	9.6335e-05 	0.875121	0.875529
39 	31    	0.875529	4.89387e-11	0.875529	0.875529
40 	34    	0.875529	2.47231e-11	0.875529	0.875529
41 	30    	0.875537	4.93767e-05	0.875529	0.875936
42 	29    	0.875576	0.000114344	0.875529	0.876126
43 	32    	0.875683	0.000202483	0.875529	0.876537
44 	38    	0.875795	0.000215031	0.875529	0.876537
45 	38    	0.875927	0.000198565	0.875529	0.876537
46 	30    	0.876039	0.000217842	0.875734	0.876537
47 	30    	0.876243	0.0002799  	0.875936	0.876561
48 	33    	0.876376	0.000233537	0.875936	0.876561
49 	36    	0.876519	9.60375e-05	0.87594 	0.876734
50 	35    	0.876551	3.97345e-05	0.876537	0.876739
51 	37    	0.876571	6.01725e-05	0.876537	0.876739
52 	33    	0.876617	8.59096e-05	0.876537	0.876739
53 	40    	0.876694	9.97298e-05	0.876537	0.876944
54 	34    	0.876755	7.94135e-05	0.876561	0.876944
55 	32    	0.876791	0.000126056	0.875927	0.876944
56 	36    	0.876897	0.000120501	0.876739	0.877349
57 	31    	0.877005	0.000152071	0.876766	0.877349
58 	37    	0.87709 	0.000192215	0.876944	0.877349
59 	37    	0.877252	0.000207921	0.876944	0.877759
60 	35    	0.877364	0.000158712	0.876944	0.877759
61 	42    	0.877409	0.000151378	0.876944	0.877759
62 	33    	0.877528	0.000187217	0.877349	0.877759
63 	38    	0.877675	0.00014523 	0.877349	0.877759
64 	35    	0.877749	5.33071e-05	0.877349	0.877759
65 	35    	0.877759	5.11727e-11	0.877759	0.877759
66 	33    	0.877759	4.36061e-11	0.877759	0.877759
67 	32    	0.877759	1.50314e-11	0.877759	0.877759
68 	35    	0.877759	1.25921e-11	0.877759	0.877759
69 	36    	0.877759	6.43373e-12	0.877759	0.877759
70 	38    	0.877759	9.05259e-12	0.877759	0.877759
71 	32    	0.877757	2.04159e-05	0.877554	0.877759
72 	32    	0.877768	4.07949e-05	0.877759	0.877968
73 	38    	0.877782	6.51376e-05	0.877759	0.877968
74 	38    	0.877805	8.62381e-05	0.877759	0.877968
75 	34    	0.877857	0.000103903	0.877759	0.877968
76 	32    	0.877951	6.34849e-05	0.877759	0.87817 
77 	32    	0.877976	4.91385e-05	0.877759	0.87817 
78 	39    	0.877986	5.78867e-05	0.877968	0.87817 
79 	35    	0.878012	8.37906e-05	0.877968	0.87817 
80 	42    	0.878065	0.000101055	0.877968	0.87817 
81 	36    	0.878142	7.01859e-05	0.877968	0.87817 
82 	40    	0.87817 	1.29017e-10	0.87817 	0.87817 
83 	34    	0.87817 	5.30396e-11	0.87817 	0.87817 
84 	31    	0.87817 	2.42744e-12	0.87817 	0.87817 
85 	35    	0.87817 	1.46352e-12	0.87817 	0.87817 
86 	38    	0.87817 	5.7535e-13 	0.87817 	0.87817 
87 	36    	0.87817 	2.19258e-13	0.87817 	0.87817 
88 	38    	0.87817 	1.97179e-13	0.87817 	0.87817 
89 	33    	0.87817 	6.29345e-14	0.87817 	0.87817 
90 	36    	0.878158	0.000120335	0.87696 	0.87817 
91 	37    	0.87817 	3.33067e-16	0.87817 	0.87817 
92 	37    	0.87817 	3.33067e-16	0.87817 	0.87817 
93 	36    	0.87817 	3.33067e-16	0.87817 	0.87817 
94 	34    	0.87817 	3.33067e-16	0.87817 	0.87817 
95 	36    	0.87817 	1.21631e-06	0.87817 	0.878176
96 	31    	0.878171	2.01702e-06	0.87817 	0.878176
97 	36    	0.878194	6.36934e-05	0.87817 	0.878375
98 	37    	0.878228	8.95828e-05	0.87817 	0.878375
99 	37    	0.878303	9.58866e-05	0.87817 	0.878375
100	34    	0.878359	5.40034e-05	0.878176	0.878375
0.939993969243
0.878375135649
