# INITIALIZATION
Counter({'TP': 5249, 'TN': 4057, 'FP': 358, 'FN': 285})
# Initial Accuracy: 0.935370388984
# Initial MCC: 0.868961748654
# Minimal variation in Mu: -0.0128823093691
# Min in Mu: [-0.01058709]
# Min variation in initial S: 1.26302681924e-08
gen	nevals	avg     	std       	min     	max     
0  	100   	0.866983	0.00173312	0.862227	0.870409
1  	33    	0.868327	0.0013568 	0.865098	0.871232
2  	36    	0.869439	0.000981159	0.866107	0.871232
3  	36    	0.870262	0.00066956 	0.868963	0.87166 
4  	35    	0.870754	0.000610282	0.869377	0.87166 
5  	34    	0.871215	0.000428706	0.870184	0.871851
6  	39    	0.871488	0.000262178	0.870209	0.87206 
7  	29    	0.871682	0.000178052	0.87123 	0.87206 
8  	38    	0.871891	0.000373952	0.871438	0.873485
9  	37    	0.872186	0.000571838	0.87166 	0.873485
10 	38    	0.872412	0.000594966	0.871851	0.873485
11 	32    	0.872833	0.000657327	0.87206 	0.873701
12 	40    	0.873355	0.00034621 	0.87206 	0.873701
13 	27    	0.873501	0.000144696	0.872467	0.873701
14 	41    	0.873607	0.000144002	0.873485	0.874112
15 	38    	0.873705	0.000144539	0.873485	0.874112
16 	34    	0.873782	0.000164458	0.87369 	0.874294
17 	41    	0.873852	0.000209091	0.873511	0.874499
18 	31    	0.874025	0.000251925	0.873701	0.874721
19 	36    	0.874241	0.00021182 	0.873717	0.874721
20 	35    	0.874372	0.00026419 	0.872715	0.874721
21 	40    	0.874542	0.000176461	0.874112	0.874721
22 	35    	0.874667	0.000103029	0.874318	0.874721
23 	39    	0.874723	3.43253e-05	0.874499	0.874906
24 	35    	0.874723	1.84259e-05	0.874721	0.874906
25 	25    	0.874739	7.83353e-05	0.874721	0.875112
26 	33    	0.87475 	0.000100816	0.874721	0.875112
27 	36    	0.874789	0.000141471	0.874721	0.875112
28 	38    	0.874882	0.000181041	0.874721	0.875112
29 	41    	0.874982	0.000248325	0.873127	0.875112
30 	39    	0.875082	9.35793e-05	0.874721	0.875112
31 	24    	0.875112	3.45069e-10	0.875112	0.875112
32 	35    	0.875112	3.91314e-10	0.875112	0.875112
33 	38    	0.875114	2.01271e-05	0.875112	0.875314
34 	33    	0.875118	3.45073e-05	0.875112	0.875314
35 	40    	0.87512 	3.96396e-05	0.875112	0.875314
36 	37    	0.875142	7.22302e-05	0.875112	0.875314
37 	33    	0.875176	9.43612e-05	0.875112	0.875314
38 	36    	0.875233	9.90991e-05	0.875112	0.875314
39 	39    	0.875304	4.4087e-05 	0.875112	0.875314
40 	35    	0.875314	2.22045e-16	0.875314	0.875314
41 	27    	0.875314	2.22045e-16	0.875314	0.875314
42 	35    	0.875322	5.59198e-05	0.875314	0.875713
43 	32    	0.875334	8.70531e-05	0.875314	0.875713
44 	35    	0.87537 	0.000160734	0.875314	0.876121
45 	39    	0.87541 	0.000203847	0.875314	0.876121
46 	32    	0.875577	0.000291214	0.875314	0.876121
47 	32    	0.875837	0.000275569	0.875314	0.876121
48 	42    	0.87607 	0.000109565	0.875713	0.876124
49 	33    	0.876121	6.05133e-07	0.876121	0.876124
50 	28    	0.876121	8.56919e-07	0.876121	0.876124
51 	38    	0.876122	1.13123e-06	0.876121	0.876124
52 	36    	0.876123	1.26147e-06	0.876121	0.876124
53 	35    	0.876123	6.05125e-07	0.876121	0.876124
54 	35    	0.876124	1.66499e-11	0.876124	0.876124
55 	33    	0.876124	1.94581e-11	0.876124	0.876124
56 	31    	0.876124	1.59769e-11	0.876124	0.876124
57 	34    	0.876124	9.03362e-12	0.876124	0.876124
58 	35    	0.876124	1.11022e-16	0.876124	0.876124
59 	29    	0.876124	1.11022e-16	0.876124	0.876124
60 	36    	0.876124	1.11022e-16	0.876124	0.876124
61 	34    	0.876124	1.11022e-16	0.876124	0.876124
62 	34    	0.876124	1.11022e-16	0.876124	0.876124
63 	35    	0.876097	0.000263753	0.873473	0.876124
64 	34    	0.876124	1.11022e-16	0.876124	0.876124
65 	38    	0.876093	0.000267244	0.873465	0.876124
66 	27    	0.876124	1.11022e-16	0.876124	0.876124
67 	35    	0.876124	1.11022e-16	0.876124	0.876124
68 	42    	0.876124	1.11022e-16	0.876124	0.876124
69 	40    	0.876124	1.11022e-16	0.876124	0.876124
70 	33    	0.876124	1.11022e-16	0.876124	0.876124
71 	37    	0.876124	1.11022e-16	0.876124	0.876124
72 	35    	0.876124	1.11022e-16	0.876124	0.876124
73 	34    	0.876124	1.11022e-16	0.876124	0.876124
74 	39    	0.876124	1.11022e-16	0.876124	0.876124
75 	28    	0.876124	1.11022e-16	0.876124	0.876124
76 	36    	0.876124	1.11022e-16	0.876124	0.876124
77 	34    	0.876124	1.11022e-16	0.876124	0.876124
78 	34    	0.876124	1.11022e-16	0.876124	0.876124
79 	40    	0.876124	1.11022e-16	0.876124	0.876124
80 	37    	0.876124	1.11022e-16	0.876124	0.876124
81 	33    	0.876124	1.11022e-16	0.876124	0.876124
82 	39    	0.876124	1.11022e-16	0.876124	0.876124
83 	37    	0.876124	1.11022e-16	0.876124	0.876124
84 	32    	0.876128	4.0305e-05 	0.876124	0.876529
85 	34    	0.876134	5.29064e-05	0.876124	0.876529
86 	34    	0.87615 	8.46479e-05	0.876124	0.876529
87 	36    	0.876173	8.76066e-05	0.876124	0.876329
88 	31    	0.876214	0.000101823	0.876124	0.876329
89 	39    	0.876284	8.49734e-05	0.876124	0.876329
90 	27    	0.876327	2.041e-05  	0.876124	0.876329
91 	37    	0.876329	1.77062e-11	0.876329	0.876329
92 	36    	0.876329	1.11022e-16	0.876329	0.876329
93 	34    	0.876329	1.11022e-16	0.876329	0.876329
94 	40    	0.876329	1.11022e-16	0.876329	0.876329
95 	30    	0.876329	1.11022e-16	0.876329	0.876329
96 	40    	0.876329	1.11022e-16	0.876329	0.876329
97 	38    	0.876329	1.11022e-16	0.876329	0.876329
98 	34    	0.876329	1.11022e-16	0.876329	0.876329
99 	30    	0.876329	1.11022e-16	0.876329	0.876329
100	32    	0.876329	1.11022e-16	0.876329	0.876329
0.9389888431
0.876328736409
