# INITIALIZATION
Counter({'TP': 5249, 'TN': 4057, 'FP': 358, 'FN': 285})
# Initial Accuracy: 0.935370388984
# Initial MCC: 0.868961748654
# Minimal variation in Mu: -0.0128823093691
# Min in Mu: [-0.01058709]
# Min variation in initial S: 1.26302681924e-08
gen	nevals	avg     	std       	min     	max     
0  	100   	0.867387	0.00179475	0.862842	0.871036
1  	35    	0.868846	0.00126204	0.865318	0.871036
2  	41    	0.869737	0.000945421	0.867561	0.872245
3  	32    	0.870361	0.000705989	0.86795 	0.872245
4  	34    	0.870817	0.00065174 	0.869995	0.872245
5  	40    	0.87133 	0.000713925	0.869993	0.872853
6  	34    	0.871957	0.000573055	0.870423	0.873056
7  	40    	0.87235 	0.000405723	0.871046	0.873459
8  	35    	0.872607	0.000377848	0.871242	0.873878
9  	34    	0.872918	0.000479347	0.872245	0.875728
10 	38    	0.873343	0.000508068	0.872642	0.875728
11 	44    	0.873839	0.000649745	0.872866	0.875728
12 	37    	0.874119	0.000598624	0.872866	0.875728
13 	38    	0.874593	0.000591979	0.873459	0.876132
14 	33    	0.875001	0.000609459	0.873681	0.876132
15 	38    	0.875462	0.000495545	0.874283	0.876132
16 	37    	0.875818	0.000318463	0.874693	0.876537
17 	27    	0.876018	0.000273461	0.875728	0.876537
18 	36    	0.876225	0.000283739	0.875728	0.876944
19 	40    	0.876379	0.000273406	0.875324	0.876944
20 	34    	0.876592	0.000195324	0.876132	0.876944
21 	35    	0.876716	0.000170492	0.876146	0.876944
22 	33    	0.876848	0.000117155	0.876537	0.876944
23 	39    	0.876922	6.39626e-05	0.876739	0.876944
24 	38    	0.876952	3.96566e-05	0.876944	0.877147
25 	39    	0.876975	7.22611e-05	0.876944	0.877147
26 	38    	0.877029	9.98822e-05	0.876944	0.877147
27 	37    	0.877096	0.000132345	0.876944	0.877754
28 	37    	0.877171	0.000138147	0.876944	0.877754
29 	27    	0.87722 	0.000197379	0.877147	0.877754
30 	35    	0.877319	0.000276683	0.877147	0.877957
31 	28    	0.877556	0.00030835 	0.877147	0.877957
32 	37    	0.877797	0.000198999	0.877147	0.878162
33 	37    	0.877902	0.000117989	0.877754	0.878162
34 	39    	0.877973	9.87213e-05	0.877549	0.878162
35 	36    	0.878024	9.64178e-05	0.877957	0.878162
36 	36    	0.878092	9.70996e-05	0.877957	0.878162
37 	36    	0.878151	4.46899e-05	0.877957	0.878162
38 	30    	0.878162	3.02143e-11	0.878162	0.878162
39 	38    	0.878162	1.43883e-11	0.878162	0.878162
40 	35    	0.878162	2.35837e-13	0.878162	0.878162
41 	39    	0.878162	3.01637e-13	0.878162	0.878162
42 	40    	0.878162	4.34304e-13	0.878162	0.878162
43 	28    	0.878162	2.48779e-13	0.878162	0.878162
44 	36    	0.878162	3.33067e-16	0.878162	0.878162
45 	37    	0.878162	3.33067e-16	0.878162	0.878162
46 	36    	0.878162	3.33067e-16	0.878162	0.878162
47 	34    	0.878162	3.33067e-16	0.878162	0.878162
48 	31    	0.878162	3.33067e-16	0.878162	0.878162
49 	35    	0.878162	3.33067e-16	0.878162	0.878162
50 	34    	0.878162	3.33067e-16	0.878162	0.878162
51 	33    	0.878162	3.33067e-16	0.878162	0.878162
52 	31    	0.878162	3.33067e-16	0.878162	0.878162
53 	38    	0.878162	3.33067e-16	0.878162	0.878162
54 	37    	0.878162	3.33067e-16	0.878162	0.878162
55 	33    	0.878162	3.33067e-16	0.878162	0.878162
56 	33    	0.878162	3.33067e-16	0.878162	0.878162
57 	34    	0.878162	3.33067e-16	0.878162	0.878162
58 	29    	0.878162	3.33067e-16	0.878162	0.878162
59 	30    	0.878162	3.33067e-16	0.878162	0.878162
60 	33    	0.878162	3.33067e-16	0.878162	0.878162
61 	33    	0.878162	3.33067e-16	0.878162	0.878162
62 	35    	0.878162	3.33067e-16	0.878162	0.878162
63 	33    	0.878162	3.33067e-16	0.878162	0.878162
64 	32    	0.878162	3.33067e-16	0.878162	0.878162
65 	38    	0.878162	3.33067e-16	0.878162	0.878162
66 	39    	0.878162	3.33067e-16	0.878162	0.878162
67 	32    	0.878162	3.33067e-16	0.878162	0.878162
68 	31    	0.878162	3.33067e-16	0.878162	0.878162
69 	34    	0.878162	3.33067e-16	0.878162	0.878162
70 	40    	0.878162	3.33067e-16	0.878162	0.878162
71 	32    	0.878162	3.33067e-16	0.878162	0.878162
72 	36    	0.878162	3.33067e-16	0.878162	0.878162
73 	36    	0.878162	3.33067e-16	0.878162	0.878162
74 	38    	0.878162	3.33067e-16	0.878162	0.878162
75 	36    	0.878145	0.00016168 	0.876537	0.878162
76 	30    	0.878162	3.33067e-16	0.878162	0.878162
77 	30    	0.878162	3.33067e-16	0.878162	0.878162
78 	36    	0.878162	3.33067e-16	0.878162	0.878162
79 	34    	0.878162	3.33067e-16	0.878162	0.878162
80 	34    	0.878162	3.33067e-16	0.878162	0.878162
81 	33    	0.878162	3.33067e-16	0.878162	0.878162
82 	42    	0.878162	3.33067e-16	0.878162	0.878162
83 	34    	0.878162	3.33067e-16	0.878162	0.878162
84 	35    	0.878162	3.33067e-16	0.878162	0.878162
85 	32    	0.878162	3.33067e-16	0.878162	0.878162
86 	36    	0.878162	3.33067e-16	0.878162	0.878162
87 	33    	0.878162	3.33067e-16	0.878162	0.878162
88 	31    	0.878162	3.33067e-16	0.878162	0.878162
89 	33    	0.878162	3.33067e-16	0.878162	0.878162
90 	39    	0.878147	0.000142761	0.876727	0.878162
91 	37    	0.878162	3.33067e-16	0.878162	0.878162
92 	39    	0.878162	3.33067e-16	0.878162	0.878162
93 	39    	0.878162	3.33067e-16	0.878162	0.878162
94 	34    	0.878162	3.33067e-16	0.878162	0.878162
95 	33    	0.878162	3.33067e-16	0.878162	0.878162
96 	32    	0.878162	3.33067e-16	0.878162	0.878162
97 	33    	0.878162	3.33067e-16	0.878162	0.878162
98 	32    	0.878162	3.33067e-16	0.878162	0.878162
99 	37    	0.878162	3.33067e-16	0.878162	0.878162
100	32    	0.878162	3.33067e-16	0.878162	0.878162
0.939893456629
0.878161651683
