0.66245
0.00569583794277
0.67861
0.0378099410697



0.0 100.0 0.00357363 0.0027885 -0.00610801 0.00952336
1.0 32.0 0.00600564 0.00174706 0.000767876 0.00952336
2.0 36.0 0.00743309 0.00134084 0.00397014 0.0112347
3.0 36.0 0.00879517 0.00142308 0.00664823 0.0122584
4.0 36.0 0.00997285 0.001481 0.00732598 0.0131911
5.0 36.0 0.0112017 0.00118303 0.00899297 0.0133982
6.0 32.0 0.0119583 0.000709446 0.00955435 0.0133982
7.0 34.0 0.0123591 0.000565682 0.0112257 0.0133982
8.0 39.0 0.012883 0.00071853 0.0117812 0.0153539
9.0 37.0 0.0134091 0.000746934 0.0122584 0.0153539
10.0 31.0 0.0139747 0.000877871 0.0126076 0.0153539
11.0 32.0 0.0146159 0.000765611 0.0132459 0.0153539
12.0 33.0 0.0152785 0.000489208 0.0136949 0.0176015
13.0 32.0 0.01546 0.000263161 0.0153539 0.0164313
14.0 36.0 0.0157164 0.00055684 0.0153539 0.018411
15.0 31.0 0.0161552 0.000813882 0.0153539 0.018411
16.0 38.0 0.016956 0.000994471 0.0153539 0.018411
17.0 33.0 0.0178103 0.000747625 0.0162768 0.0190588
18.0 36.0 0.0183175 0.000436953 0.0167348 0.0198935
19.0 34.0 0.0185196 0.000394019 0.0177453 0.0198935
20.0 37.0 0.0187116 0.000515164 0.0181206 0.0198935
21.0 36.0 0.019121 0.000612726 0.0183434 0.0198935
22.0 36.0 0.0197037 0.000537189 0.018411 0.0215871
23.0 30.0 0.0200518 0.000409292 0.0193751 0.0215871
24.0 30.0 0.020314 0.000516859 0.0198935 0.0215871
25.0 35.0 0.0208399 0.000788223 0.0198935 0.0236189
26.0 35.0 0.0215266 0.000853051 0.0198935 0.0237272
27.0 31.0 0.0223147 0.000940532 0.0201599 0.0240935
28.0 32.0 0.0231523 0.000810684 0.0206695 0.0248313
29.0 38.0 0.0238086 0.000575946 0.0224598 0.025504
30.0 37.0 0.0242599 0.000535232 0.0236189 0.025504
31.0 37.0 0.0247195 0.000553566 0.0238213 0.025575
32.0 31.0 0.0252125 0.000464476 0.0240935 0.0261002
33.0 34.0 0.0255985 0.000384518 0.0243205 0.0265413
34.0 32.0 0.0258333 0.000349386 0.0248313 0.0265413
35.0 30.0 0.026184 0.000386548 0.025504 0.027343
36.0 34.0 0.0265311 0.000274823 0.0258337 0.0273524
37.0 37.0 0.0267869 0.000362892 0.0261002 0.0278203
38.0 35.0 0.0270549 0.000401786 0.0263108 0.0278785
39.0 34.0 0.0273534 0.000290779 0.026639 0.0279707
40.0 31.0 0.027586 0.00027555 0.026881 0.0283977
41.0 37.0 0.0277947 0.000295956 0.027343 0.0283977
42.0 30.0 0.0280784 0.000258947 0.0275022 0.0285738
43.0 36.0 0.0282783 0.000291238 0.0278785 0.0296947
44.0 33.0 0.0284763 0.000250935 0.0278961 0.0296947
45.0 33.0 0.0286967 0.000360401 0.0281884 0.0296947
46.0 39.0 0.0288947 0.000462416 0.0283977 0.0299486
47.0 33.0 0.0292818 0.000490476 0.0285648 0.0300764
48.0 38.0 0.0296501 0.000320821 0.0285738 0.0303669
49.0 29.0 0.0297979 0.000204127 0.0296947 0.0303669
50.0 32.0 0.0299115 0.000270818 0.0296947 0.0304512
51.0 34.0 0.0301556 0.000271447 0.0296947 0.0306267
52.0 34.0 0.0304076 0.00019236 0.0298377 0.0309419
53.0 31.0 0.0305566 0.000186487 0.0298377 0.0309419
54.0 39.0 0.0307069 0.000145058 0.0303669 0.0309419
55.0 38.0 0.0308109 0.000100515 0.0305844 0.0309419
56.0 27.0 0.0308818 7.04731e-05 0.030742 0.0309419
57.0 37.0 0.0309252 4.43496e-05 0.030742 0.0309419
58.0 36.0 0.0309475 2.74392e-05 0.0309419 0.0310819
59.0 34.0 0.0309576 0.000120752 0.0300099 0.0313846
60.0 38.0 0.0310024 0.000143682 0.0300597 0.0313846
61.0 34.0 0.0310942 0.000150474 0.0309419 0.0313846
62.0 29.0 0.031224 0.000153634 0.0309419 0.0314088
63.0 33.0 0.031341 0.000122704 0.0310819 0.0315609
64.0 37.0 0.0314091 7.88527e-05 0.0310819 0.0316277
65.0 37.0 0.0314544 8.86903e-05 0.0313846 0.0316277
66.0 35.0 0.0315365 0.000110488 0.0313846 0.0321451
67.0 33.0 0.0316243 0.000104204 0.0314941 0.0321451
68.0 33.0 0.0317106 0.000179991 0.0315609 0.0322252
69.0 37.0 0.031833 0.000236367 0.0315609 0.0322252
70.0 33.0 0.0320565 0.000246558 0.0316277 0.0331815
71.0 29.0 0.032288 0.000264203 0.0318145 0.0331815
72.0 38.0 0.0324115 0.00031845 0.0321451 0.0331815
73.0 38.0 0.0326589 0.000375345 0.0322252 0.0332489
74.0 34.0 0.0330265 0.000289216 0.0322837 0.0339438
75.0 35.0 0.0331956 0.000209582 0.0325618 0.0339438
76.0 34.0 0.0333128 0.000233912 0.0331815 0.0339438
77.0 31.0 0.033456 0.000292169 0.0331815 0.0341061
78.0 38.0 0.0337464 0.000335077 0.0332489 0.0345992
79.0 40.0 0.0340145 0.000310585 0.0332489 0.0349139
80.0 32.0 0.0342486 0.000319799 0.0339312 0.0350491
81.0 29.0 0.0345686 0.000349779 0.0339438 0.0357257
82.0 37.0 0.0348492 0.000274433 0.0342388 0.0357257
83.0 29.0 0.0350696 0.000308168 0.0345992 0.0361314
84.0 30.0 0.0354179 0.000377759 0.0343525 0.0361314
85.0 36.0 0.0357415 0.000298823 0.0350491 0.0361314
86.0 40.0 0.0359599 0.000257927 0.0344167 0.0361314
87.0 36.0 0.0361143 6.52453e-05 0.0357257 0.0362215
88.0 40.0 0.036145 3.51692e-05 0.036109 0.0362215
89.0 37.0 0.0361997 0.000174036 0.036109 0.0371522
90.0 34.0 0.0363214 0.000296028 0.0361314 0.0371522
91.0 39.0 0.0364998 0.000379484 0.0361314 0.0371522
92.0 32.0 0.0368158 0.000383458 0.0362215 0.0372708
93.0 34.0 0.037097 0.000226406 0.0362667 0.0377844
94.0 37.0 0.0372098 0.0001652 0.03643 0.037787
95.0 35.0 0.0372922 0.000134596 0.0371522 0.0377844
96.0 39.0 0.0374601 0.000207506 0.0371522 0.0378962
97.0 33.0 0.0376426 0.00020405 0.0372708 0.0381846
98.0 32.0 0.0378241 0.000200357 0.0372708 0.0382335
99.0 35.0 0.0379854 0.000174298 0.0375322 0.038803
100.0 33.0 0.0381146 0.000195644 0.0378962 0.0389473
