# INITIALIZATION
Counter({'TN': 170905, 'TP': 38533, 'FN': 6977, 'FP': 4136})
# Initial Accuracy: 0.949612561267
# Initial MCC: 0.843208222866
# Minimal variation in Mu: -0.0242295621757
# Min in Mu: [-0.0242295]
# Min variation in initial S: 0.0
gen	nevals	avg     	std      	min    	max     
0  	100   	0.256181	0.0418152	0.14556	0.351068
1  	37    	0.290543	0.0262275	0.227688	0.336018
2  	32    	0.314703	0.015694 	0.270142	0.351412
3  	30    	0.327866	0.00949893	0.309725	0.351412
4  	42    	0.339032	0.0113493 	0.323189	0.375169
5  	38    	0.349758	0.0126585 	0.329193	0.388091
6  	33    	0.358983	0.0110336 	0.336018	0.390838
7  	34    	0.370049	0.00869497	0.347655	0.39155 
8  	35    	0.376804	0.00722439	0.360668	0.397552
9  	36    	0.386587	0.0113602 	0.37129 	0.42547 
10 	29    	0.395086	0.0139338 	0.375169	0.42547 
11 	33    	0.406517	0.0139573 	0.382267	0.430844
12 	36    	0.416753	0.011422  	0.390838	0.448713
13 	33    	0.426782	0.00768107	0.411276	0.448713
14 	30    	0.43358 	0.00748908	0.418575	0.448713
15 	31    	0.440246	0.00566865	0.42513 	0.448724
16 	36    	0.446374	0.00486984	0.434008	0.461399
17 	41    	0.450921	0.00631203	0.440946	0.470266
18 	36    	0.456126	0.00715651	0.445879	0.479401
19 	39    	0.462344	0.00704003	0.44682 	0.479815
20 	44    	0.467117	0.00508582	0.451402	0.479815
21 	31    	0.470401	0.00403311	0.461399	0.479815
22 	39    	0.474215	0.00547615	0.468651	0.491809
23 	36    	0.479019	0.00621625	0.46461 	0.491809
24 	36    	0.484616	0.00559688	0.47601 	0.494045
25 	35    	0.489392	0.00451014	0.479815	0.495034
26 	33    	0.492331	0.00186925	0.480502	0.495336
27 	31    	0.494203	0.0028403 	0.491809	0.504294
28 	36    	0.496169	0.00335915	0.491809	0.504294
29 	37    	0.498352	0.00347551	0.49301 	0.504294
30 	41    	0.501329	0.00310284	0.494583	0.509358
31 	37    	0.50358 	0.00188854	0.494648	0.51296 
32 	30    	0.504596	0.00213897	0.503088	0.51296 
33 	32    	0.50583 	0.0027612 	0.503466	0.51296 
34 	34    	0.507801	0.00283803	0.503814	0.51296 
35 	38    	0.510043	0.00227056	0.504294	0.514905
36 	37    	0.511865	0.00165011	0.508714	0.514905
37 	23    	0.513125	0.000954656	0.509358	0.5155  
38 	35    	0.51404 	0.00114465 	0.51296 	0.517057
39 	39    	0.515168	0.00166754 	0.51296 	0.523004
40 	35    	0.516499	0.00206166 	0.513321	0.523004
41 	41    	0.518123	0.00260801 	0.5155  	0.524474
42 	38    	0.521436	0.00353906 	0.5155  	0.53456 
43 	35    	0.524564	0.00363617 	0.517057	0.53456 
44 	33    	0.527658	0.00412737 	0.523004	0.542783
45 	34    	0.530865	0.0047674  	0.521413	0.542783
46 	36    	0.534   	0.00472047 	0.526325	0.542783
47 	38    	0.538456	0.00449169 	0.528724	0.545921
48 	32    	0.541962	0.00336477 	0.53456 	0.550501
49 	29    	0.544553	0.00253313 	0.542783	0.550501
50 	34    	0.547295	0.00276528 	0.542783	0.552409
51 	34    	0.549838	0.00234863 	0.544575	0.558156
52 	36    	0.5514  	0.00191346 	0.545401	0.558156
53 	40    	0.552955	0.00237637 	0.550501	0.558156
54 	31    	0.555498	0.00273451 	0.551453	0.559341
55 	32    	0.557595	0.0018353  	0.551652	0.559341
56 	37    	0.558803	0.000982629	0.557603	0.563409
57 	37    	0.559793	0.00144105 	0.558156	0.563637
58 	38    	0.561174	0.00203011 	0.558526	0.566716
59 	36    	0.562668	0.00188954 	0.559341	0.566716
60 	36    	0.563731	0.00172408 	0.56059 	0.56782 
61 	35    	0.565273	0.00222673 	0.562182	0.574457
62 	39    	0.566412	0.00206244 	0.563409	0.574457
63 	30    	0.568063	0.00265659 	0.565645	0.574457
64 	34    	0.56995 	0.00324415 	0.566716	0.576028
65 	33    	0.572555	0.00271974 	0.566758	0.578509
66 	31    	0.574501	0.00175073 	0.56782 	0.578509
67 	36    	0.575766	0.001411   	0.57394 	0.578807
68 	36    	0.57712 	0.00152482 	0.574457	0.580568
69 	34    	0.578284	0.00141248 	0.575177	0.581912
70 	28    	0.579482	0.00146992 	0.575262	0.584498
71 	37    	0.580522	0.00159775 	0.578518	0.584498
72 	36    	0.582003	0.00144132 	0.579084	0.584498
73 	36    	0.583534	0.00200224 	0.580988	0.59002 
74 	35    	0.585206	0.00223782 	0.581912	0.59002 
75 	37    	0.587217	0.00241323 	0.582725	0.591172
76 	36    	0.589352	0.00175597 	0.584498	0.591684
77 	39    	0.590433	0.000883748	0.58736 	0.592001
78 	40    	0.590997	0.000723565	0.59002 	0.594681
79 	38    	0.591611	0.00107626 	0.590453	0.594681
80 	36    	0.592217	0.00139769 	0.587843	0.595398
81 	29    	0.593828	0.00215291 	0.591172	0.601514
82 	38    	0.595776	0.0024965  	0.591219	0.601514
83 	37    	0.597854	0.00273041 	0.594681	0.601514
84 	35    	0.599904	0.00253102 	0.594161	0.604471
85 	38    	0.601408	0.0015243  	0.595366	0.605008
86 	36    	0.602459	0.00132843 	0.601514	0.605036
87 	36    	0.603401	0.00151561 	0.601514	0.605319
88 	34    	0.604653	0.00100586 	0.601514	0.607712
89 	35    	0.605955	0.00247826 	0.602841	0.618469
90 	30    	0.606959	0.00308127 	0.605008	0.618469
91 	39    	0.609015	0.00365887 	0.605008	0.618469
92 	38    	0.611624	0.00430435 	0.605319	0.61862 
93 	39    	0.61458 	0.00414156 	0.605319	0.624296
94 	35    	0.61861 	0.00353347 	0.611527	0.62938 
95 	32    	0.621025	0.00326309 	0.618446	0.62938 
96 	38    	0.624036	0.00336098 	0.618469	0.630384
97 	39    	0.627303	0.00312419 	0.621048	0.635382
98 	36    	0.62914 	0.00276875 	0.624296	0.635382
99 	36    	0.631136	0.00272438 	0.626777	0.636865
100	29    	0.632349	0.00287563 	0.62938 	0.636865
0.880735068079
0.636864755775
