# INITIALIZATION
Counter({'TN': 170905, 'TP': 38533, 'FN': 6977, 'FP': 4136})
# Initial Accuracy: 0.949612561267
# Initial MCC: 0.843208222866
# Minimal variation in Mu: -0.0242295621757
# Min in Mu: [-0.0242295]
# Min variation in initial S: 0.0
gen	nevals	avg     	std      	min     	max     
0  	100   	0.255318	0.0389901	0.164655	0.362354
1  	35    	0.293171	0.0320536	0.222578	0.362354
2  	37    	0.324093	0.0245895	0.262744	0.380517
3  	34    	0.344727	0.0238563	0.302103	0.38262 
4  	34    	0.367638	0.0183424	0.321911	0.390796
5  	38    	0.383497	0.00737866	0.370016	0.412754
6  	32    	0.387706	0.00851822	0.380517	0.412754
7  	38    	0.396992	0.0104193 	0.380517	0.418906
8  	33    	0.406962	0.00878145	0.385133	0.418906
9  	36    	0.413632	0.00655735	0.393705	0.426645
10 	32    	0.418068	0.00405156	0.403648	0.428722
11 	38    	0.42229 	0.00395358	0.418129	0.433098
12 	35    	0.42749 	0.00585604	0.418129	0.445241
13 	38    	0.434725	0.00779624	0.418906	0.457144
14 	39    	0.441212	0.00719458	0.429139	0.457144
15 	33    	0.447586	0.00764734	0.432819	0.478558
16 	37    	0.452872	0.00808665	0.440644	0.478558
17 	32    	0.457924	0.00670798	0.445241	0.478558
18 	33    	0.463509	0.00850859	0.448827	0.478558
19 	38    	0.471717	0.00906239	0.454677	0.487725
20 	35    	0.47749 	0.00609797	0.459342	0.487725
21 	30    	0.482164	0.00432722	0.471248	0.501464
22 	36    	0.485733	0.00344542	0.478536	0.492958
23 	37    	0.489186	0.00398628	0.481284	0.510218
24 	35    	0.491413	0.00383498	0.487725	0.510218
25 	33    	0.494272	0.00422416	0.487725	0.510218
26 	34    	0.499309	0.005235  	0.49003 	0.513603
27 	33    	0.504425	0.00712136	0.493982	0.527763
28 	39    	0.510067	0.00850857	0.497369	0.530537
29 	33    	0.516594	0.00783081	0.499701	0.530537
30 	38    	0.525271	0.00600794	0.51131 	0.533417
31 	35    	0.530072	0.00281836	0.517386	0.534438
32 	29    	0.532361	0.00153944	0.52887 	0.535892
33 	31    	0.533394	0.00125376	0.530537	0.537992
34 	34    	0.535023	0.00174672	0.532932	0.538996
35 	35    	0.53669 	0.00168305	0.533417	0.539886
36 	38    	0.538654	0.00181907	0.535033	0.548236
37 	34    	0.540409	0.00280342	0.536634	0.548236
38 	42    	0.54278 	0.00369071	0.538571	0.551479
39 	33    	0.546396	0.00340842	0.539408	0.551479
40 	40    	0.54896 	0.00343118	0.542376	0.560226
41 	31    	0.551693	0.00365302	0.547713	0.560226
42 	42    	0.555793	0.00460888	0.548236	0.564848
43 	33    	0.55983 	0.00490712	0.551421	0.574283
44 	43    	0.563296	0.00441861	0.553013	0.577113
45 	33    	0.566753	0.0044978 	0.560226	0.577113
46 	38    	0.570604	0.00401815	0.563045	0.577113
47 	38    	0.57482 	0.00409861	0.56656 	0.592285
48 	27    	0.579236	0.00533663	0.574283	0.596072
49 	37    	0.58249 	0.0062773 	0.576882	0.596072
50 	43    	0.587772	0.00555541	0.577113	0.596729
51 	34    	0.591512	0.00310172	0.578538	0.598417
52 	36    	0.595205	0.00484276	0.589232	0.614985
53 	35    	0.599266	0.006825  	0.591258	0.614985
54 	33    	0.605172	0.00788073	0.595175	0.619901
55 	32    	0.611214	0.00639325	0.598417	0.619901
56 	35    	0.615351	0.0028067 	0.600767	0.619901
57 	37    	0.617382	0.00245754	0.614985	0.625032
58 	31    	0.619431	0.00232795	0.614985	0.625064
59 	35    	0.620747	0.00203856	0.615827	0.625488
60 	35    	0.622417	0.00247514	0.619473	0.62687 
61 	39    	0.624376	0.00211672	0.619901	0.62885 
62 	28    	0.625974	0.00149111	0.622826	0.633731
63 	29    	0.627364	0.00218793	0.625032	0.633731
64 	30    	0.629109	0.00273514	0.625488	0.634973
65 	34    	0.63137 	0.00282891	0.62687 	0.634973
66 	38    	0.633657	0.001655  	0.62885 	0.640486
67 	36    	0.634928	0.00189343	0.633731	0.64086 
68 	36    	0.637088	0.00332633	0.633731	0.648702
69 	32    	0.640076	0.00327557	0.634238	0.648702
70 	34    	0.641957	0.00329529	0.634617	0.648702
71 	33    	0.644517	0.00351673	0.64086 	0.649223
72 	34    	0.647393	0.00247258	0.640894	0.649223
73 	41    	0.648688	0.00091477	0.64144 	0.649321
74 	38    	0.649244	0.000968364	0.648702	0.654075
75 	29    	0.649887	0.00132934 	0.648702	0.652797
76 	31    	0.650227	0.001408   	0.648902	0.652797
77 	33    	0.651242	0.00153891 	0.649223	0.652797
78 	35    	0.652524	0.00123992 	0.649321	0.658121
79 	35    	0.653177	0.0010545  	0.649384	0.658121
80 	32    	0.653802	0.000917502	0.652537	0.658121
81 	37    	0.654645	0.001407   	0.652797	0.65981 
82 	38    	0.655858	0.00181971 	0.653218	0.65981 
83 	36    	0.657808	0.00243493 	0.654361	0.665094
84 	33    	0.659561	0.00231365 	0.6544  	0.665094
85 	32    	0.661068	0.00223542 	0.655652	0.665094
86 	28    	0.663074	0.00226541 	0.658121	0.665726
87 	36    	0.664905	0.00114941 	0.660222	0.668409
88 	37    	0.66541 	0.000789867	0.665094	0.668409
89 	39    	0.665928	0.00148646 	0.665094	0.676619
90 	33    	0.667035	0.00232577 	0.665094	0.676619
91 	37    	0.669009	0.00335508 	0.665302	0.676619
92 	41    	0.671733	0.00392412 	0.665921	0.676619
93 	37    	0.674402	0.00349773 	0.668409	0.676619
94 	34    	0.67646 	0.00115124 	0.668409	0.677131
95 	34    	0.676542	0.000818969	0.668409	0.677131
96 	35    	0.67665 	0.000121605	0.676619	0.677131
97 	30    	0.676711	0.000196722	0.676619	0.677131
98 	31    	0.676822	0.000280486	0.676619	0.677804
99 	41    	0.677148	0.000807281	0.676619	0.681518
100	35    	0.67761 	0.00128899 	0.676619	0.682595
0.894106125114
0.682594726614
