# INITIALIZATION
Counter({'TN': 170905, 'TP': 38533, 'FN': 6977, 'FP': 4136})
# Initial Accuracy: 0.949612561267
# Initial MCC: 0.843208222866
# Minimal variation in Mu: -0.0242295621757
# Min in Mu: [-0.0242295]
# Min variation in initial S: 0.0
gen	nevals	avg     	std      	min     	max     
0  	100   	0.257179	0.0386392	0.164764	0.375144
1  	40    	0.293418	0.0320877	0.218508	0.375144
2  	31    	0.334663	0.0313202	0.262785	0.404319
3  	33    	0.366685	0.0244911	0.302749	0.404319
4  	37    	0.38732 	0.0187632	0.326871	0.440307
5  	32    	0.400342	0.0116675	0.375144	0.429755
6  	34    	0.409518	0.00867717	0.387335	0.429755
7  	38    	0.417704	0.00904458	0.404319	0.43816 
8  	36    	0.426188	0.00956348	0.407515	0.468459
9  	41    	0.432346	0.00903877	0.41361 	0.468459
10 	35    	0.436934	0.00862164	0.41361 	0.468459
11 	30    	0.444845	0.0103947 	0.429755	0.475002
12 	29    	0.454723	0.0146148 	0.43428 	0.509043
13 	31    	0.468796	0.0156069 	0.444884	0.509043
14 	37    	0.485758	0.0185371 	0.453393	0.509043
15 	39    	0.502993	0.0125666 	0.468459	0.511493
16 	40    	0.510419	0.00373233	0.507744	0.522882
17 	35    	0.511728	0.00466519	0.509043	0.522882
18 	37    	0.515604	0.00586449	0.509043	0.525958
19 	39    	0.519894	0.00472342	0.509043	0.525958
20 	35    	0.523893	0.00311077	0.512737	0.534603
21 	31    	0.526442	0.00453253	0.522882	0.541152
22 	29    	0.530956	0.00428894	0.523126	0.541152
23 	34    	0.534019	0.00276886	0.524415	0.540293
24 	36    	0.536252	0.00207635	0.532311	0.542534
25 	37    	0.537756	0.00206519	0.533732	0.544652
26 	33    	0.540667	0.00331399	0.536881	0.554064
27 	41    	0.54394 	0.00403697	0.537221	0.554655
