# INITIALIZATION
Counter({'TN': 170905, 'TP': 38533, 'FN': 6977, 'FP': 4136})
# Initial Accuracy: 0.949612561267
# Initial MCC: 0.843208222866
# Minimal variation in Mu: -0.0242295621757
# Min in Mu: [-0.0242295]
# Min variation in initial S: 0.0
gen	nevals	avg     	std      	min     	max     
0  	100   	0.249309	0.0375546	0.140191	0.334661
1  	36    	0.279945	0.0302513	0.218261	0.334661
2  	37    	0.305989	0.0211889	0.241974	0.33564 
3  	36    	0.324164	0.0154399	0.29226 	0.370577
4  	38    	0.33814 	0.0140826	0.309812	0.374284
5  	32    	0.348524	0.0146535	0.320712	0.381278
6  	39    	0.362763	0.0134988	0.328795	0.389701
7  	37    	0.371563	0.0091596	0.343874	0.389701
8  	29    	0.379363	0.00767831	0.36023 	0.39605 
9  	35    	0.386878	0.00814033	0.374975	0.416334
10 	37    	0.393814	0.00699391	0.374975	0.40991 
11 	29    	0.401565	0.00761269	0.387242	0.417638
12 	36    	0.409032	0.0090908 	0.39605 	0.431773
13 	31    	0.417707	0.0081637 	0.397177	0.431773
14 	33    	0.423671	0.00850403	0.394027	0.444169
15 	36    	0.431021	0.00761314	0.417638	0.449263
16 	36    	0.439722	0.00766955	0.421197	0.456823
17 	30    	0.44482 	0.00608407	0.431773	0.456823
18 	34    	0.450994	0.00565192	0.440702	0.464248
19 	26    	0.457631	0.00497698	0.447664	0.464248
20 	36    	0.461759	0.00303169	0.449263	0.465749
21 	34    	0.464252	0.00257183	0.459757	0.481302
22 	33    	0.466117	0.00378989	0.462698	0.481302
23 	26    	0.469366	0.0056185 	0.464248	0.481302
24 	36    	0.474589	0.00643702	0.464248	0.489112
25 	34    	0.479289	0.00491589	0.466512	0.489112
26 	34    	0.483431	0.0040132 	0.46918 	0.495662
27 	32    	0.486249	0.00437333	0.481302	0.495662
28 	29    	0.490166	0.00428001	0.481302	0.496598
29 	42    	0.492793	0.00318158	0.487649	0.496799
30 	37    	0.495421	0.00160057	0.488074	0.497313
31 	39    	0.496483	0.00113431	0.495662	0.500279
32 	38    	0.497174	0.00168743	0.493869	0.504628
33 	33    	0.498522	0.00182261	0.495761	0.504628
34 	38    	0.500658	0.00195371	0.497313	0.504697
35 	36    	0.502123	0.00195303	0.497313	0.508326
36 	38    	0.504315	0.00228715	0.49581 	0.509615
37 	32    	0.506462	0.00262237	0.500279	0.516647
38 	33    	0.50888 	0.00448051	0.504628	0.523693
39 	33    	0.512743	0.00588753	0.504958	0.524725
40 	33    	0.51809 	0.00652922	0.506374	0.531691
41 	33    	0.52373 	0.00405058	0.509615	0.531691
42 	38    	0.526087	0.00327497	0.518619	0.531691
43 	33    	0.529728	0.00347427	0.523693	0.538255
44 	35    	0.532582	0.00222316	0.526108	0.538255
45 	33    	0.535021	0.00335547	0.531187	0.548003
46 	35    	0.538068	0.00385913	0.532428	0.548003
47 	36    	0.541343	0.00462175	0.533601	0.54875 
48 	33    	0.545667	0.00451252	0.537466	0.55541 
49 	36    	0.548573	0.00213005	0.54145 	0.55541 
50 	35    	0.550179	0.00240866	0.546264	0.560493
51 	32    	0.552229	0.00248436	0.546955	0.560493
52 	37    	0.553862	0.00216176	0.550688	0.560493
53 	33    	0.555668	0.00264984	0.552693	0.56065 
54 	33    	0.558071	0.00256389	0.553552	0.56229 
55 	32    	0.559695	0.00179616	0.554367	0.562446
56 	38    	0.561528	0.00218165	0.555407	0.569451
57 	31    	0.563009	0.00229975	0.559556	0.569451
58 	35    	0.5648  	0.00247189	0.56065 	0.569016
59 	34    	0.567853	0.00256358	0.562689	0.574273
60 	42    	0.570189	0.00338467	0.564793	0.580626
61 	32    	0.572561	0.00375796	0.569016	0.580626
62 	37    	0.575783	0.0036589 	0.569016	0.582739
63 	37    	0.579048	0.00311337	0.569037	0.586601
64 	32    	0.581644	0.00222503	0.575009	0.588137
65 	26    	0.583244	0.0022009 	0.580626	0.588137
66 	39    	0.584764	0.00212692	0.580626	0.588137
67 	36    	0.586703	0.00270916	0.582739	0.594217
68 	33    	0.588914	0.00283451	0.585   	0.599198
69 	31    	0.590994	0.0034673 	0.585   	0.601406
70 	37    	0.594219	0.00393705	0.588137	0.601406
71 	42    	0.597531	0.00327625	0.590351	0.601406
72 	34    	0.600241	0.00276348	0.590351	0.610864
73 	33    	0.602431	0.00261338	0.598096	0.611388
74 	35    	0.604264	0.00352348	0.601406	0.614236
75 	37    	0.607845	0.00374904	0.601406	0.614236
76 	33    	0.610794	0.00281888	0.605033	0.623416
77 	33    	0.612963	0.00178001	0.608972	0.623416
78 	32    	0.615146	0.00266638	0.611388	0.624289
79 	35    	0.617883	0.0032818 	0.614236	0.624289
80 	32    	0.620337	0.00320859	0.615137	0.627723
81 	32    	0.62261 	0.00191129	0.616932	0.62846 
82 	41    	0.624044	0.00146222	0.62137 	0.62989 
83 	40    	0.625742	0.00238943	0.622853	0.633292
84 	38    	0.627559	0.00245529	0.618778	0.633292
85 	39    	0.629565	0.00195195	0.626954	0.633292
86 	27    	0.631152	0.00176663	0.627723	0.633794
87 	36    	0.633031	0.00186787	0.628905	0.640479
88 	34    	0.634289	0.00158122	0.631056	0.640479
89 	37    	0.636397	0.00288635	0.632945	0.64478 
90 	35    	0.638803	0.00345311	0.633794	0.646478
91 	38    	0.641703	0.00327582	0.635647	0.649915
92 	31    	0.645008	0.00277022	0.637565	0.653197
93 	37    	0.64803 	0.00286055	0.642283	0.65348 
94 	38    	0.650466	0.00250489	0.643109	0.655574
95 	33    	0.652463	0.00161719	0.646478	0.655574
96 	33    	0.653518	0.00124268	0.649915	0.657095
97 	32    	0.654482	0.00127817	0.652435	0.657095
98 	36    	0.655711	0.00145892	0.653454	0.660418
99 	32    	0.657038	0.00177147	0.65348 	0.662592
100	34    	0.6586  	0.00201578	0.655289	0.663801
0.888216330917
0.663800617903
