# INITIALIZATION
Counter({'TP': 1429, 'TN': 1265, 'FP': 115, 'FN': 48})
# Initial Accuracy: 0.942947147357
# Initial MCC: 0.886561257998
# Minimal variation in Mu: -0.0222142587192
# Min in Mu: [-0.016195]
# Min variation in initial S: 5.60932435275e-08
gen	nevals	avg     	std       	min     	max     
0  	100   	0.887708	0.00290711	0.877263	0.894471
1  	35    	0.890254	0.00190509	0.884835	0.894471
2  	36    	0.89166 	0.0016149 	0.886458	0.895224
3  	37    	0.893289	0.00125532	0.890624	0.896529
4  	38    	0.894358	0.00115359	0.891935	0.896529
5  	37    	0.895347	0.00114873	0.890487	0.897187
6  	35    	0.896182	0.000828947	0.893895	0.897246
7  	36    	0.896733	0.000530335	0.895224	0.897246
8  	36    	0.897104	0.000458224	0.895125	0.899306
9  	38    	0.897408	0.0004947  	0.89656 	0.899306
10 	35    	0.897673	0.000579354	0.897187	0.899306
11 	35    	0.898086	0.00073756 	0.897187	0.899306
12 	36    	0.898827	0.000663378	0.897246	0.899994
13 	39    	0.899332	0.000402095	0.897875	0.90074 
14 	39    	0.899683	0.000443365	0.899228	0.90126 
15 	38    	0.90006 	0.000553523	0.899228	0.901279
16 	38    	0.900535	0.000659885	0.899876	0.903326
17 	36    	0.901031	0.0006552  	0.899941	0.903326
18 	33    	0.901484	0.000650869	0.900682	0.903326
19 	34    	0.901725	0.000754347	0.901279	0.903326
20 	33    	0.902199	0.000841921	0.901279	0.903326
21 	36    	0.902896	0.000750851	0.901299	0.904758
22 	34    	0.903425	0.000516364	0.901911	0.904758
23 	35    	0.903747	0.000604037	0.902631	0.904758
24 	33    	0.904333	0.000564874	0.903326	0.904796
25 	42    	0.904682	0.000239832	0.903393	0.904796
26 	36    	0.904785	0.000142334	0.904049	0.905487
27 	36    	0.904914	0.000332284	0.904758	0.906161
28 	34    	0.905054	0.000440698	0.904758	0.906161
29 	33    	0.905376	0.000573883	0.904796	0.906839
30 	37    	0.905786	0.000547903	0.904796	0.906839
31 	36    	0.906094	0.000466389	0.904084	0.906839
32 	33    	0.906353	0.000345271	0.905487	0.906839
33 	35    	0.906585	0.000324255	0.906161	0.906839
34 	37    	0.906799	0.000156735	0.906179	0.906839
35 	34    	0.906839	3.84276e-11	0.906839	0.906839
36 	36    	0.906839	4.54306e-11	0.906839	0.906839
37 	36    	0.906839	3.50814e-11	0.906839	0.906839
38 	36    	0.906839	9.08556e-12	0.906839	0.906839
39 	34    	0.906839	3.33067e-16	0.906839	0.906839
40 	43    	0.906839	3.33067e-16	0.906839	0.906839
41 	37    	0.906839	3.33067e-16	0.906839	0.906839
42 	32    	0.906839	3.33067e-16	0.906839	0.906839
43 	33    	0.906839	3.33067e-16	0.906839	0.906839
44 	36    	0.906839	3.33067e-16	0.906839	0.906839
45 	38    	0.906839	3.33067e-16	0.906839	0.906839
46 	33    	0.906839	3.33067e-16	0.906839	0.906839
47 	35    	0.906839	3.33067e-16	0.906839	0.906839
48 	38    	0.906825	0.000139553	0.905436	0.906839
49 	39    	0.906839	3.33067e-16	0.906839	0.906839
50 	30    	0.906839	3.33067e-16	0.906839	0.906839
51 	35    	0.906839	3.33067e-16	0.906839	0.906839
52 	31    	0.906839	3.33067e-16	0.906839	0.906839
53 	39    	0.906839	3.33067e-16	0.906839	0.906839
54 	36    	0.906839	3.33067e-16	0.906839	0.906839
55 	37    	0.906839	3.33067e-16	0.906839	0.906839
56 	40    	0.906839	3.33067e-16	0.906839	0.906839
57 	40    	0.906839	3.33067e-16	0.906839	0.906839
58 	31    	0.906839	3.33067e-16	0.906839	0.906839
59 	38    	0.906839	3.33067e-16	0.906839	0.906839
60 	36    	0.906839	3.33067e-16	0.906839	0.906839
61 	36    	0.906825	0.000139556	0.905436	0.906839
62 	33    	0.906839	3.33067e-16	0.906839	0.906839
63 	31    	0.906818	0.000210013	0.904728	0.906839
64 	37    	0.906839	3.33067e-16	0.906839	0.906839
65 	37    	0.906832	7.04665e-05	0.906131	0.906839
66 	37    	0.906839	3.33067e-16	0.906839	0.906839
67 	33    	0.906839	3.33067e-16	0.906839	0.906839
68 	36    	0.906839	3.33067e-16	0.906839	0.906839
69 	37    	0.906839	3.33067e-16	0.906839	0.906839
70 	35    	0.906839	3.33067e-16	0.906839	0.906839
71 	30    	0.906839	3.33067e-16	0.906839	0.906839
72 	37    	0.906839	3.33067e-16	0.906839	0.906839
73 	33    	0.906839	3.33067e-16	0.906839	0.906839
74 	39    	0.906839	3.33067e-16	0.906839	0.906839
75 	35    	0.906839	3.33067e-16	0.906839	0.906839
76 	34    	0.906839	3.33067e-16	0.906839	0.906839
77 	31    	0.906839	3.33067e-16	0.906839	0.906839
78 	40    	0.906839	3.33067e-16	0.906839	0.906839
79 	33    	0.906825	0.00013956 	0.905436	0.906839
80 	37    	0.906853	9.92041e-05	0.906839	0.907548
81 	33    	0.906875	0.000154241	0.906839	0.907548
82 	36    	0.90694 	0.000245017	0.906839	0.907548
83 	34    	0.90705 	0.000318311	0.906839	0.907548
84 	37    	0.907221	0.00034709 	0.906839	0.907548
85 	35    	0.90745 	0.000240624	0.906854	0.907548
86 	36    	0.907548	2.91241e-09	0.907548	0.907548
87 	34    	0.907548	1.8564e-09 	0.907548	0.907548
88 	29    	0.907548	3.35744e-10	0.907548	0.907548
89 	39    	0.907548	3.33067e-16	0.907548	0.907548
90 	35    	0.907548	3.33067e-16	0.907548	0.907548
91 	33    	0.907548	3.33067e-16	0.907548	0.907548
92 	36    	0.907548	3.33067e-16	0.907548	0.907548
93 	38    	0.907548	3.33067e-16	0.907548	0.907548
94 	35    	0.907548	3.33067e-16	0.907548	0.907548
95 	34    	0.907548	3.33067e-16	0.907548	0.907548
96 	35    	0.907548	3.33067e-16	0.907548	0.907548
97 	39    	0.907548	3.33067e-16	0.907548	0.907548
98 	34    	0.907548	3.33067e-16	0.907548	0.907548
99 	30    	0.907548	3.33067e-16	0.907548	0.907548
100	30    	0.907548	3.33067e-16	0.907548	0.907548
101	34    	0.907548	3.33067e-16	0.907548	0.907548
102	40    	0.907548	3.33067e-16	0.907548	0.907548
103	35    	0.907548	3.33067e-16	0.907548	0.907548
104	34    	0.907548	3.33067e-16	0.907548	0.907548
105	41    	0.907548	3.33067e-16	0.907548	0.907548
106	33    	0.907548	3.33067e-16	0.907548	0.907548
107	40    	0.907548	2.73047e-06	0.907548	0.907564
108	36    	0.907549	5.20109e-06	0.907548	0.907564
109	36    	0.907553	7.52571e-06	0.907548	0.907564
110	36    	0.907556	7.977e-06  	0.907548	0.907564
111	37    	0.907582	0.000118818	0.907548	0.908257
112	32    	0.907626	0.000198391	0.907548	0.908257
113	40    	0.90773 	0.000295983	0.907564	0.908257
114	36    	0.907931	0.000345893	0.907564	0.908257
115	30    	0.908146	0.00025407 	0.907564	0.908257
116	33    	0.908243	9.70254e-05	0.907564	0.908257
117	38    	0.908257	2.71446e-10	0.908257	0.908257
118	34    	0.908257	3.46804e-10	0.908257	0.908257
119	37    	0.908257	4.97884e-10	0.908257	0.908257
120	33    	0.908257	6.89029e-10	0.908257	0.908257
121	38    	0.908257	7.94189e-10	0.908257	0.908257
122	33    	0.908257	6.79594e-10	0.908257	0.908257
123	28    	0.908257	2.22774e-10	0.908257	0.908257
124	35    	0.908257	2.22045e-16	0.908257	0.908257
125	32    	0.908257	2.22045e-16	0.908257	0.908257
126	41    	0.908257	2.22045e-16	0.908257	0.908257
127	32    	0.908257	2.22045e-16	0.908257	0.908257
128	32    	0.908257	2.22045e-16	0.908257	0.908257
129	35    	0.908257	2.22045e-16	0.908257	0.908257
130	33    	0.908257	2.22045e-16	0.908257	0.908257
131	31    	0.908257	3.56832e-06	0.908257	0.908292
132	34    	0.908258	6.11776e-06	0.908257	0.908292
133	37    	0.908261	1.16541e-05	0.908257	0.908292
134	36    	0.90827 	1.74074e-05	0.908257	0.908292
135	40    	0.90828 	1.72142e-05	0.908257	0.908292
136	36    	0.90829 	8.51694e-06	0.908257	0.908292
137	35    	0.908293	4.046e-06  	0.908292	0.908313
138	37    	0.908295	6.46049e-06	0.908292	0.908313
139	36    	0.908305	6.88632e-05	0.908292	0.908984
140	35    	0.908325	0.000116271	0.908292	0.908984
141	36    	0.908345	0.000222716	0.906933	0.908984
142	33    	0.908427	0.00025226 	0.908292	0.908984
143	31    	0.908561	0.000323969	0.908313	0.908984
144	38    	0.908816	0.000290557	0.908313	0.908984
145	33    	0.908964	0.000114466	0.908313	0.908984
146	40    	0.908984	0          	0.908984	0.908984
147	34    	0.908984	0          	0.908984	0.908984
148	35    	0.908984	0          	0.908984	0.908984
149	32    	0.908984	0          	0.908984	0.908984
150	39    	0.908984	0          	0.908984	0.908984
151	34    	0.908984	0          	0.908984	0.908984
152	33    	0.908984	0          	0.908984	0.908984
153	36    	0.908984	0          	0.908984	0.908984
154	36    	0.908984	0          	0.908984	0.908984
155	36    	0.908984	0          	0.908984	0.908984
156	32    	0.908984	0          	0.908984	0.908984
157	35    	0.908984	0          	0.908984	0.908984
158	34    	0.908984	0          	0.908984	0.908984
159	38    	0.908984	0          	0.908984	0.908984
160	32    	0.908984	0          	0.908984	0.908984
161	35    	0.908984	0          	0.908984	0.908984
162	31    	0.908984	0          	0.908984	0.908984
163	29    	0.908984	0          	0.908984	0.908984
164	36    	0.908984	0          	0.908984	0.908984
165	30    	0.908984	0          	0.908984	0.908984
166	33    	0.908984	5.12168e-10	0.908984	0.908984
167	37    	0.908984	8.32247e-10	0.908984	0.908984
168	33    	0.908984	1.47704e-09	0.908984	0.908984
169	38    	0.908984	1.63468e-09	0.908984	0.908984
170	41    	0.908984	2.12122e-09	0.908984	0.908984
171	31    	0.908984	2.97273e-09	0.908984	0.908984
172	31    	0.908984	2.92035e-09	0.908984	0.908984
173	38    	0.908984	1.62598e-09	0.908984	0.908984
174	36    	0.908984	0          	0.908984	0.908984
175	43    	0.908984	0          	0.908984	0.908984
176	29    	0.908984	0          	0.908984	0.908984
177	31    	0.908984	0          	0.908984	0.908984
178	30    	0.908984	0          	0.908984	0.908984
179	42    	0.908984	0          	0.908984	0.908984
180	36    	0.908984	0          	0.908984	0.908984
181	35    	0.908984	0          	0.908984	0.908984
182	38    	0.908984	0          	0.908984	0.908984
183	35    	0.908984	0          	0.908984	0.908984
184	35    	0.908984	0          	0.908984	0.908984
185	35    	0.908984	0          	0.908984	0.908984
186	38    	0.908984	0          	0.908984	0.908984
187	36    	0.908984	0          	0.908984	0.908984
188	32    	0.908984	0          	0.908984	0.908984
189	41    	0.908984	0          	0.908984	0.908984
190	34    	0.908984	0          	0.908984	0.908984
191	29    	0.908984	0          	0.908984	0.908984
192	34    	0.908984	0          	0.908984	0.908984
193	36    	0.908984	0          	0.908984	0.908984
194	36    	0.908984	0          	0.908984	0.908984
195	33    	0.908984	0          	0.908984	0.908984
196	35    	0.908984	0          	0.908984	0.908984
197	34    	0.908984	0          	0.908984	0.908984
198	38    	0.908984	0          	0.908984	0.908984
199	39    	0.908984	0          	0.908984	0.908984
200	34    	0.908984	0          	0.908984	0.908984
0.954497724886
0.908985133297
