# INITIALIZATION
Counter({'TP': 1429, 'TN': 1265, 'FP': 115, 'FN': 48})
# Initial Accuracy: 0.942947147357
# Initial MCC: 0.886561257998
# Minimal variation in Mu: -0.0222142587192
# Min in Mu: [-0.016195]
# Min variation in initial S: 5.60932435275e-08
gen	nevals	avg     	std       	min    	max     
0  	100   	0.887039	0.00278136	0.87955	0.892615
1  	36    	0.889497	0.00157925	0.885265	0.893786
2  	40    	0.890713	0.00129759	0.888446	0.893786
3  	33    	0.891647	0.00124831	0.889219	0.896593
4  	40    	0.892967	0.00125296	0.889996	0.896593
5  	37    	0.893939	0.000977868	0.891563	0.896593
6  	36    	0.894492	0.000820587	0.892707	0.896593
7  	32    	0.895047	0.000739279	0.892807	0.896593
8  	37    	0.895732	0.000675296	0.893976	0.897348
9  	32    	0.896385	0.000762356	0.893693	0.898473
10 	28    	0.897004	0.000660305	0.895784	0.898473
11 	32    	0.89767 	0.000665444	0.896529	0.899205
12 	31    	0.898264	0.000587606	0.896593	0.899896
13 	37    	0.898645	0.000499543	0.897781	0.899896
14 	38    	0.899097	0.000585413	0.898473	0.899896
15 	33    	0.899536	0.000452005	0.898473	0.899896
16 	37    	0.899777	0.000279961	0.898493	0.899896
17 	35    	0.899882	0.000139601	0.898493	0.899896
18 	36    	0.899896	1.55773e-08	0.899896	0.899896
19 	32    	0.899896	6.34825e-09	0.899896	0.899896
20 	38    	0.899896	2.22045e-16	0.899896	0.899896
21 	36    	0.899896	2.22045e-16	0.899896	0.899896
22 	33    	0.899896	2.1652e-06 	0.899896	0.899918
23 	33    	0.899897	3.71216e-06	0.899896	0.899918
24 	32    	0.899898	6.52831e-06	0.899896	0.899918
25 	30    	0.8999  	8.53688e-06	0.899896	0.899918
26 	32    	0.8999  	7.27408e-05	0.899184	0.899918
27 	39    	0.899935	0.000118603	0.899896	0.900608
28 	37    	0.900014	0.00025956 	0.899205	0.900608
29 	32    	0.900201	0.000339562	0.899918	0.900608
30 	34    	0.900456	0.000285989	0.899918	0.900608
31 	34    	0.900574	0.000150466	0.899918	0.900608
32 	34    	0.900608	2.07639e-09	0.900608	0.900608
33 	41    	0.900608	2.94044e-09	0.900608	0.900608
34 	38    	0.900608	3.79067e-09	0.900608	0.900608
35 	39    	0.900608	2.99605e-09	0.900608	0.900608
36 	35    	0.900608	7.6153e-10 	0.900608	0.900608
37 	35    	0.900608	2.22045e-16	0.900608	0.900608
38 	38    	0.900608	2.22045e-16	0.900608	0.900608
39 	36    	0.900608	2.22045e-16	0.900608	0.900608
40 	33    	0.900608	2.22045e-16	0.900608	0.900608
41 	33    	0.900608	2.22045e-16	0.900608	0.900608
42 	29    	0.900608	2.22045e-16	0.900608	0.900608
43 	39    	0.900608	2.22045e-16	0.900608	0.900608
44 	38    	0.900608	2.22045e-16	0.900608	0.900608
45 	36    	0.900608	2.22045e-16	0.900608	0.900608
46 	38    	0.900608	2.22045e-16	0.900608	0.900608
47 	37    	0.900608	2.22045e-16	0.900608	0.900608
48 	34    	0.900608	2.22045e-16	0.900608	0.900608
49 	37    	0.900608	2.22045e-16	0.900608	0.900608
50 	31    	0.900608	2.22045e-16	0.900608	0.900608
51 	39    	0.900608	2.22045e-16	0.900608	0.900608
52 	35    	0.900608	2.22045e-16	0.900608	0.900608
53 	33    	0.900608	2.22045e-16	0.900608	0.900608
54 	33    	0.900608	2.22045e-16	0.900608	0.900608
55 	38    	0.900608	2.22045e-16	0.900608	0.900608
56 	33    	0.900628	0.000114375	0.900608	0.901279
57 	37    	0.900695	0.000224075	0.900608	0.901279
58 	45    	0.900856	0.000352493	0.899896	0.901971
59 	36    	0.901017	0.0003685  	0.899896	0.901971
60 	28    	0.901308	0.00030423 	0.900608	0.901971
61 	36    	0.901535	0.000387269	0.900608	0.902663
62 	35    	0.90191 	0.000439082	0.901279	0.902663
63 	35    	0.902217	0.000356022	0.901279	0.902681
64 	35    	0.902467	0.000309152	0.901971	0.902681
65 	35    	0.902672	0.000204228	0.901971	0.904066
66 	37    	0.902735	0.000229519	0.902663	0.904066
67 	39    	0.902879	0.000361522	0.902663	0.904066
68 	34    	0.903202	0.000415576	0.902663	0.904066
69 	34    	0.903493	0.000366556	0.902663	0.904066
70 	30    	0.903755	0.000426194	0.902702	0.905451
71 	38    	0.904027	0.000473427	0.903373	0.905451
72 	37    	0.904294	0.000580354	0.903373	0.906145
73 	32    	0.904536	0.000698894	0.904066	0.906145
74 	34    	0.905096	0.000675437	0.904066	0.906145
75 	33    	0.90554 	0.000322699	0.904728	0.906145
76 	32    	0.905645	0.000311428	0.905436	0.906145
77 	37    	0.905784	0.000346417	0.905451	0.906145
78 	38    	0.906034	0.0002542  	0.905451	0.906145
79 	38    	0.906138	6.89913e-05	0.905451	0.906145
80 	42    	0.906145	3.55556e-09	0.906145	0.906145
81 	38    	0.906138	7.18448e-05	0.905423	0.906145
82 	30    	0.906145	4.05405e-09	0.906145	0.906145
83 	37    	0.906145	1.01649e-09	0.906145	0.906145
84 	34    	0.906145	1.11022e-16	0.906145	0.906145
85 	39    	0.906152	6.90393e-05	0.906145	0.906839
86 	34    	0.906159	9.7142e-05 	0.906145	0.906839
87 	34    	0.9062  	0.000188243	0.906145	0.906839
88 	36    	0.906263	0.000260641	0.906145	0.906839
89 	32    	0.906374	0.000326267	0.906145	0.906839
90 	30    	0.90661 	0.000326268	0.906145	0.906839
91 	38    	0.906811	0.000167659	0.905451	0.906839
92 	32    	0.906839	8.55038e-09	0.906839	0.906839
93 	33    	0.906839	1.12418e-08	0.906839	0.906839
94 	39    	0.906839	1.06905e-08	0.906839	0.906839
95 	28    	0.906839	8.58157e-09	0.906839	0.906839
96 	39    	0.906839	2.11967e-06	0.906839	0.906854
97 	31    	0.906839	1.50634e-06	0.906839	0.906854
98 	34    	0.906839	3.33067e-16	0.906839	0.906839
99 	30    	0.906839	3.33067e-16	0.906839	0.906839
100	28    	0.906839	3.33067e-16	0.906839	0.906839
101	32    	0.906839	3.33067e-16	0.906839	0.906839
102	34    	0.906839	3.33067e-16	0.906839	0.906839
103	36    	0.906839	3.33067e-16	0.906839	0.906839
104	30    	0.906839	3.33067e-16	0.906839	0.906839
105	35    	0.906839	3.33067e-16	0.906839	0.906839
106	36    	0.906839	3.33067e-16	0.906839	0.906839
107	37    	0.906839	3.33067e-16	0.906839	0.906839
108	31    	0.906839	3.33067e-16	0.906839	0.906839
109	36    	0.906839	3.33067e-16	0.906839	0.906839
110	39    	0.906839	3.33067e-16	0.906839	0.906839
111	39    	0.906839	3.33067e-16	0.906839	0.906839
112	29    	0.906839	3.33067e-16	0.906839	0.906839
113	42    	0.90686 	0.00011844 	0.906839	0.907533
114	34    	0.906901	0.000198698	0.906839	0.907533
115	32    	0.906985	0.000282796	0.906839	0.907533
116	33    	0.907214	0.000346186	0.906825	0.907533
117	34    	0.907353	0.000304546	0.906839	0.907533
118	38    	0.907519	9.72031e-05	0.906839	0.907533
119	33    	0.907533	2.62744e-09	0.907533	0.907533
120	36    	0.907533	1.42339e-06	0.907533	0.907547
121	33    	0.907533	1.42333e-06	0.907533	0.907547
122	36    	0.907533	1.42331e-06	0.907533	0.907547
123	34    	0.907534	3.88178e-06	0.907533	0.907547
124	36    	0.907543	7.04141e-05	0.907533	0.908241
125	32    	0.907546	7.01884e-05	0.907533	0.908241
126	30    	0.907544	9.93712e-05	0.906839	0.908241
127	38    	0.907568	0.00015452 	0.906839	0.908241
128	37    	0.907624	0.000217159	0.907533	0.908241
129	33    	0.9077  	0.000287433	0.907547	0.908241
130	33    	0.907818	0.000338434	0.907547	0.908241
131	36    	0.908054	0.00030805 	0.907547	0.908241
132	32    	0.90822 	0.000118366	0.907547	0.908241
133	35    	0.908241	5.62427e-09	0.908241	0.908241
134	40    	0.908241	5.87043e-09	0.908241	0.908241
135	31    	0.908241	3.50692e-09	0.908241	0.908241
136	30    	0.908241	2.92217e-09	0.908241	0.908241
137	33    	0.908241	4.41382e-09	0.908241	0.908241
138	34    	0.908241	5.07766e-09	0.908241	0.908241
139	33    	0.908241	4.51159e-09	0.908241	0.908241
140	38    	0.908241	4.64064e-09	0.908241	0.908241
141	32    	0.908241	6.62105e-09	0.908241	0.908241
142	28    	0.908241	1.00888e-08	0.908241	0.908241
143	34    	0.908241	9.69305e-09	0.908241	0.908241
144	28    	0.908241	2.10459e-09	0.908241	0.908241
145	33    	0.908241	5.55112e-16	0.908241	0.908241
146	36    	0.908241	5.55112e-16	0.908241	0.908241
147	36    	0.908241	5.55112e-16	0.908241	0.908241
148	35    	0.908241	5.55112e-16	0.908241	0.908241
149	35    	0.908234	7.0469e-05 	0.907533	0.908241
150	34    	0.908241	1.51385e-06	0.908241	0.908257
151	40    	0.908227	0.000142051	0.906814	0.908241
152	35    	0.908241	5.55112e-16	0.908241	0.908241
153	37    	0.908241	5.55112e-16	0.908241	0.908241
154	38    	0.908262	0.000118428	0.908241	0.908936
155	33    	0.908311	0.000208271	0.908241	0.908936
156	34    	0.908463	0.000323846	0.908241	0.908936
157	34    	0.90863 	0.000344611	0.908241	0.908936
158	34    	0.908845	0.000233475	0.908241	0.908936
159	35    	0.908908	0.000279091	0.906131	0.908936
160	34    	0.908936	1.11022e-16	0.908936	0.908936
161	32    	0.908936	1.11022e-16	0.908936	0.908936
162	37    	0.908936	1.11022e-16	0.908936	0.908936
163	35    	0.908936	1.11022e-16	0.908936	0.908936
164	36    	0.908936	1.11022e-16	0.908936	0.908936
165	35    	0.908936	1.11022e-16	0.908936	0.908936
166	34    	0.908936	1.11022e-16	0.908936	0.908936
167	34    	0.908936	1.11022e-16	0.908936	0.908936
168	32    	0.908936	1.11022e-16	0.908936	0.908936
169	34    	0.908936	1.11022e-16	0.908936	0.908936
170	34    	0.908936	1.11022e-16	0.908936	0.908936
171	29    	0.908936	1.11022e-16	0.908936	0.908936
172	37    	0.908936	1.11022e-16	0.908936	0.908936
173	39    	0.908936	1.11022e-16	0.908936	0.908936
174	36    	0.908936	1.11022e-16	0.908936	0.908936
175	33    	0.908936	1.11022e-16	0.908936	0.908936
176	35    	0.908936	1.11022e-16	0.908936	0.908936
177	34    	0.908936	1.11022e-16	0.908936	0.908936
178	33    	0.908936	1.11022e-16	0.908936	0.908936
179	33    	0.908936	1.11022e-16	0.908936	0.908936
180	32    	0.908936	1.11022e-16	0.908936	0.908936
181	33    	0.908936	1.11022e-16	0.908936	0.908936
182	39    	0.908936	1.11022e-16	0.908936	0.908936
183	39    	0.908936	1.11022e-16	0.908936	0.908936
184	39    	0.908914	0.00021112 	0.906814	0.908936
185	36    	0.908936	1.11022e-16	0.908936	0.908936
186	27    	0.908936	1.11022e-16	0.908936	0.908936
187	35    	0.908936	1.11022e-16	0.908936	0.908936
188	32    	0.908936	1.11022e-16	0.908936	0.908936
189	36    	0.908936	1.11022e-16	0.908936	0.908936
190	40    	0.908936	1.11022e-16	0.908936	0.908936
191	37    	0.908936	1.11022e-16	0.908936	0.908936
192	34    	0.908936	1.11022e-16	0.908936	0.908936
193	34    	0.908936	1.11022e-16	0.908936	0.908936
194	36    	0.908936	1.11022e-16	0.908936	0.908936
195	31    	0.908936	1.11022e-16	0.908936	0.908936
196	31    	0.908936	1.11022e-16	0.908936	0.908936
197	30    	0.908936	1.11022e-16	0.908936	0.908936
198	33    	0.908936	1.11022e-16	0.908936	0.908936
199	40    	0.908936	1.11022e-16	0.908936	0.908936
200	38    	0.908936	1.11022e-16	0.908936	0.908936
0.954497724886
0.908936426666
