# INITIALIZATION
Counter({'TP': 1429, 'TN': 1265, 'FP': 115, 'FN': 48})
# Initial Accuracy: 0.942947147357
# Initial MCC: 0.886561257998
# Minimal variation in Mu: -0.0222142587192
# Min in Mu: [-0.016195]
# Min variation in initial S: 5.60932435275e-08
gen	nevals	avg     	std       	min     	max     
0  	100   	0.887668	0.00339478	0.879758	0.895224
1  	32    	0.890648	0.002539  	0.883365	0.895224
2  	36    	0.892727	0.00168092	0.885103	0.895224
3  	26    	0.894058	0.00118171	0.891732	0.895425
4  	36    	0.894934	0.000878394	0.892615	0.897246
5  	34    	0.895567	0.000654616	0.8947  	0.897246
6  	34    	0.896019	0.000716339	0.895224	0.897246
7  	39    	0.896565	0.000671394	0.895224	0.897386
8  	39    	0.897079	0.00037076 	0.895299	0.897386
9  	32    	0.897316	0.000297955	0.89656 	0.898716
10 	32    	0.897479	0.000405543	0.897246	0.898716
11 	35    	0.897741	0.000486268	0.897246	0.898716
12 	31    	0.898173	0.00051592 	0.897246	0.899401
13 	32    	0.898522	0.000682099	0.897313	0.902175
14 	36    	0.899088	0.000832258	0.897313	0.902175
15 	35    	0.899757	0.00108678 	0.897313	0.902175
16 	39    	0.90083 	0.00106767 	0.898716	0.902175
17 	29    	0.90163 	0.00080253 	0.899994	0.902801
18 	35    	0.902127	0.000438029	0.900023	0.903488
19 	29    	0.902315	0.000355279	0.902175	0.903547
20 	37    	0.902537	0.000511456	0.902175	0.903547
21 	37    	0.902905	0.00054844 	0.902175	0.904204
22 	39    	0.903286	0.000398341	0.902175	0.904204
23 	35    	0.903491	0.000299836	0.902175	0.904204
24 	34    	0.903655	0.000293061	0.902801	0.904204
25 	37    	0.903889	0.000382557	0.90283 	0.90495 
26 	40    	0.904177	0.000345804	0.903547	0.90495 
27 	35    	0.904362	0.000318601	0.903579	0.90495 
28 	31    	0.904517	0.000365467	0.904204	0.90495 
29 	36    	0.904736	0.000334257	0.904204	0.90495 
30 	35    	0.904936	0.000100355	0.904204	0.90495 
31 	40    	0.904943	7.42589e-05	0.904204	0.90495 
32 	33    	0.90495 	1.03216e-09	0.90495 	0.90495 
33 	35    	0.904965	0.000105079	0.90495 	0.905701
34 	39    	0.904974	0.000128003	0.90495 	0.905701
35 	32    	0.905065	0.000267306	0.90495 	0.905701
36 	35    	0.905207	0.000349737	0.90495 	0.905701
37 	37    	0.905483	0.000332519	0.90495 	0.905701
38 	32    	0.905719	0.000152536	0.904982	0.906386
39 	31    	0.905755	0.000184802	0.905701	0.906386
40 	32    	0.905865	0.000291488	0.905701	0.906386
41 	35    	0.90607 	0.000340611	0.905701	0.906386
42 	36    	0.906282	0.000244291	0.905701	0.906386
43 	39    	0.906372	9.59162e-05	0.905701	0.906386
44 	33    	0.906386	1.11022e-16	0.906386	0.906386
45 	34    	0.906386	1.11022e-16	0.906386	0.906386
46 	39    	0.906386	1.11022e-16	0.906386	0.906386
47 	35    	0.906389	1.82725e-05	0.906386	0.906493
48 	35    	0.906396	3.06545e-05	0.906386	0.906493
49 	35    	0.90641 	4.43721e-05	0.906386	0.906493
50 	35    	0.906458	0.000136841	0.906386	0.907176
51 	37    	0.906557	0.000227797	0.906386	0.907176
52 	35    	0.906694	0.000326367	0.906386	0.90786 
53 	34    	0.906893	0.00036075 	0.906493	0.90786 
54 	38    	0.907107	0.000297638	0.906493	0.90786 
55 	36    	0.907265	0.000267351	0.906493	0.90786 
56 	36    	0.907449	0.000416334	0.905016	0.90786 
57 	38    	0.907675	0.000384645	0.905128	0.90786 
58 	32    	0.907853	6.79882e-05	0.907176	0.90786 
59 	34    	0.907846	0.000139697	0.906456	0.90786 
60 	35    	0.90786 	3.33067e-16	0.90786 	0.90786 
61 	31    	0.907878	0.000104981	0.90786 	0.908475
62 	35    	0.907897	0.000147501	0.90786 	0.908508
63 	36    	0.907941	0.000210484	0.90786 	0.908508
64 	36    	0.907979	0.000247032	0.90786 	0.908508
65 	35    	0.908144	0.000314832	0.90786 	0.908508
66 	34    	0.908325	0.000283068	0.90786 	0.908508
67 	34    	0.908465	0.000153375	0.90786 	0.908508
68 	34    	0.908508	3.31419e-06	0.908475	0.908508
69 	34    	0.908508	5.57551e-09	0.908508	0.908508
70 	33    	0.908508	3.17452e-09	0.908508	0.908508
71 	35    	0.908508	2.22045e-16	0.908508	0.908508
72 	35    	0.908508	2.22045e-16	0.908508	0.908508
73 	31    	0.908523	0.000100686	0.908508	0.909228
74 	34    	0.908544	0.000156742	0.908508	0.909228
75 	36    	0.908573	0.000205818	0.908508	0.909228
76 	33    	0.908638	0.000276304	0.908508	0.909228
77 	37    	0.90876 	0.000343031	0.908508	0.909228
78 	37    	0.909033	0.000319292	0.908508	0.909228
79 	38    	0.909192	0.000156745	0.908508	0.909228
80 	35    	0.909228	8.43289e-10	0.909228	0.909228
81 	37    	0.909228	3.12861e-10	0.909228	0.909228
82 	35    	0.909228	2.01143e-10	0.909228	0.909228
83 	39    	0.909228	1.15987e-10	0.909228	0.909228
84 	37    	0.909228	1.7349e-11 	0.909228	0.909228
85 	37    	0.909228	5.12733e-12	0.909228	0.909228
86 	38    	0.909228	1.11022e-16	0.909228	0.909228
87 	37    	0.909228	1.11022e-16	0.909228	0.909228
88 	35    	0.909228	1.11022e-16	0.909228	0.909228
89 	30    	0.909228	1.11022e-16	0.909228	0.909228
90 	33    	0.909228	1.11022e-16	0.909228	0.909228
91 	36    	0.909228	1.11022e-16	0.909228	0.909228
92 	35    	0.909228	1.11022e-16	0.909228	0.909228
93 	38    	0.909207	0.000207761	0.907139	0.909228
94 	36    	0.909228	1.11022e-16	0.909228	0.909228
95 	29    	0.909228	1.11022e-16	0.909228	0.909228
96 	38    	0.909178	0.000490583	0.904297	0.909228
97 	31    	0.909228	1.11022e-16	0.909228	0.909228
98 	34    	0.909228	1.11022e-16	0.909228	0.909228
99 	40    	0.909228	1.11022e-16	0.909228	0.909228
100	40    	0.909228	1.11022e-16	0.909228	0.909228
101	36    	0.909228	1.11022e-16	0.909228	0.909228
102	34    	0.909228	1.11022e-16	0.909228	0.909228
103	39    	0.909228	1.11022e-16	0.909228	0.909228
104	38    	0.909228	1.11022e-16	0.909228	0.909228
105	39    	0.909228	1.11022e-16	0.909228	0.909228
106	40    	0.909262	0.000149184	0.909228	0.909912
107	33    	0.909358	0.000268531	0.909228	0.909912
108	35    	0.90957 	0.000342251	0.909228	0.909912
109	37    	0.909802	0.00027061 	0.908508	0.909912
110	35    	0.909905	6.8107e-05 	0.909228	0.909912
111	27    	0.909912	6.64788e-09	0.909912	0.909912
112	38    	0.909912	6.08086e-09	0.909912	0.909912
113	36    	0.909912	3.20913e-09	0.909912	0.909912
114	41    	0.909912	1.19161e-09	0.909912	0.909912
115	34    	0.909912	3.95863e-10	0.909912	0.909912
116	26    	0.909912	2.22045e-16	0.909912	0.909912
117	34    	0.909912	2.22045e-16	0.909912	0.909912
118	38    	0.909912	2.22045e-16	0.909912	0.909912
119	37    	0.909912	2.22045e-16	0.909912	0.909912
120	32    	0.909912	2.22045e-16	0.909912	0.909912
121	38    	0.909912	2.22045e-16	0.909912	0.909912
122	28    	0.909912	2.22045e-16	0.909912	0.909912
123	31    	0.909912	2.22045e-16	0.909912	0.909912
124	36    	0.909912	2.22045e-16	0.909912	0.909912
125	37    	0.909912	2.22045e-16	0.909912	0.909912
126	38    	0.909912	2.22045e-16	0.909912	0.909912
127	25    	0.909912	2.22045e-16	0.909912	0.909912
128	32    	0.909912	2.22045e-16	0.909912	0.909912
129	31    	0.909912	2.22045e-16	0.909912	0.909912
130	32    	0.909912	2.22045e-16	0.909912	0.909912
131	30    	0.909912	2.22045e-16	0.909912	0.909912
132	36    	0.909912	2.22045e-16	0.909912	0.909912
133	39    	0.909912	2.22045e-16	0.909912	0.909912
134	36    	0.909905	6.81136e-05	0.909227	0.909912
135	40    	0.909912	2.22045e-16	0.909912	0.909912
136	33    	0.909912	2.22045e-16	0.909912	0.909912
137	41    	0.909912	2.22045e-16	0.909912	0.909912
138	37    	0.909912	2.22045e-16	0.909912	0.909912
139	33    	0.909912	2.22045e-16	0.909912	0.909912
140	34    	0.909912	2.22045e-16	0.909912	0.909912
141	40    	0.909912	2.22045e-16	0.909912	0.909912
142	31    	0.909912	2.22045e-16	0.909912	0.909912
143	32    	0.909912	2.22045e-16	0.909912	0.909912
144	34    	0.909912	2.22045e-16	0.909912	0.909912
145	39    	0.909912	2.22045e-16	0.909912	0.909912
146	34    	0.909912	2.22045e-16	0.909912	0.909912
147	35    	0.909912	2.22045e-16	0.909912	0.909912
148	34    	0.909912	2.22045e-16	0.909912	0.909912
149	39    	0.909912	2.22045e-16	0.909912	0.909912
150	34    	0.909891	0.000211188	0.90779 	0.909912
151	35    	0.909912	2.22045e-16	0.909912	0.909912
152	40    	0.909912	2.22045e-16	0.909912	0.909912
153	35    	0.909912	2.22045e-16	0.909912	0.909912
154	40    	0.909912	2.22045e-16	0.909912	0.909912
155	35    	0.909912	2.22045e-16	0.909912	0.909912
156	41    	0.909912	2.22045e-16	0.909912	0.909912
157	34    	0.909912	2.22045e-16	0.909912	0.909912
158	33    	0.909912	2.22045e-16	0.909912	0.909912
159	29    	0.909912	2.22045e-16	0.909912	0.909912
160	38    	0.909912	2.22045e-16	0.909912	0.909912
161	38    	0.909912	2.22045e-16	0.909912	0.909912
162	33    	0.909912	2.22045e-16	0.909912	0.909912
163	34    	0.909912	2.22045e-16	0.909912	0.909912
164	30    	0.909912	2.22045e-16	0.909912	0.909912
165	33    	0.909912	2.22045e-16	0.909912	0.909912
166	28    	0.909912	2.22045e-16	0.909912	0.909912
167	38    	0.909912	2.22045e-16	0.909912	0.909912
168	36    	0.909912	2.22045e-16	0.909912	0.909912
169	33    	0.909912	2.22045e-16	0.909912	0.909912
170	33    	0.909912	2.22045e-16	0.909912	0.909912
171	36    	0.909912	2.22045e-16	0.909912	0.909912
172	34    	0.909912	2.22045e-16	0.909912	0.909912
173	32    	0.909912	2.22045e-16	0.909912	0.909912
174	30    	0.909912	2.22045e-16	0.909912	0.909912
175	34    	0.909912	2.22045e-16	0.909912	0.909912
176	36    	0.909912	2.22045e-16	0.909912	0.909912
177	31    	0.909912	2.22045e-16	0.909912	0.909912
178	39    	0.909912	1.24001e-09	0.909912	0.909912
179	41    	0.909912	1.9002e-09 	0.909912	0.909912
180	34    	0.909912	2.67855e-09	0.909912	0.909912
181	33    	0.909912	3.77517e-09	0.909912	0.909912
182	39    	0.909912	4.22046e-09	0.909912	0.909912
183	38    	0.909912	2.49244e-09	0.909912	0.909912
184	37    	0.909912	9.23996e-10	0.909912	0.909912
185	37    	0.909912	1.42197e-10	0.909912	0.909912
186	41    	0.909912	2.44178e-12	0.909912	0.909912
187	37    	0.909912	4.18635e-12	0.909912	0.909912
188	35    	0.90987 	0.000415562	0.905736	0.909912
189	37    	0.909912	1.10188e-11	0.909912	0.909912
190	34    	0.909912	1.22483e-11	0.909912	0.909912
191	36    	0.909912	8.99681e-12	0.909912	0.909912
192	38    	0.909912	2.44178e-12	0.909912	0.909912
193	32    	0.909912	2.22045e-16	0.909912	0.909912
194	31    	0.909912	2.22045e-16	0.909912	0.909912
195	35    	0.909891	0.000214398	0.907757	0.909912
196	40    	0.909912	2.22045e-16	0.909912	0.909912
197	37    	0.909912	2.22045e-16	0.909912	0.909912
198	35    	0.909912	2.22045e-16	0.909912	0.909912
199	33    	0.909912	2.22045e-16	0.909912	0.909912
200	33    	0.909912	2.22045e-16	0.909912	0.909912
0.954847742387
0.909912799548
