# INITIALIZATION
Counter({'TP': 1429, 'TN': 1265, 'FP': 115, 'FN': 48})
# Initial Accuracy: 0.942947147357
# Initial MCC: 0.886561257998
# Minimal variation in Mu: -0.0222142587192
# Min in Mu: [-0.016195]
# Min variation in initial S: 5.60932435275e-08
gen	nevals	avg     	std       	min     	max    
0  	100   	0.887521	0.00301667	0.879478	0.89519
1  	30    	0.889816	0.00190501	0.884591	0.89519
2  	44    	0.89142 	0.00174909	0.888643	0.89519
3  	34    	0.89266 	0.00182456	0.890102	0.895339
4  	39    	0.893971	0.0014224 	0.890531	0.895339
5  	36    	0.895076	0.000789439	0.891302	0.897246
6  	33    	0.895723	0.000805984	0.894658	0.899401
7  	31    	0.896276	0.000890797	0.89519 	0.899401
8  	33    	0.896902	0.00081018 	0.89519 	0.899401
9  	29    	0.897536	0.00065448 	0.895909	0.899401
10 	30    	0.898036	0.000769331	0.896593	0.899401
11 	35    	0.898691	0.000642197	0.897246	0.899401
12 	33    	0.8992  	0.000412817	0.897875	0.900054
13 	33    	0.899406	0.000306348	0.89865 	0.902175
14 	33    	0.899592	0.000640774	0.899401	0.902175
15 	39    	0.899943	0.00099021 	0.899401	0.902175
16 	36    	0.900664	0.00111062 	0.899401	0.902175
17 	39    	0.901263	0.000885627	0.899401	0.902801
18 	33    	0.901879	0.000688351	0.899401	0.902861
19 	41    	0.902236	0.000251909	0.900771	0.902861
20 	39    	0.902353	0.000327708	0.901524	0.903517
21 	36    	0.902572	0.000338063	0.902143	0.903517
22 	31    	0.902821	0.000279478	0.902175	0.903547
23 	32    	0.903004	0.000351157	0.902801	0.904176
24 	35    	0.903174	0.000399054	0.90283 	0.904176
25 	39    	0.903487	0.000377465	0.902861	0.904176
26 	31    	0.90381 	0.000371543	0.902894	0.904892
27 	38    	0.904041	0.000342835	0.903517	0.904892
28 	38    	0.904221	0.000226749	0.903547	0.90492 
29 	41    	0.90429 	0.000262597	0.903547	0.90492 
30 	29    	0.904423	0.000323569	0.904176	0.90492 
31 	34    	0.904615	0.000334753	0.904177	0.90492 
32 	36    	0.904827	0.000201203	0.904204	0.90492 
33 	32    	0.904898	1.21585e-05	0.904892	0.90492 
34 	39    	0.904907	1.41653e-05	0.904892	0.90492 
35 	36    	0.904916	9.57708e-06	0.904892	0.90492 
36 	32    	0.90492 	7.86177e-09	0.90492 	0.90492 
37 	21    	0.90492 	1.7131e-09 	0.90492 	0.90492 
38 	34    	0.90492 	2.37079e-09	0.90492 	0.90492 
39 	36    	0.90492 	2.62805e-09	0.90492 	0.90492 
40 	40    	0.90492 	1.60142e-09	0.90492 	0.90492 
41 	34    	0.904921	4.22564e-06	0.90492 	0.90495 
42 	34    	0.904922	7.16809e-06	0.90492 	0.90495 
43 	33    	0.904926	1.20732e-05	0.90492 	0.90495 
44 	33    	0.904937	1.50159e-05	0.90492 	0.90495 
45 	43    	0.904946	1.01508e-05	0.90492 	0.90495 
46 	34    	0.90495 	7.56873e-09	0.90495 	0.90495 
47 	37    	0.90495 	1.22125e-08	0.90495 	0.90495 
48 	37    	0.90495 	1.65339e-08	0.90495 	0.90495 
49 	37    	0.904937	0.000306342	0.902208	0.906323
50 	34    	0.904978	0.000192242	0.90495 	0.906323
51 	34    	0.905046	0.000350355	0.90495 	0.906324
52 	36    	0.905143	0.000476466	0.90495 	0.906324
53 	38    	0.905335	0.000601055	0.90495 	0.906324
54 	34    	0.905671	0.000654393	0.90492 	0.906324
55 	43    	0.906063	0.000483364	0.90495 	0.906324
56 	33    	0.906275	0.00037496 	0.9028  	0.907011
57 	38    	0.906344	0.00011722 	0.906323	0.907011
58 	36    	0.906365	0.00016319 	0.906324	0.907011
59 	33    	0.90642 	0.000445092	0.902893	0.907011
60 	30    	0.906653	0.000343301	0.906324	0.907011
61 	38    	0.906901	0.000251914	0.906324	0.907011
62 	33    	0.906989	0.000157324	0.90558 	0.907011
63 	34    	0.907011	7.38411e-09	0.907011	0.907011
64 	32    	0.907011	9.63088e-09	0.907011	0.907011
65 	36    	0.906997	0.000136712	0.905637	0.907011
66 	38    	0.907011	4.12864e-06	0.907011	0.90704 
67 	35    	0.907012	5.77864e-06	0.907011	0.90704 
68 	37    	0.907013	8.0001e-06 	0.907011	0.90704 
69 	35    	0.907024	7.16581e-05	0.907011	0.907727
70 	34    	0.90703 	7.15052e-05	0.907011	0.907727
71 	32    	0.907032	1.33798e-05	0.907011	0.90704 
72 	38    	0.907039	5.03024e-06	0.907011	0.90704 
73 	32    	0.90704 	3.91351e-09	0.90704 	0.90704 
74 	36    	0.90704 	2.7184e-09 	0.90704 	0.90704 
75 	35    	0.907068	0.000134572	0.90704 	0.907727
76 	39    	0.907136	0.000238288	0.90704 	0.907727
77 	35    	0.907281	0.000327551	0.90704 	0.907727
78 	39    	0.907487	0.000327551	0.90704 	0.907727
79 	33    	0.907665	0.000196531	0.90704 	0.907727
80 	36    	0.90772 	6.83292e-05	0.90704 	0.907727
81 	34    	0.907727	0          	0.907727	0.907727
82 	33    	0.907727	0          	0.907727	0.907727
83 	39    	0.907727	0          	0.907727	0.907727
84 	35    	0.907727	0          	0.907727	0.907727
85 	34    	0.907727	0          	0.907727	0.907727
86 	39    	0.907727	0          	0.907727	0.907727
87 	35    	0.907727	0          	0.907727	0.907727
88 	41    	0.907727	0          	0.907727	0.907727
89 	38    	0.907727	0          	0.907727	0.907727
90 	32    	0.907727	0          	0.907727	0.907727
91 	29    	0.907727	0          	0.907727	0.907727
92 	36    	0.907727	0          	0.907727	0.907727
93 	38    	0.907727	0          	0.907727	0.907727
94 	30    	0.907727	0          	0.907727	0.907727
95 	39    	0.907727	0          	0.907727	0.907727
96 	37    	0.907727	0          	0.907727	0.907727
97 	31    	0.907727	0          	0.907727	0.907727
98 	38    	0.907727	0          	0.907727	0.907727
99 	31    	0.907727	0          	0.907727	0.907727
100	44    	0.907727	0          	0.907727	0.907727
101	28    	0.907727	0          	0.907727	0.907727
102	38    	0.907727	0          	0.907727	0.907727
103	30    	0.907727	0          	0.907727	0.907727
104	35    	0.907727	0          	0.907727	0.907727
105	31    	0.907727	0          	0.907727	0.907727
106	34    	0.907727	0          	0.907727	0.907727
107	34    	0.907727	0          	0.907727	0.907727
108	30    	0.907727	0          	0.907727	0.907727
109	32    	0.907727	0          	0.907727	0.907727
110	35    	0.907727	0          	0.907727	0.907727
111	37    	0.907727	0          	0.907727	0.907727
112	35    	0.907727	0          	0.907727	0.907727
113	38    	0.907727	0          	0.907727	0.907727
114	36    	0.907727	0          	0.907727	0.907727
115	37    	0.907727	0          	0.907727	0.907727
116	42    	0.907727	0          	0.907727	0.907727
117	36    	0.907727	0          	0.907727	0.907727
118	34    	0.907727	0          	0.907727	0.907727
119	38    	0.907727	0          	0.907727	0.907727
120	37    	0.907727	0          	0.907727	0.907727
121	32    	0.907727	0          	0.907727	0.907727
122	39    	0.907727	0          	0.907727	0.907727
123	31    	0.907727	0          	0.907727	0.907727
124	24    	0.907727	0          	0.907727	0.907727
125	38    	0.907727	0          	0.907727	0.907727
126	37    	0.907727	0          	0.907727	0.907727
127	25    	0.907727	0          	0.907727	0.907727
128	35    	0.907727	0          	0.907727	0.907727
129	36    	0.907727	3.76334e-09	0.907727	0.907727
130	37    	0.907727	0          	0.907727	0.907727
131	39    	0.907727	0          	0.907727	0.907727
132	41    	0.907727	0          	0.907727	0.907727
133	38    	0.907719	0.000158655	0.906295	0.908414
134	34    	0.907734	6.83531e-05	0.907727	0.908414
135	34    	0.907741	9.61764e-05	0.907727	0.908414
136	36    	0.907741	9.61769e-05	0.907727	0.908414
137	31    	0.907768	0.000163148	0.907727	0.908414
138	33    	0.907844	0.000258051	0.907727	0.908414
139	39    	0.908009	0.000337878	0.907727	0.908414
140	38    	0.908215	0.000311725	0.907727	0.908414
141	30    	0.908421	6.83874e-05	0.908414	0.909101
142	35    	0.908428	9.62303e-05	0.908414	0.909101
143	33    	0.908455	0.000163235	0.908414	0.909101
144	37    	0.908503	0.000231154	0.908414	0.909101
145	40    	0.908593	0.000301491	0.908414	0.909101
146	40    	0.908813	0.000339246	0.908414	0.909101
147	34    	0.909033	0.000206212	0.908414	0.909101
148	38    	0.909094	6.8397e-05 	0.908414	0.909101
149	34    	0.909094	6.83997e-05	0.908414	0.909101
150	38    	0.909101	2.99473e-08	0.909101	0.909101
151	34    	0.909101	7.77891e-09	0.909101	0.909101
152	31    	0.909101	2.0211e-09 	0.909101	0.909101
153	38    	0.909101	2.03729e-09	0.909101	0.909101
154	32    	0.909101	1.34576e-09	0.909101	0.909101
155	34    	0.909101	2.22045e-16	0.909101	0.909101
156	34    	0.909101	2.22045e-16	0.909101	0.909101
157	40    	0.909101	2.22045e-16	0.909101	0.909101
158	36    	0.909101	2.22045e-16	0.909101	0.909101
159	37    	0.909101	2.22045e-16	0.909101	0.909101
160	36    	0.909101	2.22045e-16	0.909101	0.909101
161	37    	0.909101	2.22045e-16	0.909101	0.909101
162	35    	0.909101	2.22045e-16	0.909101	0.909101
163	36    	0.909101	2.22045e-16	0.909101	0.909101
164	36    	0.909101	2.22045e-16	0.909101	0.909101
165	33    	0.909101	2.22045e-16	0.909101	0.909101
166	35    	0.909101	2.22045e-16	0.909101	0.909101
167	33    	0.909101	2.22045e-16	0.909101	0.909101
168	33    	0.909101	2.22045e-16	0.909101	0.909101
169	31    	0.909101	2.22045e-16	0.909101	0.909101
170	39    	0.909101	2.22045e-16	0.909101	0.909101
171	34    	0.909101	2.22045e-16	0.909101	0.909101
172	35    	0.909101	2.22045e-16	0.909101	0.909101
173	38    	0.909101	2.22045e-16	0.909101	0.909101
174	37    	0.909101	2.22045e-16	0.909101	0.909101
175	42    	0.909101	2.22045e-16	0.909101	0.909101
176	31    	0.909101	2.22045e-16	0.909101	0.909101
177	36    	0.909101	2.22045e-16	0.909101	0.909101
178	33    	0.909101	2.22045e-16	0.909101	0.909101
179	35    	0.909101	5.75185e-09	0.909101	0.909101
180	31    	0.909101	6.93148e-09	0.909101	0.909101
181	36    	0.909073	0.000279263	0.906295	0.909101
182	35    	0.909101	1.3977e-08 	0.909101	0.909101
183	37    	0.909101	1.30096e-08	0.909101	0.909101
184	38    	0.909101	2.95418e-09	0.909101	0.909101
185	39    	0.909101	6.05044e-10	0.909101	0.909101
186	37    	0.909101	9.68479e-10	0.909101	0.909101
187	35    	0.909101	1.03653e-09	0.909101	0.909101
188	37    	0.909101	1.06426e-09	0.909101	0.909101
189	39    	0.909101	1.03996e-09	0.909101	0.909101
190	33    	0.909101	6.13123e-10	0.909101	0.909101
191	35    	0.909101	4.01506e-10	0.909101	0.909101
192	33    	0.909101	5.7473e-10 	0.909101	0.909101
193	28    	0.909101	6.76723e-10	0.909101	0.909101
194	36    	0.909101	5.73722e-10	0.909101	0.909101
195	34    	0.909101	2.72517e-10	0.909101	0.909101
196	33    	0.909101	3.33067e-16	0.909101	0.909101
197	33    	0.909101	3.33067e-16	0.909101	0.909101
198	37    	0.909101	3.33067e-16	0.909101	0.909101
199	35    	0.909101	3.33067e-16	0.909101	0.909101
200	33    	0.909101	3.33067e-16	0.909101	0.909101
0.954497724886
0.909102209882
