0.942947147357
0.886561257998
0.953622681134
0.907350867006



0.0 100.0 0.88776 0.00304584 0.881897 0.895157
1.0 29.0 0.890119 0.00206384 0.884479 0.895157
2.0 37.0 0.891671 0.00178574 0.885103 0.898591
3.0 41.0 0.892823 0.00165997 0.890048 0.898591
4.0 34.0 0.894214 0.0014891 0.891351 0.898591
5.0 39.0 0.895478 0.00118351 0.893253 0.898591
6.0 36.0 0.896669 0.00130426 0.894578 0.898591
7.0 37.0 0.897721 0.00114563 0.894578 0.899967
8.0 32.0 0.898615 0.000740157 0.895517 0.899967
9.0 38.0 0.899018 0.000636978 0.897348 0.90012
10.0 36.0 0.89933 0.000659364 0.897933 0.90012
11.0 36.0 0.899842 0.000523185 0.898591 0.900771
12.0 32.0 0.900178 0.000374693 0.898591 0.900771
13.0 31.0 0.900453 0.000334849 0.899967 0.900916
14.0 33.0 0.900733 0.0002876 0.90012 0.902034
15.0 34.0 0.900931 0.000382348 0.900682 0.902059
16.0 41.0 0.901129 0.000515357 0.900682 0.903002
17.0 32.0 0.901489 0.000593554 0.900682 0.903002
18.0 35.0 0.901939 0.000474431 0.900682 0.903002
19.0 39.0 0.902185 0.000448824 0.900916 0.903002
20.0 30.0 0.902364 0.00043785 0.902034 0.903002
21.0 33.0 0.902696 0.000462782 0.902059 0.903437
22.0 35.0 0.902971 0.000265041 0.902059 0.903437
23.0 36.0 0.903059 0.000146187 0.903002 0.903437
24.0 38.0 0.903119 0.000224768 0.903002 0.904066
25.0 33.0 0.903221 0.000259409 0.903002 0.904066
26.0 36.0 0.903436 0.000289583 0.903002 0.904127
27.0 29.0 0.903659 0.000309368 0.903437 0.904127
28.0 35.0 0.903904 0.000363664 0.903437 0.904817
29.0 33.0 0.904271 0.000334178 0.903437 0.904817
30.0 31.0 0.90452 0.000342464 0.904066 0.904817
31.0 37.0 0.904769 0.000176105 0.904127 0.904817
32.0 32.0 0.90481 0.000154164 0.903437 0.905508
33.0 34.0 0.904865 0.000176205 0.904817 0.905508
34.0 32.0 0.904969 0.000286078 0.904817 0.905508
35.0 33.0 0.905162 0.000345299 0.904817 0.905508
36.0 36.0 0.905376 0.000270922 0.904817 0.905508
37.0 35.0 0.905487 0.000117807 0.904817 0.905508
38.0 38.0 0.905508 1.11022e-16 0.905508 0.905508
39.0 31.0 0.905508 1.11022e-16 0.905508 0.905508
40.0 29.0 0.905508 1.11022e-16 0.905508 0.905508
41.0 36.0 0.905508 1.11022e-16 0.905508 0.905508
42.0 35.0 0.905508 1.11022e-16 0.905508 0.905508
43.0 42.0 0.905508 1.11022e-16 0.905508 0.905508
44.0 35.0 0.905508 1.11022e-16 0.905508 0.905508
45.0 35.0 0.905508 1.11022e-16 0.905508 0.905508
46.0 37.0 0.905508 1.11022e-16 0.905508 0.905508
47.0 35.0 0.905508 1.11022e-16 0.905508 0.905508
48.0 37.0 0.905508 1.11022e-16 0.905508 0.905508
49.0 35.0 0.905508 1.11022e-16 0.905508 0.905508
50.0 33.0 0.905508 1.11022e-16 0.905508 0.905508
51.0 34.0 0.905508 1.11022e-16 0.905508 0.905508
52.0 42.0 0.905522 9.67272e-05 0.905508 0.906199
53.0 35.0 0.905577 0.000209222 0.905508 0.90622
54.0 30.0 0.905661 0.000289471 0.905508 0.90622
55.0 34.0 0.905905 0.000345481 0.905508 0.90622
56.0 32.0 0.90616 0.000179164 0.905508 0.90622
57.0 36.0 0.906215 8.86825e-06 0.906199 0.90622
58.0 38.0 0.90622 2.13008e-06 0.906199 0.90622
59.0 33.0 0.90622 2.13008e-06 0.906199 0.90622
60.0 39.0 0.90622 1.11022e-16 0.90622 0.90622
61.0 36.0 0.90622 1.11022e-16 0.90622 0.90622
62.0 33.0 0.90622 1.11022e-16 0.90622 0.90622
63.0 38.0 0.90622 1.11022e-16 0.90622 0.90622
64.0 38.0 0.90622 1.11022e-16 0.90622 0.90622
65.0 34.0 0.90622 1.11022e-16 0.90622 0.90622
66.0 30.0 0.90622 1.11022e-16 0.90622 0.90622
67.0 35.0 0.90622 1.11022e-16 0.90622 0.90622
68.0 30.0 0.90622 1.11022e-16 0.90622 0.90622
69.0 33.0 0.90622 1.11022e-16 0.90622 0.90622
70.0 36.0 0.90622 1.11022e-16 0.90622 0.90622
71.0 37.0 0.90622 1.11022e-16 0.90622 0.90622
72.0 33.0 0.90622 1.11022e-16 0.90622 0.90622
73.0 38.0 0.90622 1.11022e-16 0.90622 0.90622
74.0 30.0 0.90622 1.11022e-16 0.90622 0.90622
75.0 34.0 0.90622 1.11022e-16 0.90622 0.90622
76.0 32.0 0.90622 1.11022e-16 0.90622 0.90622
77.0 31.0 0.90622 1.11022e-16 0.90622 0.90622
78.0 36.0 0.90622 1.11022e-16 0.90622 0.90622
79.0 35.0 0.90622 1.11022e-16 0.90622 0.90622
80.0 35.0 0.90622 1.11022e-16 0.90622 0.90622
81.0 34.0 0.90622 1.11022e-16 0.90622 0.90622
82.0 32.0 0.90622 1.11022e-16 0.90622 0.90622
83.0 37.0 0.90622 1.11022e-16 0.90622 0.90622
84.0 33.0 0.90622 1.11022e-16 0.90622 0.90622
85.0 39.0 0.90622 1.11022e-16 0.90622 0.90622
86.0 33.0 0.90622 1.11022e-16 0.90622 0.90622
87.0 31.0 0.90622 1.11022e-16 0.90622 0.90622
88.0 35.0 0.90622 1.11022e-16 0.90622 0.90622
89.0 38.0 0.90622 1.11022e-16 0.90622 0.90622
90.0 40.0 0.90622 1.11022e-16 0.90622 0.90622
91.0 34.0 0.90622 1.11022e-16 0.90622 0.90622
92.0 35.0 0.90622 1.11022e-16 0.90622 0.90622
93.0 31.0 0.90622 1.11022e-16 0.90622 0.90622
94.0 33.0 0.90622 1.11022e-16 0.90622 0.90622
95.0 31.0 0.90622 1.11022e-16 0.90622 0.90622
96.0 37.0 0.906199 0.000205891 0.904151 0.90622
97.0 33.0 0.90622 1.11022e-16 0.90622 0.90622
98.0 32.0 0.90622 1.11022e-16 0.90622 0.90622
99.0 36.0 0.90622 1.11022e-16 0.90622 0.90622
100.0 37.0 0.90622 1.11022e-16 0.90622 0.90622
101.0 34.0 0.90622 1.11022e-16 0.90622 0.90622
102.0 35.0 0.90622 1.11022e-16 0.90622 0.90622
103.0 37.0 0.90622 1.11022e-16 0.90622 0.90622
104.0 36.0 0.90622 1.11022e-16 0.90622 0.90622
105.0 37.0 0.90622 1.11022e-16 0.90622 0.90622
106.0 34.0 0.90622 1.11022e-16 0.90622 0.90622
107.0 37.0 0.90622 1.11022e-16 0.90622 0.90622
108.0 34.0 0.90622 1.11022e-16 0.90622 0.90622
109.0 37.0 0.90622 1.11022e-16 0.90622 0.90622
110.0 34.0 0.906199 0.000205897 0.904151 0.90622
111.0 37.0 0.90622 1.11022e-16 0.90622 0.90622
112.0 38.0 0.90622 1.11022e-16 0.90622 0.90622
113.0 34.0 0.90622 1.11022e-16 0.90622 0.90622
114.0 28.0 0.90622 1.11022e-16 0.90622 0.90622
115.0 32.0 0.90622 1.11022e-16 0.90622 0.90622
116.0 35.0 0.90622 1.11022e-16 0.90622 0.90622
117.0 36.0 0.90622 1.11022e-16 0.90622 0.90622
118.0 38.0 0.90622 1.11022e-16 0.90622 0.90622
119.0 37.0 0.90622 1.11022e-16 0.90622 0.90622
120.0 33.0 0.90622 1.11022e-16 0.90622 0.90622
121.0 38.0 0.90622 1.11022e-16 0.90622 0.90622
122.0 35.0 0.90622 1.11022e-16 0.90622 0.90622
123.0 33.0 0.906199 0.000210477 0.904105 0.90622
124.0 27.0 0.90622 1.11022e-16 0.90622 0.90622
125.0 35.0 0.90622 1.11022e-16 0.90622 0.90622
126.0 31.0 0.90622 1.11022e-16 0.90622 0.90622
127.0 33.0 0.90622 1.11022e-16 0.90622 0.90622
128.0 35.0 0.90622 1.11022e-16 0.90622 0.90622
129.0 32.0 0.90622 1.11022e-16 0.90622 0.90622
130.0 34.0 0.90622 1.11022e-16 0.90622 0.90622
131.0 31.0 0.90622 1.11022e-16 0.90622 0.90622
132.0 37.0 0.90622 1.11022e-16 0.90622 0.90622
133.0 32.0 0.90622 1.11022e-16 0.90622 0.90622
134.0 34.0 0.90622 1.11022e-16 0.90622 0.90622
135.0 38.0 0.90622 1.11022e-16 0.90622 0.90622
136.0 34.0 0.90622 1.11022e-16 0.90622 0.90622
137.0 34.0 0.90622 1.11022e-16 0.90622 0.90622
138.0 34.0 0.90622 1.11022e-16 0.90622 0.90622
139.0 38.0 0.90622 1.11022e-16 0.90622 0.90622
140.0 34.0 0.906192 0.000276903 0.903437 0.90622
141.0 38.0 0.90622 1.11022e-16 0.90622 0.90622
142.0 44.0 0.90622 1.11022e-16 0.90622 0.90622
143.0 36.0 0.90622 1.11022e-16 0.90622 0.90622
144.0 40.0 0.90622 1.11022e-16 0.90622 0.90622
145.0 37.0 0.90622 1.11022e-16 0.90622 0.90622
146.0 37.0 0.90622 1.11022e-16 0.90622 0.90622
147.0 37.0 0.90622 1.11022e-16 0.90622 0.90622
148.0 38.0 0.90622 1.11022e-16 0.90622 0.90622
149.0 34.0 0.90622 1.11022e-16 0.90622 0.90622
150.0 33.0 0.90622 1.11022e-16 0.90622 0.90622
151.0 36.0 0.90622 1.11022e-16 0.90622 0.90622
152.0 31.0 0.90622 1.11022e-16 0.90622 0.90622
153.0 36.0 0.90622 1.11022e-16 0.90622 0.90622
154.0 36.0 0.90622 1.11022e-16 0.90622 0.90622
155.0 33.0 0.906193 0.000271805 0.903488 0.90622
156.0 36.0 0.90622 1.11022e-16 0.90622 0.90622
157.0 31.0 0.90622 1.11022e-16 0.90622 0.90622
158.0 34.0 0.90622 1.11022e-16 0.90622 0.90622
159.0 32.0 0.90622 1.11022e-16 0.90622 0.90622
160.0 32.0 0.90622 1.11022e-16 0.90622 0.90622
161.0 33.0 0.90622 1.11022e-16 0.90622 0.90622
162.0 37.0 0.90622 1.11022e-16 0.90622 0.90622
163.0 29.0 0.90622 1.11022e-16 0.90622 0.90622
164.0 34.0 0.90622 1.11022e-16 0.90622 0.90622
165.0 34.0 0.90622 1.11022e-16 0.90622 0.90622
166.0 37.0 0.90622 1.11022e-16 0.90622 0.90622
167.0 34.0 0.90622 1.11022e-16 0.90622 0.90622
168.0 38.0 0.90622 1.11022e-16 0.90622 0.90622
169.0 40.0 0.90622 1.11022e-16 0.90622 0.90622
170.0 40.0 0.90622 1.11022e-16 0.90622 0.90622
171.0 35.0 0.90622 1.11022e-16 0.90622 0.90622
172.0 34.0 0.90622 1.11022e-16 0.90622 0.90622
173.0 31.0 0.90622 1.11022e-16 0.90622 0.90622
174.0 30.0 0.90622 1.11022e-16 0.90622 0.90622
175.0 37.0 0.90622 1.11022e-16 0.90622 0.90622
176.0 36.0 0.90622 1.11022e-16 0.90622 0.90622
177.0 40.0 0.90622 1.11022e-16 0.90622 0.90622
178.0 34.0 0.90622 1.11022e-16 0.90622 0.90622
179.0 32.0 0.90622 1.11022e-16 0.90622 0.90622
180.0 35.0 0.90622 1.11022e-16 0.90622 0.90622
181.0 35.0 0.90622 1.11022e-16 0.90622 0.90622
182.0 38.0 0.90622 1.11022e-16 0.90622 0.90622
183.0 33.0 0.90622 1.11022e-16 0.90622 0.90622
184.0 38.0 0.90622 1.11022e-16 0.90622 0.90622
185.0 36.0 0.90622 1.11022e-16 0.90622 0.90622
186.0 37.0 0.90622 1.11022e-16 0.90622 0.90622
187.0 36.0 0.90622 1.11022e-16 0.90622 0.90622
188.0 39.0 0.90622 1.11022e-16 0.90622 0.90622
189.0 41.0 0.90622 1.11022e-16 0.90622 0.90622
190.0 34.0 0.90622 1.11022e-16 0.90622 0.90622
191.0 30.0 0.90622 1.11022e-16 0.90622 0.90622
192.0 37.0 0.90622 1.11022e-16 0.90622 0.90622
193.0 38.0 0.90622 1.11022e-16 0.90622 0.90622
194.0 34.0 0.90622 1.11022e-16 0.90622 0.90622
195.0 34.0 0.90622 1.11022e-16 0.90622 0.90622
196.0 37.0 0.90622 1.11022e-16 0.90622 0.90622
197.0 33.0 0.90622 1.11022e-16 0.90622 0.90622
198.0 33.0 0.906198 0.000214348 0.904066 0.90622
199.0 31.0 0.90622 1.11022e-16 0.90622 0.90622
200.0 39.0 0.90622 1.11022e-16 0.90622 0.90622
