# AdaBoost
0.01 0.889291914116 0.777689392965 0.184545922279
0.05 0.926573359992 0.851187345696 0.198417592049
0.1 0.92872361809 0.855644834331 0.212133455276
0.2 0.934237901402 0.866699751726 0.248081564903
0.3 0.934681483396 0.867576804659 0.285761642456
0.4 0.934614804764 0.867277576087 0.358295249939
0.5 0.93509406657 0.868490078217 0.377878117561
0.6 0.936454093171 0.871237696813 0.432518148422
0.7 0.932800723545 0.863576598415 0.462050533295
0.8 0.933649932157 0.865441482203 0.496095299721
0.9 0.932730560579 0.863718072188 0.545613694191
0.99 0.947747747748 0.894329976432 0.580094122887

