# AdaBoost
0.01 0.538432835821 0.0770466742074 0.00485868453979
0.05 0.668871595331 0.357963359416 0.0993867874146
0.1 0.721399176955 0.449907301591 0.12427072525
0.2 0.745833333333 0.490289333468 0.118356895447
0.3 0.740211640212 0.479430628731 0.100816607475
0.4 0.763580246914 0.525897688396 0.107072758675
0.5 0.762962962963 0.520981561852 0.106431555748
0.6 0.760185185185 0.52149433075 0.106610488892
0.7 0.774390243902 0.536700066809 0.105573964119
0.8 0.792592592593 0.574009685451 0.103609132767
0.9 0.803703703704 0.597232522792 0.106548929214
0.99 0.866666666667 0.65 0.121190595627

