# AdaBoost
0.01 0.814744385159 0.477288827602 0.320613241196
0.05 0.836579057964 0.529376931418 0.331732463837
0.1 0.840218392766 0.53791962588 0.356119632721
0.2 0.841153211256 0.539498438864 0.403396296501
0.3 0.841043302768 0.53969253362 0.442838454247
0.4 0.84154680862 0.540754818678 0.488189291954
0.5 0.84160678091 0.540498701815 0.541041994095
0.6 0.841573896353 0.54119815446 0.630261611938
0.7 0.841949022418 0.542454270238 0.669810914993
0.8 0.843635805312 0.545513376143 0.730334925652
0.9 0.844396684065 0.54553245387 0.778781104088
0.99 0.839877300613 0.529238307826 0.816943025589

