# AdaBoost
0.01 0.833362193362 0.623545890682 0.0038853764534
0.05 0.918255639098 0.820698753601 0.0664200353622
0.1 0.937841269841 0.864076495411 0.0970970749855
0.2 0.948517857143 0.88637272633 0.0998344016075
0.3 0.952775510204 0.895834882429 0.0996450304985
0.4 0.95319047619 0.896707260464 0.102064199448
0.5 0.9534 0.897263581668 0.114988305569
0.6 0.953107142857 0.89652649042 0.116206390858
0.7 0.955571428571 0.901700799812 0.108961572647
0.8 0.955785714286 0.902419804762 0.111171517372
0.9 0.956285714286 0.902310551609 0.113621938229
0.99 0.935714285714 0.808512939724 0.109914889336

