# AdaBoost
0.01 0.734223918575 0.479310611314 0.126815795898
0.05 0.885946304276 0.772306023045 0.129402732849
0.1 0.905353393982 0.810951441012 0.138102459908
0.2 0.921338582677 0.842998738658 0.158292222023
0.3 0.92955465587 0.859310279916 0.177996110916
0.4 0.93406824147 0.868166984424 0.202646875381
0.5 0.934571788413 0.869315781045 0.222236537933
0.6 0.937480314961 0.875052085842 0.249022698402
0.7 0.939349422875 0.87877462993 0.248853397369
0.8 0.935905511811 0.871868489433 0.26489739418
0.9 0.939937106918 0.880119529186 0.27471101284
0.99 0.934375 0.868279663026 0.294580245018

