# AdaBoost
0.01 0.960349454055 0.87870791001 1.69706637859
0.05 0.956629367926 0.867630590531 1.89186208248
0.1 0.955420490406 0.863316005604 2.09790530205
0.2 0.954375503708 0.859999094189 2.58788328171
0.3 0.95551125102 0.863688037042 2.82000386715
0.4 0.955018873057 0.862026255836 3.00997481346
0.5 0.953793795754 0.858004411979 3.2836517334
0.6 0.954955469635 0.861840669322 3.92207257748
0.7 0.953936450937 0.858580260339 4.00240921974
0.8 0.953513425284 0.856804628339 4.46517016888
0.9 0.952799314454 0.855224887123 4.85842931271
0.99 0.952794777642 0.855911065839 5.08858089447

