# AdaBoost
0.01 0.966592067636 0.933981534624 0.195809080601
0.05 0.996455040166 0.992936717896 0.196751410961
0.1 0.998330142232 0.996663438388 0.211410348415
0.2 0.999361538462 0.998723259495 0.262481257915
0.3 0.999644803939 0.999289699024 0.28551959753
0.4 0.999835897436 0.999671808351 0.346907596588
0.5 0.999901526342 0.99980288202 0.365986132622
0.6 0.999950769231 0.999901510224 0.40012029171
0.7 0.99995488105 0.999909747208 0.422684762478
0.8 1.0 1.0 0.457579939365
0.9 1.0 1.0 0.547684137821
0.99 1.0 1.0 0.575918643475

