# Decision Tree
0.01 0.793795093795 0.512540137226 0.00173938274384
0.05 0.916691729323 0.817799832735 0.00164821147919
0.1 0.92619047619 0.83591305112 0.00178146362305
0.2 0.934821428571 0.856167387261 0.00210108757019
0.3 0.932448979592 0.84978687489 0.00203127861023
0.4 0.922857142857 0.830259765935 0.00206205844879
0.5 0.924571428571 0.83525733825 0.00198328495026
0.6 0.932857142857 0.85017359579 0.00173006057739
0.7 0.931904761905 0.847152805659 0.00208120346069
0.8 0.92 0.823051434927 0.00209226608276
0.9 0.948571428571 0.888084597049 0.00212173461914
0.99 0.9 0.762579396771 0.00220041275024

