# Decision Tree
0.01 0.875550479671 0.750881851662 0.0164410114288
0.05 0.90411311054 0.806175642113 0.016188454628
0.1 0.917035175879 0.832162724769 0.0177534341812
0.2 0.931433740389 0.861253897481 0.0207114934921
0.3 0.943054658225 0.884771197618 0.0233999252319
0.4 0.945409317051 0.889389020872 0.02643430233
0.5 0.954142547033 0.907040380666 0.0291395187378
0.6 0.957530529172 0.91399329628 0.0338963985443
0.7 0.961682242991 0.922442893119 0.0360252141953
0.8 0.964314789688 0.927596948018 0.0380902528763
0.9 0.965461121157 0.930097381142 0.0409569263458
0.99 0.967567567568 0.934047287065 0.0463144302368

