# Decision Tree
0.01 0.539925373134 0.0942281618716 0.00157723426819
0.05 0.673929961089 0.366671770554 0.00168092250824
0.1 0.702880658436 0.407037435951 0.00142521858215
0.2 0.721296296296 0.439520149925 0.00190284252167
0.3 0.720105820106 0.43620096878 0.00151166915894
0.4 0.732098765432 0.460055859371 0.00145189762115
0.5 0.705185185185 0.412293130869 0.0021167755127
0.6 0.730555555556 0.460598455792 0.00189411640167
0.7 0.730487804878 0.457591275228 0.001700258255
0.8 0.722222222222 0.435306654149 0.00183758735657
0.9 0.703703703704 0.4033049938 0.00188944339752
0.99 0.7 0.4 0.00176105499268

