# Decision Tree
0.01 0.76581771932 0.357804164938 0.0324061632156
0.05 0.77434778392 0.38984175143 0.0342885255814
0.1 0.777409998294 0.40560336875 0.0381570100784
0.2 0.778870590042 0.40886645556 0.0442875146866
0.3 0.783951213092 0.423329495727 0.0495754718781
0.4 0.785325280237 0.426438921919 0.0565138101578
0.5 0.786579448437 0.427641928147 0.0616766452789
0.6 0.789220729367 0.438076378023 0.0665922403336
0.7 0.787746954652 0.436274151526 0.0738161802292
0.8 0.791432519576 0.445486861032 0.0799825191498
0.9 0.792876880565 0.452938828278 0.0875491142273
0.99 0.794171779141 0.460797516264 0.0925612211227

