# Decision Tree
0.01 0.605979643766 0.219405031497 0.00634582042694
0.05 0.828306264501 0.659314198993 0.00629432201385
0.1 0.894471658502 0.789674319546 0.00716924667358
0.2 0.899763779528 0.799856427366 0.00802018642426
0.3 0.910931174089 0.822326575815 0.0110151290894
0.4 0.924251968504 0.848664144649 0.0121787071228
0.5 0.926196473552 0.852472774872 0.0147154092789
0.6 0.931181102362 0.862388074924 0.0163449764252
0.7 0.935466946485 0.870852762408 0.0188305139542
0.8 0.941102362205 0.882557248639 0.021560883522
0.9 0.945597484277 0.891016734355 0.0232637882233
0.99 0.94375 0.886598290785 0.0257791996002

