# Decision Tree
0.01 0.992140787364 0.976188139001 0.237435913086
0.05 0.996600158931 0.989674628084 0.234983062744
0.1 0.997761525627 0.993202619548 0.235856771469
0.2 0.998545239383 0.995578650767 0.235954380035
0.3 0.998761221872 0.996236490308 0.242634224892
0.4 0.999014520352 0.997005440594 0.250218057632
0.5 0.999141427744 0.997389991822 0.266117119789
0.6 0.999131836406 0.997362398736 0.26432659626
0.7 0.99922467967 0.9976383707 0.270405316353
0.8 0.999289969803 0.997838156141 0.29669342041
0.9 0.999314453603 0.997922620065 0.303563904762
0.99 0.99942880457 0.998273093761 0.319998574257

