# Decision Tree
0.01 0.955638443367 0.912684795687 0.0122313022614
0.05 0.995413319513 0.990872717214 0.0136876583099
0.1 0.99807166302 0.99614379859 0.0136402845383
0.2 0.999076923077 0.998154908752 0.0150757074356
0.3 0.999595568841 0.999191076545 0.0167070150375
0.4 0.999651282051 0.999302065836 0.019032740593
0.5 0.999926144756 0.999852188973 0.0196950674057
0.6 0.999784615385 0.999569084401 0.0202656984329
0.7 0.999712879409 0.999425985388 0.0239750146866
0.8 0.999815384615 0.999629630186 0.0248990058899
0.9 1.0 1.0 0.0259596824646
0.99 1.0 1.0 0.0274658918381

