# Linear SVM
0.01 0.976998632351 0.954181361633 0.0461099863052
0.05 0.994610002591 0.989257681996 0.0708161115646
0.1 0.998878555799 0.997757039433 0.0834328174591
0.2 0.999553846154 0.999108147975 0.125618433952
0.3 0.999648320731 0.999296662068 0.159091162682
0.4 0.999651282051 0.999302377477 0.192672681808
0.5 0.999753815854 0.999507576422 0.214209890366
0.6 0.999815384615 0.999629878328 0.229246735573
0.7 1.0 1.0 0.276909399033
0.8 1.0 1.0 0.287184214592
0.9 1.0 1.0 0.306611299515
0.99 1.0 1.0 0.319116520882

