# Linear SVM
0.01 0.80643380072 0.421203047799 0.0998458147049
0.05 0.823796592636 0.478433471587 0.403114295006
0.1 0.825729397714 0.487960531086 0.852410936356
0.2 0.826580674882 0.490275935933 2.09590091705
0.3 0.826065019962 0.488552018958 3.69730603695
0.4 0.826913036802 0.490311038958 5.24760460854
0.5 0.826914808673 0.491050247845 6.67565293312
0.6 0.826111324376 0.490951808968 8.68699128628
0.7 0.82565257447 0.485749965734 10.7471361876
0.8 0.825794564717 0.486401715549 12.8492924452
0.9 0.827387166104 0.491754917612 17.8151449203
0.99 0.837116564417 0.516380283989 21.7310351133

