# Linear SVM
0.01 0.929653679654 0.845444883503 0.00155502557755
0.05 0.943157894737 0.874343276957 0.00195889472961
0.1 0.944444444444 0.877524465474 0.001775598526
0.2 0.953392857143 0.897948331702 0.00291457176208
0.3 0.953265306122 0.897153316143 0.00208210945129
0.4 0.95880952381 0.908219674613 0.00249564647675
0.5 0.958571428571 0.907590206449 0.00265598297119
0.6 0.958214285714 0.907844031046 0.00336902141571
0.7 0.963333333333 0.920164544718 0.00333077907562
0.8 0.967142857143 0.926494282474 0.00422673225403
0.9 0.961428571429 0.912588543506 0.00417263507843
0.99 0.957142857143 0.922140452079 0.00433211326599

