# Linear SVM
0.01 0.927645533723 0.803261542531 1.16545312405
0.05 0.928619230687 0.806507986803 5.98398737907
0.1 0.929098353223 0.807707501517 13.0841234207
0.2 0.928973302184 0.807554237029 29.9141415596
0.3 0.929033461583 0.807762853461 49.9792969465
0.4 0.928977454348 0.807732541044 609.886532831
0.5 0.929220021383 0.808199617772 103.944558001
0.6 0.929144180447 0.807902031275 154.006061959
0.7 0.928681411355 0.806293981554 194.522122288
0.8 0.928817432466 0.806838900707 256.276533508
0.9 0.929653962295 0.80900766028 305.984341359
0.99 0.926968584251 0.802344146928 424.332072973

