# Linear SVM
0.01 0.670197201018 0.346163411036 0.0129516601562
0.05 0.74305601591 0.487776591434 0.0232670545578
0.1 0.799230230931 0.599266537552 0.0587832689285
0.2 0.826023622047 0.65230043862 0.13429069519
0.3 0.832703553756 0.666026743603 0.244385457039
0.4 0.836272965879 0.672710397746 0.370852446556
0.5 0.845528967254 0.691826090199 0.520287585258
0.6 0.844645669291 0.689686430515 0.691267848015
0.7 0.842812172088 0.686254751593 0.878297376633
0.8 0.850393700787 0.701239052439 1.12201843262
0.9 0.864465408805 0.728162614421 1.3375164032
0.99 0.846875 0.703639430428 1.6973593235

