# Linear SVM
0.01 0.859570580174 0.716374729653 0.0390242338181
0.05 0.924869085023 0.847905665685 0.0944530010223
0.1 0.932743718593 0.863710216575 0.182503247261
0.2 0.936815920398 0.871874244322 0.405198121071
0.3 0.937110737821 0.872385315801 0.68521296978
0.4 0.937901402081 0.874185446388 1.06970992088
0.5 0.936975397974 0.872278389461 1.46569032669
0.6 0.939642695613 0.877454625536 1.94960713387
0.7 0.938257461562 0.874901632467 2.49843764305
0.8 0.938263229308 0.87420221324 3.29734423161
0.9 0.937793851718 0.873999993662 3.91629738808
0.99 0.953153153153 0.904715228294 4.76250844002

