# Linear SVM
0.05 0.731517509728 0.474300143994 0.00134279727936
0.1 0.747325102881 0.498632893328 0.00129909515381
0.2 0.787962962963 0.574997085818 0.00144779682159
0.3 0.81164021164 0.62084907366 0.00165009498596
0.4 0.80987654321 0.616603967024 0.0018164396286
0.5 0.827407407407 0.651533179958 0.00199868679047
0.6 0.799074074074 0.595820237759 0.00233819484711
0.7 0.835365853659 0.668557349986 0.00251071453094
0.8 0.814814814815 0.623168378707 0.0029748916626
0.9 0.844444444444 0.684883414021 0.00320839881897
0.99 0.7 0.3 0.00431931018829

