# Naive Bayes
0.01 0.918392390899 0.844125397637 0.0275809597969
0.05 0.915524747344 0.846566469029 0.0235286593437
0.1 0.930521061269 0.872429552128 0.0236745166779
0.2 0.955178461538 0.916092546399 0.0227146792412
0.3 0.97037981361 0.943541579711 0.021540389061
0.4 0.982908717949 0.966575640656 0.0210832118988
0.5 0.98570901034 0.971883081807 0.0202057266235
0.6 0.986873846154 0.974086831622 0.0192450165749
0.7 0.988236259229 0.976696312952 0.0185777640343
0.8 0.987550769231 0.975358593762 0.018291721344
0.9 0.988241082411 0.976725383631 0.0180965709686
0.99 0.988658536585 0.977532939591 0.0183069229126

