# Naive Bayes
0.01 0.499072465566 0.16621570997 0.033194899559
0.05 0.396961174151 0.171001975464 0.0340363264084
0.1 0.422477392936 0.196160235996 0.029731297493
0.2 0.385143383623 0.168903117284 0.0294141292572
0.3 0.449923222042 0.228566607589 0.0272537231445
0.4 0.446143215437 0.226596174879 0.0255173921585
0.5 0.47922117806 0.258417604029 0.0215037345886
0.6 0.471416506718 0.252068461476 0.020893907547
0.7 0.475084450814 0.254045296938 0.0190579414368
0.8 0.454230001535 0.239082039942 0.0173089742661
0.9 0.467485416027 0.249274224322 0.0157015800476
0.99 0.472699386503 0.259139277251 0.0129398345947

