# Naive Bayes
0.01 0.924388826374 0.760037897595 0.265475511551
0.05 0.923860741823 0.75831255237 0.258168816566
0.1 0.924375657441 0.760024285821 0.234891057014
0.2 0.923885720698 0.758276893185 0.215378212929
0.3 0.923866736621 0.758217341888 0.193170070648
0.4 0.924012650049 0.7587027531 0.171993875504
0.5 0.92363032425 0.757716403257 0.146290969849
0.6 0.923818899646 0.758100693905 0.129839229584
0.7 0.924188634076 0.759341129311 0.111753821373
0.8 0.92425528442 0.759387038439 0.0941700935364
0.9 0.924549090019 0.759982671556 0.0775651931763
0.99 0.922276621787 0.756676972658 0.0728256940842

