# Naive Bayes
0.01 0.570895522388 0.128939290029 0.00225331783295
0.05 0.672373540856 0.37719547479 0.00194780826569
0.1 0.737448559671 0.482205565302 0.00178830623627
0.2 0.808796296296 0.619538929921 0.00223474502563
0.3 0.832804232804 0.663020192755 0.00261409282684
0.4 0.817283950617 0.633230211675 0.00228447914124
0.5 0.834074074074 0.668149129932 0.00202758312225
0.6 0.846296296296 0.69191015174 0.00242435932159
0.7 0.832926829268 0.663529481077 0.00149302482605
0.8 0.853703703704 0.698007603523 0.00137226581573
0.9 0.844444444444 0.693189262096 0.00142772197723
0.99 0.866666666667 0.35 0.00171189308167

