# Naive Bayes
0.01 0.735814249364 0.49603331578 0.00843234062195
0.05 0.84524361949 0.692263224132 0.00782117843628
0.1 0.866829951015 0.734211170286 0.00762288570404
0.2 0.862913385827 0.726204522496 0.00738892555237
0.3 0.867116509222 0.73391880149 0.007439661026
0.4 0.872755905512 0.74533342243 0.00683434009552
0.5 0.872103274559 0.743779644789 0.00619509220123
0.6 0.875590551181 0.750904266129 0.00621027946472
0.7 0.868835257083 0.737055895606 0.00559639930725
0.8 0.873543307087 0.746142647492 0.00609683990479
0.9 0.880188679245 0.759452964223 0.00523581504822
0.99 0.903125 0.80817167037 0.0048721075058

