# Naive Bayes
0.01 0.725988455988 0.473250516489 0.00190184593201
0.05 0.922180451128 0.845210796422 0.00187197208405
0.1 0.939396825397 0.874113167115 0.00179896831512
0.2 0.945625 0.885355838057 0.00180970668793
0.3 0.950489795918 0.894406521401 0.00171741485596
0.4 0.949 0.891637510264 0.00162303924561
0.5 0.951971428571 0.897015615432 0.00160438299179
0.6 0.951392857143 0.89595382387 0.00157027006149
0.7 0.954571428571 0.901744576497 0.00154411077499
0.8 0.953571428571 0.900288131975 0.00146781682968
0.9 0.953285714286 0.899118427781 0.00140627384186
0.99 0.941428571429 0.796241434941 0.00141198635101

