# Naive Bayes
0.01 0.78529922339 0.621343011737 0.0280854225159
0.05 0.821470056174 0.688889369627 0.0348814249039
0.1 0.738733668342 0.57511022076 0.0238362312317
0.2 0.718113975577 0.547402096835 0.026539850235
0.3 0.703398371883 0.527065623932 0.0253653764725
0.4 0.704010251771 0.527312985255 0.0291257143021
0.5 0.703219971056 0.526524291377 0.0217990159988
0.6 0.70368611488 0.528236614964 0.0222642660141
0.7 0.699849261381 0.522301798603 0.0237962007523
0.8 0.70158299412 0.524073958259 0.0204056501389
0.9 0.706238698011 0.529235788891 0.0191363334656
0.99 0.655855855856 0.474242418838 0.0169039964676

