# Nearest Neighbors
0.01 0.702453102453 0.178061702351 0.00259232521057
0.05 0.944661654135 0.877139096607 0.00290787220001
0.1 0.95126984127 0.891639021557 0.00325026512146
0.2 0.954285714286 0.899080394128 0.00403251647949
0.3 0.956530612245 0.904366787104 0.00365557670593
0.4 0.958095238095 0.908419609002 0.00424335002899
0.5 0.955428571429 0.901597506923 0.00419244766235
0.6 0.958571428571 0.908447066289 0.00359654426575
0.7 0.957142857143 0.904887892422 0.00373299121857
0.8 0.953571428571 0.898680075061 0.00331737995148
0.9 0.961428571429 0.916318241783 0.00231671333313
0.99 0.971428571429 0.946059348668 0.00172078609467

