# Nearest Neighbors
0.01 0.994676575696 0.984016635997 0.736756205559
0.05 0.99826335345 0.994747294743 0.912170863152
0.1 0.998832474881 0.996464242071 0.989390969276
0.2 0.999129285984 0.997359861005 0.951296520233
0.3 0.999282383118 0.997824761855 0.908996272087
0.4 0.999351855001 0.998032723452 0.942046141624
0.5 0.99944013254 0.998301276558 0.897141885757
0.6 0.999437887027 0.998296399032 0.856466889381
0.7 0.999468157458 0.998390262694 0.684627389908
0.8 0.999555210969 0.998646701034 0.619241046906
0.9 0.999391985636 0.998161284489 0.480018401146
0.99 0.999510403917 0.99852577298 0.355069255829

