# Nearest Neighbors
0.01 0.594497455471 0.263597402152 0.01857817173
0.05 0.684620483924 0.402676531157 0.0597768783569
0.1 0.698810356893 0.447959022753 0.109698867798
0.2 0.725039370079 0.500522714936 0.187805247307
0.3 0.735762483131 0.516031361892 0.228543186188
0.4 0.747034120735 0.533406421579 0.292857122421
0.5 0.765428211587 0.56507728807 0.297422409058
0.6 0.766062992126 0.571047042681 0.283721327782
0.7 0.770619097587 0.580963067235 0.292087388039
0.8 0.768188976378 0.579172260387 0.219864177704
0.9 0.78427672956 0.607185034228 0.125790691376
0.99 0.753125 0.544391358725 0.0246037244797

