# Nearest Neighbors
0.01 0.921012060177 0.848560292238 0.133806967735
0.05 0.988118683597 0.976245031728 0.580088829994
0.1 0.99591083151 0.991822644128 1.07431669235
0.2 0.997230769231 0.994461030545 1.85707919598
0.3 0.998944962194 0.997888879688 2.71643807888
0.4 0.999220512821 0.998440165328 2.93657348156
0.5 0.999310684392 0.998620868874 3.40115170479
0.6 0.999415384615 0.998830138476 3.12087240219
0.7 0.999671862182 0.999343683027 2.57470469475
0.8 0.999753846154 0.999507846028 1.93429772854
0.9 0.99963099631 0.999261786596 1.13958985806
0.99 0.99756097561 0.995162892034 0.263070487976

