# Nearest Neighbors
0.01 0.837377798081 0.676359963401 0.139743185043
0.05 0.886679996192 0.771512948545 0.692832875252
0.1 0.906422110553 0.810905830224 1.27707335949
0.2 0.922388059701 0.842722933716 2.20719516277
0.3 0.929874660809 0.857909406129 2.60607304573
0.4 0.938564751998 0.875606939056 3.41011722088
0.5 0.94242040521 0.883324215622 3.23690042496
0.6 0.948145635459 0.894722819127 3.02332901955
0.7 0.950618028339 0.899835863611 3.011951828
0.8 0.954635911352 0.908005868372 2.46536297798
0.9 0.957594936709 0.913845003107 1.50605552197
0.99 0.95045045045 0.900732372408 0.34066722393

