# Nearest Neighbors
0.01 0.787780742028 0.380204591451 0.267273497581
0.05 0.792231597323 0.409061698814 0.922027492523
0.1 0.79961781266 0.424488124796 1.66587686539
0.2 0.804472340589 0.442985815865 2.48452768326
0.3 0.807344360111 0.451503358134 2.93846926689
0.4 0.809914521165 0.45995450744 2.85318710804
0.5 0.812056998956 0.465867265986 3.12352566719
0.6 0.81284452975 0.467136695718 2.91328606606
0.7 0.811597911762 0.465257193851 2.65273630619
0.8 0.813419315216 0.470565736205 2.12352437973
0.9 0.815597175315 0.478499624015 1.73988516331
0.99 0.807668711656 0.466434851273 1.27773780823

