# Nearest Neighbors
0.05 0.764980544747 0.544233399402 0.00160441398621
0.1 0.789711934156 0.582199162433 0.00165033340454
0.2 0.800462962963 0.603009411793 0.00171737670898
0.3 0.813227513228 0.62708798593 0.00180056095123
0.4 0.811111111111 0.620577446615 0.00178875923157
0.5 0.813333333333 0.624193679964 0.00186009407043
0.6 0.827777777778 0.653256381216 0.00187132358551
0.7 0.829268292683 0.656442037829 0.00176813602448
0.8 0.827777777778 0.656352979244 0.0016092300415
0.9 0.792592592593 0.58789234037 0.00154402256012
0.99 0.866666666667 0.5 0.00139751434326

