# Neural Net
0.01 0.968705706826 0.937744066634 0.105778431892
0.05 0.992342575797 0.984719236002 0.413640022278
0.1 0.996731400438 0.993475067231 0.529294037819
0.2 0.999015384615 0.998032132691 0.595453166962
0.3 0.999454897134 0.998909562393 0.402561807632
0.4 0.999692307692 0.999383978452 0.473697423935
0.5 0.999753815854 0.999506809594 0.503314685822
0.6 0.999569230769 0.999138687071 0.641733074188
0.7 1.0 1.0 0.743464159966
0.8 0.999753846154 0.999506977883 0.791422796249
0.9 1.0 1.0 0.693510437012
0.99 1.0 1.0 0.663869428635

