# Neural Net
0.01 0.92481962482 0.81266483775 0.0602880477905
0.05 0.952631578947 0.896327356725 0.0796916007996
0.1 0.953333333333 0.897368222202 0.0897067546844
0.2 0.960714285714 0.913522591447 0.119006085396
0.3 0.959387755102 0.910463914141 0.174238467216
0.4 0.956428571429 0.903119401193 0.207538032532
0.5 0.960571428571 0.913094938773 0.248544096947
0.6 0.955357142857 0.902362551554 0.260078120232
0.7 0.955238095238 0.901465641242 0.344981026649
0.8 0.957857142857 0.905995569845 0.375036978722
0.9 0.967142857143 0.927950546385 0.418291664124
0.99 0.942857142857 0.795170126413 0.490213608742

