# Neural Net
0.01 0.81390681226 0.464782350844 0.352011632919
0.05 0.827271845602 0.494575236551 0.723125100136
0.1 0.829943695615 0.499587275915 0.981441903114
0.2 0.83179392683 0.511997932724 1.67180361748
0.3 0.831812398543 0.512434010789 2.24092862606
0.4 0.832993806623 0.515990126781 2.78864376545
0.5 0.832891100055 0.515785925623 3.58358352184
0.6 0.835216890595 0.519503856679 4.36594569683
0.7 0.834937045757 0.522583061268 4.89977889061
0.8 0.837340703209 0.530400546074 6.30831546783
0.9 0.837795517347 0.534945756645 6.85078933239
0.99 0.832515337423 0.516602321858 6.03274128437

