# Neural Net
0.01 0.594029850746 0.202637712417 0.0457660675049
0.05 0.770038910506 0.541254341512 0.0647984981537
0.1 0.778600823045 0.553991287136 0.0744163990021
0.2 0.79537037037 0.589684760605 0.0827624559402
0.3 0.804761904762 0.610586493413 0.0969970226288
0.4 0.818518518519 0.632981504983 0.112049150467
0.5 0.824444444444 0.648014796612 0.121002840996
0.6 0.82962962963 0.654599265001 0.132691836357
0.7 0.821951219512 0.645671461551 0.148252940178
0.8 0.801851851852 0.594084178851 0.202225780487
0.9 0.851851851852 0.699500698078 0.212008786201
0.99 0.7 0.25 0.220456123352

