# Neural Net
0.01 0.659255725191 0.331735330352 0.0912651062012
0.05 0.764932051707 0.534095563685 0.235874414444
0.1 0.816829951015 0.634972678217 0.424100065231
0.2 0.864291338583 0.729471010011 0.817262506485
0.3 0.876923076923 0.754412512815 0.978977870941
0.4 0.892755905512 0.786494224339 1.23903510571
0.5 0.904974811083 0.810645135347 1.4752915144
0.6 0.909291338583 0.819377759609 1.7073666811
0.7 0.917628541448 0.835697629121 2.04032962322
0.8 0.917322834646 0.834612905228 2.13940105438
0.9 0.919496855346 0.838986785982 2.34507951736
0.99 0.909375 0.817076525915 2.7378921032

