# Neural Net
0.01 0.99513740329 0.985461029868 2.44201655388
0.05 0.998003049763 0.993966859928 4.52701086998
0.1 0.998329645616 0.99494158336 6.30320940018
0.2 0.998713567224 0.996099612586 8.12190027237
0.3 0.998812521861 0.996394195403 9.93637154102
0.4 0.998883259088 0.996610936575 9.99580600262
0.5 0.998940658946 0.996777865863 11.5678990364
0.6 0.998907399284 0.996678825607 11.8311746836
0.7 0.998943115972 0.996785575199 12.4213828802
0.8 0.999106341304 0.997288772679 15.8760011911
0.9 0.998910470905 0.996705565686 17.2823078156
0.99 0.998939208486 0.996787177652 16.4955163002

