# Neural Net
0.01 0.886066697122 0.770800210673 0.183855819702
0.05 0.93410454156 0.866580627144 0.733435797691
0.1 0.940834170854 0.880147571958 1.07489326
0.2 0.951017639077 0.900725993518 1.37054438591
0.3 0.95735883189 0.913539585262 2.16402089596
0.4 0.961781999095 0.922601522818 2.5650785923
0.5 0.964200434153 0.927462111802 2.52849552631
0.6 0.966689280868 0.932419551215 2.92082362175
0.7 0.967651492312 0.934486116911 2.9505592823
0.8 0.971415649028 0.94215530024 3.04250335693
0.9 0.9726039783 0.944774790868 3.55777292252
0.99 0.963063063063 0.925749231136 3.71063938141

