# QDA
0.01 0.882788760413 0.782598629236 0.0258151578903
0.05 0.990887535631 0.981890647293 0.0357658481598
0.1 0.997598468271 0.995199980991 0.038473238945
0.2 0.999467692308 0.998935375932 0.0410436320305
0.3 0.99983646914 0.999672832706 0.0395032906532
0.4 0.999876923077 0.999753672232 0.0419486570358
0.5 0.999931068439 0.999862031171 0.0476281809807
0.6 0.999972307692 0.999944606891 0.0513894581795
0.7 1.0 1.0 0.0538456535339
0.8 1.0 1.0 0.0546127343178
0.9 1.0 1.0 0.0573398280144
0.99 1.0 1.0 0.0603827047348

