# QDA
0.01 0.982584591541 0.946660642549 0.255614995956
0.05 0.983394256996 0.949137559266 0.257319688797
0.1 0.983773894592 0.950297209605 0.255477380753
0.2 0.98335084623 0.949011861486 0.211532020569
0.3 0.983413781042 0.949248897474 0.18239979744
0.4 0.983695718706 0.950051043717 0.15968375206
0.5 0.983424332199 0.949181243023 0.143065237999
0.6 0.983450822766 0.949279390621 0.124166893959
0.7 0.983368698822 0.949048449204 0.107412719727
0.8 0.983475475394 0.949517792207 0.0868696451187
0.9 0.983820288909 0.950233411629 0.0702049970627
0.99 0.983190534476 0.94825799484 0.0547949075699

