# QDA
0.01 0.770095934217 0.541530752778 0.036962890625
0.05 0.748938398553 0.564648942669 0.0361748695374
0.1 0.805407035176 0.643805749966 0.0367690086365
0.2 0.770635459068 0.590854704458 0.0453265190125
0.3 0.791600982039 0.609246669254 0.0389397859573
0.4 0.774717322479 0.598934480222 0.0477208137512
0.5 0.785672937771 0.609028494635 0.036775803566
0.6 0.781456354591 0.603291325752 0.042128276825
0.7 0.782484172445 0.604957171381 0.0391716241837
0.8 0.76512890095 0.586163327506 0.0471232175827
0.9 0.765551537071 0.590616830561 0.0429754734039
0.99 0.773873873874 0.587203321526 0.0358075380325

