# QDA
0.01 0.505566157761 0.0116383869655 0.00900917053223
0.05 0.560092807425 0.177706616052 0.0125594139099
0.1 0.732400279916 0.479472370157 0.0148040056229
0.2 0.805866141732 0.619808874609 0.014328455925
0.3 0.841115609537 0.686510435492 0.0133606672287
0.4 0.857532808399 0.718651074062 0.0129301786423
0.5 0.869395465995 0.741953184692 0.0126352071762
0.6 0.882204724409 0.766266080881 0.0140120983124
0.7 0.88740818468 0.776616244257 0.014822101593
0.8 0.88062992126 0.762037264602 0.0152669906616
0.9 0.897798742138 0.796890813086 0.012192440033
0.99 0.9125 0.825069271542 0.0141534090042

