# QDA
0.05 0.555642023346 0.123889049564 0.00218958854675
0.1 0.491358024691 -0.00422693267844 0.00205261707306
0.2 0.713425925926 0.431461005837 0.00229775905609
0.3 0.748677248677 0.499696368862 0.00188770294189
0.4 0.785185185185 0.57112926279 0.00212330818176
0.5 0.796296296296 0.589578680995 0.00213797092438
0.6 0.805555555556 0.610933247585 0.00245997905731
0.7 0.820731707317 0.638535677078 0.00188844203949
0.8 0.831481481481 0.668278279408 0.00168662071228
0.9 0.818518518519 0.632865022345 0.00182139873505
0.99 0.866666666667 0.45 0.00159413814545

