# QDA
0.01 0.726791726792 0.516383690429 0.00207773844401
0.05 0.772586466165 0.496452925712 0.00199727773666
0.1 0.911412698413 0.820766717536 0.00188052654266
0.2 0.919446428571 0.836652535817 0.00189380645752
0.3 0.932469387755 0.861612206706 0.00187048435211
0.4 0.936428571429 0.868551931905 0.00182970523834
0.5 0.938114285714 0.871085698307 0.00181004524231
0.6 0.941142857143 0.876186403104 0.00173529863358
0.7 0.942761904762 0.877886827696 0.00162062168121
0.8 0.943142857143 0.880112221862 0.00165355443954
0.9 0.943 0.877049760811 0.00166582584381
0.99 0.947142857143 0.861574247181 0.00154546737671

