# QDA
0.01 0.647558630103 0.340230423046 0.0357446908951
0.05 0.63307794265 0.376336940519 0.04200963974
0.1 0.617382699198 0.305653887762 0.0407769203186
0.2 0.672524857 0.418039041076 0.0336533069611
0.3 0.689356381345 0.430750512393 0.0346103429794
0.4 0.712504478681 0.448423202428 0.0344436168671
0.5 0.760241999877 0.484654020314 0.027689409256
0.6 0.754587332054 0.479825168458 0.0314502239227
0.7 0.752953219367 0.48265073637 0.0243756771088
0.8 0.754583141409 0.480154851248 0.0252121925354
0.9 0.752778630642 0.478483853573 0.0279175519943
0.99 0.76472392638 0.503083787127 0.0197661161423

