# Random Forest
0.01 0.801169499938 0.436884777098 0.0743086576462
0.05 0.813694113083 0.482903443034 0.0885901212692
0.1 0.813758744242 0.488813118392 0.0988530158997
0.2 0.815896963415 0.488819538517 0.113939094543
0.3 0.81739569166 0.494693994937 0.133924388885
0.4 0.818523826585 0.496090744157 0.143112874031
0.5 0.818954609668 0.499047015272 0.15665075779
0.6 0.81807293666 0.495420432947 0.173880887032
0.7 0.818988637527 0.496901496666 0.186708927155
0.8 0.82160294795 0.500524140827 0.210355234146
0.9 0.821614983113 0.501396267187 0.216446590424
0.99 0.819018404908 0.513244849506 0.228604245186

