# Random Forest
0.01 0.895440840566 0.789851376531 0.0418147087097
0.05 0.926011615729 0.850258587593 0.0445190429687
0.1 0.93472361809 0.868018629946 0.0476881027222
0.2 0.946166892809 0.891010162753 0.0521738290787
0.3 0.954645303011 0.908019120837 0.0573755025864
0.4 0.959716568672 0.91832178951 0.0633772850037
0.5 0.964055716353 0.927094900687 0.0667017459869
0.6 0.966530981456 0.932185107225 0.0706201314926
0.7 0.969158878505 0.937468209889 0.0742236375809
0.8 0.969787426504 0.938837098587 0.0795687437057
0.9 0.972784810127 0.944862960216 0.0839429855347
0.99 0.964864864865 0.92857375627 0.0869691133499

