# Random Forest
0.01 0.534328358209 0.107177346436 0.0210022687912
0.05 0.710116731518 0.428538527921 0.021222615242
0.1 0.755555555556 0.516800278654 0.0223924398422
0.2 0.752777777778 0.503697440846 0.0211158037186
0.3 0.76455026455 0.529649201196 0.0216971158981
0.4 0.796913580247 0.595099252987 0.0220836877823
0.5 0.782222222222 0.559037606099 0.022120308876
0.6 0.811111111111 0.619777195144 0.0222406864166
0.7 0.814634146341 0.631683728342 0.0225430011749
0.8 0.812962962963 0.607108895365 0.0221090078354
0.9 0.785185185185 0.568964149486 0.0222261190414
0.99 0.866666666667 0.45 0.0223042488098

