# Random Forest
0.01 0.64262086514 0.298266871188 0.0257386684418
0.05 0.817301955585 0.646107865342 0.0273359537125
0.1 0.866620013996 0.741952558115 0.028609418869
0.2 0.899921259843 0.804656405838 0.0317223072052
0.3 0.915744489429 0.833963529503 0.0346309185028
0.4 0.926351706037 0.855425668597 0.0363802433014
0.5 0.932115869018 0.866218970814 0.0386364936829
0.6 0.935905511811 0.873320127963 0.0412219762802
0.7 0.933997901364 0.870551278272 0.0445760726929
0.8 0.935905511811 0.873391377549 0.0467672348022
0.9 0.941509433962 0.884460450691 0.0487362384796
0.99 0.946875 0.895591520398 0.0507267951965

