# Random Forest
0.01 0.824531024531 0.572523807705 0.0230309963226
0.05 0.922706766917 0.829609365775 0.0214246273041
0.1 0.940952380952 0.869651096459 0.0220293521881
0.2 0.945892857143 0.880439680137 0.0213578224182
0.3 0.957551020408 0.905128970824 0.0214386701584
0.4 0.961428571429 0.914996214373 0.0228979349136
0.5 0.956 0.901668817197 0.0231192588806
0.6 0.957857142857 0.906397485702 0.0230776309967
0.7 0.96 0.912291603999 0.0226438999176
0.8 0.960714285714 0.913578067899 0.0235255002975
0.9 0.971428571429 0.937324545345 0.0236922264099
0.99 0.971428571429 0.883333333333 0.0232134103775

