# Random Forest
0.01 0.994199672722 0.982480866184 0.403481817245
0.05 0.997668434956 0.992942555643 0.462642359734
0.1 0.998351862599 0.995006601912 0.458455705643
0.2 0.998993603542 0.996946455855 0.528663516045
0.3 0.99915063542 0.997423191496 0.586354732513
0.4 0.999252558915 0.997730402222 0.657725262642
0.5 0.999315264142 0.997921135329 0.690614414215
0.6 0.999372596227 0.998098757365 0.777210497856
0.7 0.999372942681 0.99809957035 0.893083930016
0.8 0.999453195136 0.998345299321 0.967084312439
0.9 0.999428711336 0.998269286808 1.06762533188
0.99 0.99942880457 0.998266278818 1.21536808014

