# RBF SVM
0.05 0.749027237354 0.516774562511 0.00134980678558
0.1 0.797942386831 0.600859525531 0.0014954328537
0.2 0.801851851852 0.604345990287 0.0017144203186
0.3 0.804232804233 0.610808747446 0.0019641160965
0.4 0.822222222222 0.644427494338 0.00217366218567
0.5 0.81037037037 0.623861176865 0.0023973941803
0.6 0.825 0.654781587522 0.00264303684235
0.7 0.835365853659 0.666330254826 0.00276956558228
0.8 0.824074074074 0.643680823758 0.00291538238525
0.9 0.814814814815 0.628732799574 0.00315520763397
0.99 0.866666666667 0.6 0.00357043743134

