# RBF SVM
0.01 0.991012213168 0.973453160378 1.56555931568
0.05 0.993996262967 0.982097121378 3.60982017517
0.1 0.994684246799 0.984121093278 5.64700112343
0.2 0.995001683278 0.98505390806 9.07459967136
0.3 0.996168823598 0.988494088614 12.1799230814
0.4 0.997645458564 0.992893872286 15.5893041134
0.5 0.998127790156 0.994341985285 18.4287997961
0.6 0.99828917703 0.994816108661 71.7460955143
0.7 0.99825212873 0.994720846666 68.0673799515
0.8 0.998361625724 0.995054511469 81.2365430593
0.9 0.998351424141 0.994981560502 73.3054692268
0.99 0.997796817625 0.993441836903 34.0208213091

