# RBF SVM
0.01 0.889584285062 0.779056712532 0.129811429977
0.05 0.931829001238 0.86189638293 0.375420331955
0.1 0.942110552764 0.882689058798 0.565905928612
0.2 0.948190863863 0.894940925304 0.934688568115
0.3 0.953417754232 0.905654814717 1.26444308758
0.4 0.954394693201 0.907584098692 1.56303734779
0.5 0.958375542692 0.915694664931 1.88644647598
0.6 0.959226594301 0.917454361539 2.17024793625
0.7 0.961350618028 0.921527883235 2.62316479683
0.8 0.961510628675 0.921839011672 2.88541295528
0.9 0.964737793852 0.928638409637 3.29065961838
0.99 0.954954954955 0.910580621088 3.79218430519

