# RBF SVM
0.01 0.961842596046 0.926553766384 0.102990746498
0.05 0.991137600415 0.982362640806 0.288881397247
0.1 0.99511761488 0.990278111288 0.464554047585
0.2 0.998030769231 0.996067536765 0.718622970581
0.3 0.999085633902 0.998170437885 0.991652321815
0.4 0.998953846154 0.997906852442 1.26474030018
0.5 0.999089118661 0.998177669385 1.55867438316
0.6 0.999384615385 0.998769274279 1.87621762753
0.7 0.999630844955 0.999261201112 2.20229308605
0.8 0.999630769231 0.999261672303 2.54085223675
0.9 0.99950799508 0.99901679967 2.94340939522
0.99 1.0 1.0 3.35963332653

