# RBF SVM
0.01 0.600731552163 0.252742161536 0.020586180687
0.05 0.817865429234 0.638978655269 0.0622051715851
0.1 0.844786564031 0.689444524103 0.11097612381
0.2 0.869803149606 0.739632318398 0.183958435059
0.3 0.882771030139 0.766393925737 0.247803688049
0.4 0.894803149606 0.790023862987 0.314625597
0.5 0.903274559194 0.807016243893 0.395880627632
0.6 0.904566929134 0.809487147006 0.458928751945
0.7 0.908184679958 0.816953374229 0.517976284027
0.8 0.917007874016 0.8342906911 0.623724412918
0.9 0.922955974843 0.846114339516 0.704848122597
0.99 0.93125 0.862325089285 0.806910657883

