# RBF SVM
0.01 0.80700459114 0.395208014171 0.277649021149
0.05 0.821653250574 0.461432513446 1.02613630295
0.1 0.823753625661 0.471918521006 2.00583486557
0.2 0.828035625168 0.487834481275 3.92485010624
0.3 0.828824639144 0.491422289724 6.37004652023
0.4 0.828955315555 0.4922204657 9.79121570587
0.5 0.830514096186 0.494766491126 12.5649947166
0.6 0.830648752399 0.496668400336 15.9024883986
0.7 0.830842460846 0.49703355398 19.480924654
0.8 0.830247197912 0.496673751021 23.7779969454
0.9 0.832698802579 0.506544769689 28.1157612801
0.99 0.823926380368 0.476391419557 31.6929840326

