# RBF SVM
0.01 0.890043290043 0.749188474372 0.00179722309113
0.05 0.949323308271 0.889877205649 0.00198211669922
0.1 0.948571428571 0.888697940753 0.00242433547974
0.2 0.955357142857 0.902898371638 0.00280590057373
0.3 0.957755102041 0.907755007104 0.00335237979889
0.4 0.95619047619 0.904097238541 0.00354087352753
0.5 0.956 0.902351414456 0.00393822193146
0.6 0.962142857143 0.916632760766 0.00435841083527
0.7 0.961428571429 0.916241858643 0.00456986427307
0.8 0.952142857143 0.894438081555 0.0048556804657
0.9 0.945714285714 0.882890897927 0.00557632446289
0.99 1.0 1.0 0.00551981925964

