0 1 1 1.000000 1.000000 0.243325 0.243271 0.014085 0.257355 0.000077 0.000077 0.000054 0.000000 0.000000 
1 1 1 2.000000 1.000000 0.243309 0.243255 0.014085 0.257339 0.000083 0.000160 0.000054 0.000000 0.000000 
2 0 0 3.000000 1.000000 0.243322 0.243327 0.014085 0.257411 0.000080 0.000240 -0.000005 0.000000 0.000000 
3 0 0 4.000000 1.000000 0.243261 0.243297 0.014085 0.257381 0.000114 0.000354 -0.000036 0.000000 0.000000 
4 1 1 5.000000 1.000000 0.243287 0.243245 0.014085 0.257330 0.000087 0.000441 0.000041 0.000000 0.000000 
5 1 1 6.000000 1.000000 0.243322 0.243267 0.014085 0.257352 0.000048 0.000488 0.000054 0.000000 0.000000 
6 1 1 7.000000 1.000000 0.243322 0.243268 0.014085 0.257353 0.000065 0.000553 0.000054 0.000000 0.000000 
7 1 1 8.000000 1.000000 0.243254 0.243194 0.014085 0.257278 0.000141 0.000695 0.000060 0.000000 0.000000 
8 1 1 9.000000 1.000000 0.243347 0.243294 0.014085 0.257379 0.000072 0.000767 0.000053 0.000000 0.000000 
9 1 1 10.000000 1.000000 0.243267 0.243230 0.014085 0.257315 0.000037 0.000804 0.000037 0.000000 0.000000 
10 1 1 11.000000 1.000000 0.243291 0.243261 0.014085 0.257346 0.000036 0.000840 0.000030 0.000000 0.000000 
11 0 0 12.000000 1.000000 0.243296 0.243309 0.014085 0.257393 0.000067 0.000908 -0.000012 0.000000 0.000000 
12 1 1 13.000000 1.000000 0.243252 0.243231 0.014085 0.257316 0.000059 0.000967 0.000021 0.000000 0.000000 
13 1 1 14.000000 1.000000 0.243252 0.243231 0.014085 0.257316 0.000087 0.001054 0.000021 0.000000 0.000000 
14 1 1 15.000000 1.000000 0.243340 0.243287 0.014085 0.257371 0.000038 0.001092 0.000053 0.000000 0.000000 
15 0 0 16.000000 1.000000 0.243334 0.243344 0.014085 0.257428 0.000038 0.001130 -0.000009 0.000000 0.000000 
16 0 0 17.000000 1.000000 0.246843 0.246848 0.028169 0.275017 0.000051 0.001180 -0.000005 0.000000 0.000000 
17 1 1 18.000000 1.000000 0.243272 0.243237 0.014085 0.257322 0.000049 0.001229 0.000035 0.000000 0.000000 
18 1 1 19.000000 1.000000 0.243292 0.243232 0.014085 0.257317 0.000083 0.001312 0.000060 0.000000 0.000000 
19 1 1 20.000000 1.000000 0.243185 0.243171 0.014085 0.257256 0.000152 0.001464 0.000014 0.000000 0.000000 
20 1 1 21.000000 1.000000 0.243340 0.243287 0.014085 0.257371 0.000069 0.001533 0.000053 0.000000 0.000000 
21 1 1 22.000000 1.000000 0.243340 0.243287 0.014085 0.257371 0.000037 0.001570 0.000053 0.000000 0.000000 
22 1 1 23.000000 1.000000 0.243259 0.243245 0.014085 0.257329 0.000035 0.001606 0.000014 0.000000 0.000000 
23 1 1 24.000000 1.000000 0.243347 0.243294 0.014085 0.257379 0.000046 0.001652 0.000053 0.000000 0.000000 
24 1 1 25.000000 1.000000 0.243250 0.243234 0.014085 0.257318 0.000033 0.001684 0.000016 0.000000 0.000000 
25 1 1 26.000000 1.000000 0.243258 0.243239 0.014085 0.257324 0.000033 0.001717 0.000018 0.000000 0.000000 
26 0 0 27.000000 1.000000 0.246864 0.246869 0.028169 0.275038 0.000036 0.001753 -0.000005 0.000000 0.000000 
27 0 0 28.000000 1.000000 0.246864 0.246869 0.028169 0.275038 0.000093 0.001846 -0.000005 0.000000 0.000000 
28 1 1 29.000000 1.000000 0.243185 0.243170 0.014085 0.257255 0.000044 0.001890 0.000015 0.000000 0.000000 
29 0 1 29.000000 0.966667 0.243264 0.243252 0.014085 0.257336 0.000062 0.001953 0.000012 0.000000 0.000000 
30 1 1 30.000000 0.967742 0.243263 0.243245 0.014085 0.257330 0.000062 0.002015 0.000018 0.000000 0.000000 
31 1 1 31.000000 0.968750 0.243254 0.243234 0.014085 0.257319 0.000120 0.002135 0.000019 0.000000 0.000000 
32 1 1 32.000000 0.969697 0.246726 0.246681 0.028169 0.274850 0.000043 0.002178 0.000045 0.000000 0.000000 
33 0 0 33.000000 0.970588 0.243159 0.243162 0.014085 0.257247 0.000037 0.002215 -0.000003 0.000000 0.000000 
34 1 1 34.000000 0.971429 0.243306 0.243273 0.014085 0.257357 0.000050 0.002266 0.000033 0.000000 0.000000 
35 0 0 35.000000 0.972222 0.243315 0.243316 0.014085 0.257400 0.000039 0.002305 -0.000001 0.000000 0.000000 
36 1 1 36.000000 0.972973 0.246820 0.246759 0.028169 0.274929 0.000083 0.002388 0.000060 0.000000 0.000000 
37 1 1 37.000000 0.973684 0.246849 0.246785 0.028169 0.274954 0.000037 0.002425 0.000064 0.000000 0.000000 
38 1 1 38.000000 0.974359 0.246819 0.246759 0.028169 0.274928 0.000042 0.002467 0.000060 0.000000 0.000000 
39 1 1 39.000000 0.975000 0.243259 0.243200 0.014085 0.257284 0.000061 0.002528 0.000059 0.000000 0.000000 
40 1 1 40.000000 0.975610 0.246855 0.246800 0.028169 0.274969 0.000035 0.002563 0.000055 0.000000 0.000000 
41 1 1 41.000000 0.976190 0.243291 0.243237 0.014085 0.257321 0.000061 0.002623 0.000054 0.000000 0.000000 
42 1 1 42.000000 0.976744 0.246802 0.246747 0.028169 0.274916 0.000087 0.002711 0.000055 0.000000 0.000000 
43 1 1 43.000000 0.977273 0.246854 0.246800 0.028169 0.274969 0.000051 0.002762 0.000054 0.000000 0.000000 
44 1 1 44.000000 0.977778 0.243278 0.243237 0.014085 0.257322 0.000036 0.002798 0.000041 0.000000 0.000000 
45 1 1 45.000000 0.978261 0.246789 0.246764 0.028169 0.274933 0.000035 0.002833 0.000025 0.000000 0.000000 
46 0 0 46.000000 0.978723 0.243194 0.243223 0.014085 0.257308 0.000037 0.002870 -0.000029 0.000000 0.000000 
47 0 0 47.000000 0.979167 0.243200 0.243223 0.014085 0.257307 0.000062 0.002932 -0.000023 0.000000 0.000000 
48 1 1 48.000000 0.979592 0.243254 0.243198 0.014085 0.257283 0.000064 0.002996 0.000056 0.000000 0.000000 
49 1 1 49.000000 0.980000 0.243252 0.243197 0.014085 0.257281 0.000044 0.003040 0.000055 0.000000 0.000000 
50 0 0 50.000000 0.980392 0.243255 0.243287 0.014085 0.257371 0.000038 0.003078 -0.000032 0.000000 0.000000 
51 0 0 51.000000 0.980769 0.246823 0.246832 0.028169 0.275001 0.000038 0.003116 -0.000009 0.000000 0.000000 
52 0 0 52.000000 0.981132 0.243270 0.243294 0.014085 0.257379 0.000064 0.003180 -0.000024 0.000000 0.000000 
53 0 0 53.000000 0.981481 0.246835 0.246850 0.028169 0.275019 0.000033 0.003213 -0.000015 0.000000 0.000000 
54 1 1 54.000000 0.981818 0.243236 0.243213 0.014085 0.257297 0.000040 0.003253 0.000023 0.000000 0.000000 
55 1 1 55.000000 0.982143 0.243178 0.243165 0.014085 0.257249 0.000046 0.003299 0.000013 0.000000 0.000000 
56 1 1 56.000000 0.982456 0.246846 0.246780 0.028169 0.274949 0.000036 0.003335 0.000066 0.000000 0.000000 
57 1 1 57.000000 0.982759 0.246843 0.246798 0.028169 0.274967 0.000037 0.003372 0.000045 0.000000 0.000000 
58 0 0 58.000000 0.983051 0.243259 0.243297 0.014085 0.257381 0.000039 0.003411 -0.000037 0.000000 0.000000 
59 0 0 59.000000 0.983333 0.243264 0.243297 0.014085 0.257382 0.000062 0.003474 -0.000034 0.000000 0.000000 
60 0 0 60.000000 0.983607 0.243312 0.243334 0.014085 0.257418 0.000100 0.003573 -0.000022 0.000000 0.000000 
61 0 0 61.000000 0.983871 0.243304 0.243326 0.014085 0.257411 0.000037 0.003610 -0.000022 0.000000 0.000000 
62 1 1 62.000000 0.984127 0.243334 0.243280 0.014085 0.257365 0.000040 0.003650 0.000053 0.000000 0.000000 
63 1 1 63.000000 0.984375 0.243334 0.243280 0.014085 0.257365 0.000047 0.003697 0.000053 0.000000 0.000000 
64 1 1 64.000000 0.984615 0.243255 0.243232 0.014085 0.257317 0.000049 0.003746 0.000023 0.000000 0.000000 
65 0 0 65.000000 0.984848 0.246848 0.246857 0.028169 0.275026 0.000045 0.003791 -0.000009 0.000000 0.000000 
66 0 0 66.000000 0.985075 0.246841 0.246859 0.028169 0.275028 0.000036 0.003827 -0.000018 0.000000 0.000000 
67 1 1 67.000000 0.985294 0.243252 0.243231 0.014085 0.257316 0.000047 0.003875 0.000021 0.000000 0.000000 
68 1 1 68.000000 0.985507 0.243276 0.243239 0.014085 0.257323 0.000087 0.003961 0.000037 0.000000 0.000000 
69 0 0 69.000000 0.985714 0.243293 0.243295 0.014085 0.257379 0.000035 0.003997 -0.000002 0.000000 0.000000 
70 1 1 70.000000 0.985915 0.250443 0.250382 0.042254 0.292636 0.000036 0.004033 0.000061 0.000000 0.000000 
71 1 1 71.000000 0.986111 0.243246 0.243207 0.014085 0.257291 0.000039 0.004072 0.000039 0.000000 0.000000 
72 1 1 72.000000 0.986301 0.243294 0.243240 0.014085 0.257325 0.000060 0.004132 0.000054 0.000000 0.000000 
73 1 1 73.000000 0.986486 0.243292 0.243239 0.014085 0.257323 0.000065 0.004197 0.000053 0.000000 0.000000 
74 1 1 74.000000 0.986667 0.243252 0.243199 0.014085 0.257284 0.000036 0.004234 0.000052 0.000000 0.000000 
75 1 1 75.000000 0.986842 0.246824 0.246767 0.028169 0.274936 0.000081 0.004315 0.000057 0.000000 0.000000 
76 1 1 76.000000 0.987013 0.243211 0.243200 0.014085 0.257285 0.000091 0.004405 0.000011 0.000000 0.000000 
77 1 1 77.000000 0.987179 0.243303 0.243253 0.014085 0.257338 0.000038 0.004444 0.000050 0.000000 0.000000 
78 1 1 78.000000 0.987342 0.243300 0.243272 0.014085 0.257356 0.000042 0.004485 0.000029 0.000000 0.000000 
