0 1 1 1.000000 1.000000 0.056152 0.038650 0.071429 0.110078 0.000014 0.000014 0.017503 0.000000 0.000000 
1 0 0 2.000000 1.000000 0.049368 0.052871 0.000000 0.052871 0.000053 0.000067 -0.003502 0.000000 0.000000 
2 0 0 3.000000 1.000000 0.045406 0.052856 0.071429 0.124285 0.000010 0.000078 -0.007450 0.000000 0.000000 
3 0 0 4.000000 1.000000 0.044706 0.053284 0.000000 0.053284 0.000010 0.000087 -0.008579 0.000000 0.000000 
4 0 0 5.000000 1.000000 0.033011 0.040924 0.000000 0.040924 0.000010 0.000097 -0.007913 0.000000 0.000000 
5 0 1 5.000000 0.833333 0.045913 0.043956 0.000000 0.043956 0.000014 0.000111 0.001957 0.000326 0.000000 
6 1 1 6.000000 0.857143 0.039939 0.037276 0.071429 0.108704 0.000010 0.000121 0.002663 0.000280 0.000000 
7 0 1 6.000000 0.750000 0.043185 0.040368 0.142857 0.183225 0.000012 0.000133 0.002817 0.000597 0.000000 
8 1 1 7.000000 0.777778 0.053301 0.047456 0.142857 0.190313 0.000009 0.000142 0.005845 0.000530 0.000000 
9 1 1 8.000000 0.800000 0.055239 0.043037 0.071429 0.114465 0.000009 0.000151 0.012202 0.000477 0.000000 
10 0 0 9.000000 0.818182 0.046826 0.057068 0.142857 0.199925 0.000009 0.000160 -0.010242 0.000434 0.000000 
11 0 0 10.000000 0.833333 0.051322 0.063397 0.142857 0.206254 0.000008 0.000168 -0.012075 0.000398 0.000000 
12 1 1 11.000000 0.846154 0.040073 0.039702 0.142857 0.182559 0.000009 0.000177 0.000372 0.000367 0.000000 
13 1 1 12.000000 0.857143 0.053240 0.039725 0.071429 0.111154 0.000009 0.000186 0.013515 0.000341 0.000000 
14 1 0 12.000000 0.800000 0.044158 0.052253 0.000000 0.052253 0.000014 0.000200 -0.008095 0.000318 -0.000540 
15 1 1 13.000000 0.812500 0.041721 0.032862 0.000000 0.032862 0.000010 0.000210 0.008859 0.000298 -0.000506 
16 0 0 14.000000 0.823529 0.045528 0.060895 0.071429 0.132324 0.000009 0.000219 -0.015367 0.000281 -0.000476 
17 0 0 15.000000 0.833333 0.034112 0.040873 0.071429 0.112302 0.000009 0.000228 -0.006761 0.000265 -0.000450 
18 1 1 16.000000 0.842105 0.049511 0.035640 0.071429 0.107069 0.000009 0.000237 0.013871 0.000251 -0.000426 
19 1 0 16.000000 0.800000 0.055296 0.056186 0.071429 0.127614 0.000024 0.000262 -0.000889 0.000239 -0.000449 
20 0 0 17.000000 0.809524 0.050047 0.052648 0.071429 0.124077 0.000009 0.000271 -0.002601 0.000227 -0.000428 
21 0 0 18.000000 0.818182 0.034490 0.040076 0.000000 0.040076 0.000010 0.000281 -0.005586 0.000217 -0.000408 
22 0 0 19.000000 0.826087 0.041333 0.048525 0.000000 0.048525 0.000024 0.000305 -0.007192 0.000208 -0.000391 
23 1 1 20.000000 0.833333 0.057064 0.040646 0.142857 0.183503 0.000009 0.000313 0.016418 0.000199 -0.000374 
24 0 1 20.000000 0.800000 0.038445 0.035281 0.000000 0.035281 0.000014 0.000327 0.003164 0.000317 -0.000359 
25 0 0 21.000000 0.807692 0.050178 0.052812 0.071429 0.124241 0.000009 0.000336 -0.002634 0.000305 -0.000346 
26 1 1 22.000000 0.814815 0.047506 0.039686 0.071429 0.111114 0.000009 0.000345 0.007820 0.000294 -0.000333 
27 0 0 23.000000 0.821429 0.047860 0.055277 0.000000 0.055277 0.000010 0.000355 -0.007418 0.000283 -0.000321 
28 1 1 24.000000 0.827586 0.049698 0.045062 0.071429 0.116491 0.000010 0.000364 0.004636 0.000274 -0.000310 
29 0 0 25.000000 0.833333 0.042947 0.051427 0.000000 0.051427 0.000009 0.000374 -0.008480 0.000265 -0.000299 
30 1 1 26.000000 0.838710 0.050867 0.047063 0.000000 0.047063 0.000025 0.000398 0.003804 0.000256 -0.000290 
31 0 0 27.000000 0.843750 0.035444 0.043931 0.071429 0.115360 0.000023 0.000421 -0.008487 0.000248 -0.000281 
32 0 0 28.000000 0.848485 0.040029 0.047433 0.000000 0.047433 0.000010 0.000431 -0.007404 0.000241 -0.000272 
33 0 0 29.000000 0.852941 0.050183 0.052616 0.071429 0.124045 0.000009 0.000440 -0.002433 0.000233 -0.000264 
34 0 0 30.000000 0.857143 0.038118 0.049394 0.000000 0.049394 0.000027 0.000467 -0.011277 0.000227 -0.000257 
35 0 0 31.000000 0.861111 0.037230 0.047025 0.071429 0.118454 0.000009 0.000476 -0.009795 0.000220 -0.000250 
36 1 1 32.000000 0.864865 0.052696 0.047726 0.071429 0.119155 0.000009 0.000485 0.004970 0.000215 -0.000243 
37 0 0 33.000000 0.868421 0.045161 0.047819 0.071429 0.119247 0.000009 0.000494 -0.002658 0.000209 -0.000236 
38 1 1 34.000000 0.871795 0.054770 0.048713 0.071429 0.120142 0.000010 0.000503 0.006057 0.000204 -0.000230 
39 1 1 35.000000 0.875000 0.056558 0.039236 0.071429 0.110664 0.000009 0.000512 0.017322 0.000198 -0.000225 
40 1 1 36.000000 0.878049 0.051578 0.049844 0.071429 0.121273 0.000009 0.000521 0.001734 0.000194 -0.000219 
41 1 1 37.000000 0.880952 0.052575 0.036475 0.000000 0.036475 0.000010 0.000531 0.016100 0.000189 -0.000214 
42 0 0 38.000000 0.883721 0.038576 0.040544 0.071429 0.111973 0.000009 0.000540 -0.001968 0.000185 -0.000209 
43 0 0 39.000000 0.886364 0.042173 0.055344 0.142857 0.198201 0.000008 0.000548 -0.013171 0.000180 -0.000204 
44 0 1 39.000000 0.866667 0.046367 0.042318 0.000000 0.042318 0.000028 0.000577 0.004049 0.000266 -0.000200 
45 1 1 40.000000 0.869565 0.047580 0.046520 0.071429 0.117948 0.000010 0.000586 0.001060 0.000261 -0.000195 
46 0 0 41.000000 0.872340 0.046279 0.059070 0.142857 0.201927 0.000008 0.000595 -0.012790 0.000255 -0.000191 
47 1 1 42.000000 0.875000 0.046609 0.045873 0.000000 0.045873 0.000009 0.000604 0.000736 0.000250 -0.000187 
48 0 0 43.000000 0.877551 0.037256 0.042529 0.000000 0.042529 0.000010 0.000614 -0.005273 0.000245 -0.000183 
49 0 0 44.000000 0.880000 0.037971 0.049411 0.000000 0.049411 0.000010 0.000623 -0.011440 0.000240 -0.000180 
50 1 1 45.000000 0.882353 0.060034 0.041944 0.142857 0.184802 0.000009 0.000632 0.018090 0.000235 -0.000176 
51 0 0 46.000000 0.884615 0.051701 0.063903 0.142857 0.206760 0.000008 0.000640 -0.012202 0.000230 -0.000173 
52 0 0 47.000000 0.886792 0.037306 0.050246 0.000000 0.050246 0.000023 0.000664 -0.012940 0.000226 -0.000170 
53 0 0 48.000000 0.888889 0.041170 0.057027 0.071429 0.128456 0.000008 0.000672 -0.015858 0.000222 -0.000166 
54 0 1 48.000000 0.872727 0.045501 0.044500 0.071429 0.115929 0.000013 0.000684 0.001001 0.000236 -0.000163 
55 0 0 49.000000 0.875000 0.046926 0.047744 0.000000 0.047744 0.000039 0.000723 -0.000818 0.000232 -0.000160 
56 0 0 50.000000 0.877193 0.045608 0.060116 0.071429 0.131545 0.000009 0.000732 -0.014509 0.000228 -0.000158 
57 1 1 51.000000 0.879310 0.054314 0.040278 0.071429 0.111707 0.000009 0.000741 0.014036 0.000224 -0.000155 
58 1 1 52.000000 0.881356 0.061761 0.048409 0.142857 0.191266 0.000023 0.000764 0.013352 0.000220 -0.000152 
59 0 0 53.000000 0.883333 0.048270 0.064006 0.142857 0.206863 0.000008 0.000772 -0.015736 0.000216 -0.000150 
60 1 1 54.000000 0.885246 0.039890 0.029796 0.000000 0.029796 0.000009 0.000781 0.010095 0.000213 -0.000147 
61 0 0 55.000000 0.887097 0.044775 0.056359 0.071429 0.127788 0.000009 0.000790 -0.011585 0.000209 -0.000145 
62 0 0 56.000000 0.888889 0.042048 0.047344 0.000000 0.047344 0.000009 0.000800 -0.005295 0.000206 -0.000143 
63 1 0 56.000000 0.875000 0.041668 0.042226 0.071429 0.113655 0.000030 0.000830 -0.000558 0.000203 -0.000149 
64 1 1 57.000000 0.876923 0.043933 0.036295 0.142857 0.179152 0.000009 0.000838 0.007638 0.000200 -0.000147 
65 0 0 58.000000 0.878788 0.028525 0.040713 0.000000 0.040713 0.000010 0.000848 -0.012188 0.000197 -0.000145 
66 0 0 59.000000 0.880597 0.051229 0.053663 0.142857 0.196521 0.000043 0.000891 -0.002434 0.000194 -0.000142 
67 1 1 60.000000 0.882353 0.054411 0.046565 0.142857 0.189422 0.000009 0.000900 0.007846 0.000191 -0.000140 
68 1 1 61.000000 0.884058 0.051141 0.048500 0.000000 0.048500 0.000022 0.000923 0.002641 0.000188 -0.000138 
69 0 0 62.000000 0.885714 0.054505 0.060475 0.071429 0.131904 0.000009 0.000931 -0.005971 0.000186 -0.000136 
70 1 1 63.000000 0.887324 0.052317 0.044952 0.071429 0.116381 0.000009 0.000940 0.007364 0.000183 -0.000134 
71 0 1 63.000000 0.875000 0.047149 0.044570 0.071429 0.115999 0.000050 0.000991 0.002579 0.000216 -0.000133 
72 1 1 64.000000 0.876712 0.048305 0.042539 0.142857 0.185396 0.000009 0.001000 0.005765 0.000213 -0.000131 
73 0 0 65.000000 0.878378 0.044589 0.053338 0.000000 0.053338 0.000009 0.001009 -0.008749 0.000210 -0.000129 
74 1 1 66.000000 0.880000 0.052688 0.043105 0.000000 0.043105 0.000009 0.001018 0.009583 0.000208 -0.000127 
75 0 0 67.000000 0.881579 0.047619 0.060091 0.071429 0.131519 0.000009 0.001027 -0.012472 0.000205 -0.000126 
76 0 0 68.000000 0.883117 0.044520 0.058240 0.071429 0.129669 0.000009 0.001036 -0.013720 0.000202 -0.000124 
77 1 1 69.000000 0.884615 0.040277 0.036150 0.071429 0.107578 0.000009 0.001045 0.004127 0.000200 -0.000122 
78 0 0 70.000000 0.886076 0.047721 0.060263 0.071429 0.131692 0.000008 0.001053 -0.012542 0.000197 -0.000121 
79 0 0 71.000000 0.887500 0.050064 0.052840 0.071429 0.124269 0.000009 0.001062 -0.002776 0.000195 -0.000119 
80 1 1 72.000000 0.888889 0.041461 0.040612 0.000000 0.040612 0.000027 0.001089 0.000849 0.000192 -0.000118 
81 0 0 73.000000 0.890244 0.037212 0.045084 0.000000 0.045084 0.000009 0.001098 -0.007872 0.000190 -0.000116 
82 1 1 74.000000 0.891566 0.051419 0.043138 0.071429 0.114567 0.000009 0.001108 0.008281 0.000188 -0.000115 
83 1 1 75.000000 0.892857 0.049682 0.045224 0.071429 0.116652 0.000009 0.001117 0.004458 0.000185 -0.000114 
84 0 0 76.000000 0.894118 0.037885 0.056059 0.071429 0.127487 0.000009 0.001126 -0.018174 0.000183 -0.000112 
85 1 0 76.000000 0.883721 0.049761 0.055577 0.071429 0.127006 0.000013 0.001138 -0.005816 0.000181 -0.000179 
86 1 1 77.000000 0.885057 0.056058 0.038690 0.071429 0.110118 0.000009 0.001148 0.017368 0.000179 -0.000177 
87 1 1 78.000000 0.886364 0.055177 0.045871 0.071429 0.117300 0.000009 0.001157 0.009305 0.000177 -0.000175 
88 0 0 79.000000 0.887640 0.047770 0.058979 0.071429 0.130407 0.000021 0.001178 -0.011209 0.000175 -0.000173 
89 1 1 80.000000 0.888889 0.054441 0.053741 0.071429 0.125170 0.000009 0.001187 0.000700 0.000173 -0.000171 
90 0 0 81.000000 0.890110 0.048232 0.063916 0.142857 0.206773 0.000008 0.001195 -0.015684 0.000171 -0.000169 
91 0 0 82.000000 0.891304 0.032701 0.045886 0.000000 0.045886 0.000010 0.001205 -0.013186 0.000169 -0.000167 
92 0 0 83.000000 0.892473 0.034584 0.044033 0.000000 0.044033 0.000010 0.001214 -0.009448 0.000167 -0.000165 
93 0 0 84.000000 0.893617 0.037658 0.041215 0.071429 0.112644 0.000009 0.001224 -0.003557 0.000166 -0.000163 
94 1 1 85.000000 0.894737 0.054321 0.040169 0.071429 0.111597 0.000009 0.001233 0.014152 0.000164 -0.000162 
95 1 0 85.000000 0.885417 0.045638 0.061047 0.071429 0.132475 0.000012 0.001245 -0.015409 0.000162 -0.000320 
96 0 0 86.000000 0.886598 0.051533 0.059233 0.071429 0.130661 0.000009 0.001254 -0.007699 0.000160 -0.000317 
97 0 0 87.000000 0.887755 0.039465 0.058010 0.071429 0.129439 0.000009 0.001263 -0.018545 0.000159 -0.000314 
98 1 1 88.000000 0.888889 0.052151 0.036026 0.000000 0.036026 0.000010 0.001273 0.016125 0.000157 -0.000311 
99 1 0 88.000000 0.880000 0.050062 0.054292 0.071429 0.125721 0.000027 0.001300 -0.004230 0.000156 -0.000350 
100 0 0 89.000000 0.881188 0.041547 0.053579 0.000000 0.053579 0.000024 0.001323 -0.012032 0.000154 -0.000347 
101 1 0 89.000000 0.872549 0.040471 0.045293 0.000000 0.045293 0.000028 0.001351 -0.004821 0.000153 -0.000390 
102 0 0 90.000000 0.873786 0.035911 0.044848 0.071429 0.116276 0.000010 0.001360 -0.008937 0.000151 -0.000387 
103 0 0 91.000000 0.875000 0.043292 0.051526 0.000000 0.051526 0.000009 0.001369 -0.008234 0.000150 -0.000383 
104 0 0 92.000000 0.876190 0.047108 0.055209 0.142857 0.198066 0.000009 0.001378 -0.008101 0.000148 -0.000379 
105 0 1 92.000000 0.867925 0.051526 0.050539 0.071429 0.121967 0.000023 0.001401 0.000987 0.000156 -0.000376 
106 1 1 93.000000 0.869159 0.040757 0.029782 0.000000 0.029782 0.000010 0.001411 0.010975 0.000155 -0.000372 
