d {-0.000001, -0.00001, -0.0001, -0.001, -0.01, -0.05, -0.1, -0.15, -0.2, -0.3, -0.4, -0.5, -0.6, -0.7, -0.8, -0.9, -1.0, 0.0, 0.000001, 0.00001, 0.0001, 0.001, 0.01, 0.05, 0.1, 0.15, 0.2, 0.3, 0.4, 0.5, 0.6, 0.7, 0.8, 0.9, 1.0}[0.0]
e {-0.000001, -0.00001, -0.0001, -0.001, -0.01, -0.05, -0.1, -0.15, -0.2, -0.3, -0.4, -0.5, -0.6, -0.7, -0.8, -0.9, -1.0, 0.0, 0.000001, 0.00001, 0.0001, 0.001, 0.01, 0.05, 0.1, 0.15, 0.2, 0.3, 0.4, 0.5, 0.6, 0.7, 0.8, 0.9, 1.0}[0.0]
g {-0.000001, -0.00001, -0.0001, -0.001, -0.01, -0.05, -0.1, -0.15, 0.0, 0.000001, 0.00001, 0.0001, 0.001, 0.01, 0.05, 0.1, 0.15}[0.0]
i {0,1}[1]
p {0,1,5,10,15,25,40,50,75,100,250,500,1000}[1]
z {0,1}[1]
r {0}[0]
c {../../../../data/breast_casebase.txt}[../../../../data/breast_casebase.txt]
o {../../../../data/breast_outcomes.txt}[../../../../data/breast_outcomes.txt]
l {629}[629]


