1 2 8 12 16 20 22 25 28 30 32 34 36 38 40 42 44 46 48 50 52 53 55 57 59 61 63 65 66 68 70 71 73 75 77 79 81 83 85 87 89 90 92 94 96 98 100 101 102 104 105 107 109 111 113 115 117 119 123 127 129 131 133 136 141 143 149 151 153 293 372 
1 3 8 12 16 20 22 25 28 30 32 34 36 38 40 42 44 46 48 50 52 53 55 57 59 61 63 65 66 68 70 71 73 75 77 79 81 83 85 87 89 90 92 94 96 98 100 101 102 104 105 107 109 111 113 115 117 119 123 127 129 131 133 136 141 143 149 151 153 290 372 
0 2 7 11 13 18 22 25 28 30 32 34 36 38 40 42 44 46 48 50 52 53 55 57 59 61 63 65 66 68 70 71 73 75 77 79 81 83 85 87 89 90 92 94 96 98 100 101 102 104 105 107 109 111 113 115 117 119 122 124 129 131 133 136 141 145 149 151 153 291 362 
0 2 7 11 13 18 23 25 28 30 32 34 36 38 40 42 44 46 48 50 52 53 55 57 59 61 63 65 66 68 70 71 73 75 77 79 81 83 85 87 89 90 92 94 96 98 100 101 102 104 105 107 109 111 113 115 117 119 122 124 129 131 133 136 141 146 149 151 153 296 357 
0 2 8 12 16 18 22 25 28 30 32 34 36 38 40 42 44 46 48 50 52 53 55 57 59 61 63 65 66 68 70 71 73 75 77 79 81 83 85 87 89 90 92 94 96 98 100 101 102 104 105 107 109 111 113 115 117 119 123 127 129 131 133 135 141 143 149 151 153 297 358 
0 2 8 12 16 18 22 25 28 30 32 34 36 38 40 42 44 46 48 50 52 53 55 57 59 61 63 65 66 68 70 71 73 75 77 79 81 83 85 87 89 90 92 94 96 98 100 101 102 104 105 107 109 111 113 115 117 119 123 127 129 131 133 137 141 143 149 151 153 294 358 
1 2 8 12 16 18 22 25 28 30 32 34 36 38 40 42 44 46 48 50 52 53 55 57 59 61 63 65 66 68 70 71 73 75 77 79 81 83 85 87 89 90 92 94 96 98 100 101 102 104 105 107 109 111 113 115 117 119 123 127 129 131 133 135 141 143 149 151 153 295 372 
1 2 8 12 16 18 22 25 28 30 32 34 36 38 40 42 44 46 48 50 52 53 55 57 59 61 63 65 66 68 70 71 73 75 77 79 81 83 85 87 89 90 92 94 96 98 100 101 102 104 105 107 109 111 113 115 117 119 123 127 129 131 133 137 141 143 149 151 153 298 372 
1 4 8 11 15 20 22 25 28 30 32 34 36 38 40 42 44 46 48 50 52 53 55 57 59 61 63 65 66 68 70 71 73 75 77 79 81 83 85 87 89 90 92 94 96 98 100 101 102 104 105 107 109 111 113 115 117 119 122 126 129 131 133 140 141 143 149 151 153 299 372 
0 2 8 10 13 18 22 25 28 30 32 34 36 38 40 42 44 46 48 50 52 53 55 57 59 61 63 65 66 68 70 71 73 75 77 79 81 83 85 87 89 90 92 94 96 98 100 101 102 104 105 107 109 111 113 115 117 119 123 124 129 131 133 135 141 143 149 151 153 180 358 
0 2 8 12 13 18 22 25 28 30 32 34 36 38 40 42 44 46 48 50 52 53 55 57 59 61 63 65 66 68 70 71 73 75 77 79 81 83 85 87 89 90 92 94 96 98 100 101 102 104 105 107 109 111 113 115 117 119 123 124 129 131 133 137 141 143 149 151 153 181 358 
0 2 8 12 16 20 22 25 28 30 32 34 36 38 40 42 44 46 48 50 52 53 55 57 59 61 63 65 66 68 70 71 73 75 77 79 81 83 85 87 89 90 92 94 96 98 100 101 102 104 105 107 109 111 113 115 117 119 123 127 129 131 133 135 141 143 149 151 153 182 358 
1 4 8 12 16 19 22 25 28 30 32 34 36 38 40 42 44 46 48 50 52 53 55 57 59 61 63 65 66 68 70 71 73 75 77 79 81 83 85 87 89 90 92 94 96 98 100 101 102 104 105 107 109 111 113 115 117 119 123 127 129 131 133 139 141 143 149 151 153 183 372 
1 6 8 10 16 18 23 25 28 30 32 34 36 38 40 42 44 46 48 50 52 53 55 57 59 61 63 65 66 68 70 71 73 75 77 79 81 83 85 87 89 90 92 94 96 98 100 101 102 104 105 107 109 111 113 115 117 119 121 125 129 131 133 136 141 143 149 151 153 184 375 
0 2 8 12 16 18 22 25 28 30 32 34 36 38 40 42 44 46 48 50 52 53 55 57 59 61 63 65 66 68 70 71 73 75 77 79 81 83 85 87 89 90 92 94 96 98 100 101 102 104 105 107 109 111 113 115 117 119 123 125 129 131 133 137 141 143 149 151 153 185 358 
0 2 8 12 14 18 22 25 28 30 32 34 36 38 40 42 44 46 48 50 52 53 55 57 59 61 63 65 66 68 70 71 73 75 77 79 81 83 85 87 89 90 92 94 96 98 100 101 102 104 105 107 109 111 113 115 117 119 123 125 129 131 133 135 141 143 149 151 153 186 358 
1 2 8 12 16 18 22 25 28 30 32 34 36 38 39 42 44 46 48 50 52 53 55 57 59 61 63 65 66 68 70 71 73 75 77 79 81 83 85 87 89 90 92 94 96 98 100 101 102 104 105 107 109 111 113 115 117 118 123 125 129 131 133 137 141 143 149 151 153 187 371 
1 2 8 12 14 18 22 25 28 30 32 34 36 38 39 42 44 46 48 50 52 53 55 57 59 61 63 65 66 68 70 71 73 75 77 79 81 83 85 87 89 90 92 94 96 98 100 101 102 104 105 107 109 111 113 115 117 118 123 127 129 131 133 136 141 143 149 151 153 188 371 
1 6 8 12 16 20 23 25 28 30 32 34 36 38 40 42 44 46 48 50 52 53 55 57 59 61 63 65 66 68 70 71 73 75 77 79 81 83 85 87 89 90 92 94 96 98 100 101 102 104 105 107 109 111 113 115 117 119 123 125 129 131 133 136 141 143 149 151 153 189 375 
1 6 8 12 14 20 23 25 28 30 32 34 36 38 40 42 44 46 48 50 52 53 55 57 59 61 63 65 66 68 70 71 73 75 77 78 81 83 85 87 89 90 92 94 96 98 100 101 102 104 105 107 109 111 113 115 117 119 123 127 129 131 133 136 141 143 149 151 153 199 372 
0 2 8 12 16 20 22 25 28 30 32 34 36 38 39 42 44 46 48 50 52 53 55 57 59 61 63 65 66 68 70 71 73 75 77 79 81 83 85 87 89 90 92 94 96 98 100 101 102 104 105 107 109 111 113 115 117 119 123 127 128 131 133 139 141 143 149 151 153 198 366 
0 2 8 12 16 20 22 25 28 30 32 34 36 38 39 42 44 46 48 50 52 53 55 57 59 61 63 65 66 68 70 71 73 75 77 79 81 83 85 87 89 90 92 94 96 98 100 101 102 104 105 107 109 111 113 115 117 119 123 127 129 130 133 136 141 143 149 151 153 201 366 
1 6 8 12 16 20 22 25 28 30 32 34 36 38 39 42 44 46 48 50 52 53 55 57 59 61 63 65 66 68 70 71 73 75 77 79 81 83 85 87 89 90 92 94 96 98 100 101 102 104 105 107 109 111 113 115 116 119 123 127 129 130 133 135 141 143 149 151 153 200 371 
1 6 8 12 16 21 23 25 28 30 32 34 36 38 40 42 44 46 48 50 52 53 55 57 59 61 63 65 66 68 70 71 73 75 77 79 81 83 85 87 89 90 92 94 96 98 100 101 102 104 105 107 109 111 113 115 117 119 123 127 129 131 133 136 141 143 149 151 153 195 375 
1 3 8 10 14 20 22 25 28 30 32 34 36 38 40 42 44 46 48 50 52 53 55 57 59 61 63 65 66 68 70 71 73 75 77 79 81 83 85 87 89 90 92 94 96 98 100 101 102 104 105 107 109 111 113 115 117 119 123 127 129 131 133 139 141 143 149 151 153 194 372 
1 6 8 12 16 21 22 25 28 30 32 34 36 38 40 42 44 46 48 50 52 53 55 57 59 61 63 65 66 68 70 71 73 75 77 79 81 83 85 87 89 90 92 94 96 98 100 101 102 104 105 107 109 110 113 115 117 119 123 125 129 131 133 137 141 143 149 151 153 197 372 
1 6 8 12 14 21 22 25 28 30 32 34 36 38 40 42 44 46 48 50 52 53 55 57 59 61 63 65 66 68 70 71 73 75 77 79 81 82 85 87 89 90 92 94 96 98 100 101 102 104 105 107 109 111 113 115 117 119 123 127 129 131 133 137 141 143 149 151 153 196 372 
1 2 8 12 16 20 22 25 28 30 32 34 36 38 39 42 44 46 48 50 52 53 55 57 59 61 63 65 66 68 70 71 73 75 77 79 81 83 85 87 89 90 92 94 96 98 100 101 102 104 105 107 109 111 113 115 117 119 123 127 129 131 132 136 141 143 149 151 153 203 371 
1 2 8 9 13 18 22 25 28 30 32 34 36 38 40 42 44 46 48 50 52 53 55 57 59 61 63 65 66 68 70 71 73 75 77 79 81 83 85 87 89 90 92 94 96 98 100 101 102 104 105 107 109 111 113 115 117 119 121 127 129 131 133 139 141 143 149 151 153 202 360 
1 2 8 10 16 18 22 25 28 30 32 34 36 38 40 42 44 46 48 50 52 53 55 57 59 61 63 65 66 68 70 71 73 75 77 79 81 83 85 87 89 90 92 94 96 98 100 101 102 104 105 107 109 111 113 115 117 119 120 124 129 131 133 136 141 143 149 151 153 230 372 
1 2 8 12 16 20 23 25 28 30 32 34 36 38 39 42 44 46 48 50 52 53 55 57 59 61 63 65 66 68 70 71 73 75 77 79 81 82 85 87 89 90 92 94 96 98 100 101 102 104 105 107 109 111 113 115 116 119 121 127 129 131 133 136 141 143 149 151 153 231 371 
1 6 8 10 16 20 23 25 28 30 32 34 36 38 40 42 44 46 48 50 52 53 55 57 59 61 63 65 66 68 70 71 73 75 77 79 81 83 85 87 89 90 92 94 96 98 100 101 102 104 105 107 109 111 113 115 117 119 123 127 129 131 133 136 141 143 149 151 153 228 375 
1 6 8 12 14 20 23 25 28 30 32 34 36 38 40 42 44 46 48 50 52 53 55 57 59 61 63 65 66 68 70 71 73 75 77 79 81 82 85 87 89 90 92 94 96 98 100 101 102 104 105 107 109 111 113 115 116 119 121 127 129 131 133 135 141 143 149 151 153 229 372 
1 6 8 10 14 20 23 25 28 30 32 34 36 38 40 42 44 46 48 50 52 53 55 57 59 61 63 65 66 68 70 71 73 75 77 79 81 83 85 87 89 90 92 94 96 98 100 101 102 104 105 107 109 110 113 115 116 119 123 127 129 131 133 135 141 143 149 151 153 234 372 
1 3 7 9 13 18 22 25 28 30 32 34 36 38 40 42 44 46 48 50 52 53 55 57 59 61 63 65 66 68 70 71 73 75 77 79 81 83 85 87 89 90 92 94 96 98 100 101 102 104 105 107 109 111 113 115 117 119 120 127 129 131 133 137 141 146 149 151 153 235 354 
1 2 8 9 16 18 22 25 28 30 32 34 36 38 40 42 44 46 48 50 52 53 55 57 59 61 63 65 66 68 70 71 73 75 77 79 81 83 85 87 89 90 92 94 96 98 100 101 102 104 105 107 109 111 113 115 117 119 120 124 129 131 133 136 141 143 149 151 153 232 372 
0 2 8 9 13 18 22 25 28 30 32 34 36 38 39 42 44 46 48 50 52 53 55 57 59 61 63 65 66 68 70 71 73 75 77 79 81 83 85 87 89 90 92 94 96 98 100 101 102 104 105 107 109 111 113 115 116 119 120 124 129 131 133 137 141 143 149 151 153 233 366 
1 6 8 9 14 21 23 25 28 30 32 34 36 38 40 42 44 46 48 50 52 53 55 57 59 61 63 65 66 68 70 71 73 75 77 79 81 83 85 87 89 90 92 94 96 98 100 101 102 104 105 107 109 111 113 115 117 119 120 124 129 131 133 136 141 143 149 151 153 225 375 
1 4 7 9 13 18 23 25 28 30 32 34 36 38 40 42 44 46 48 50 52 53 55 57 59 61 63 65 66 68 70 71 73 75 77 79 81 83 85 87 89 90 92 94 96 98 100 101 102 104 105 107 109 111 113 115 117 119 120 125 129 131 133 139 141 147 149 151 153 226 373 
0 6 8 12 16 20 23 25 28 30 32 34 36 38 40 42 44 46 48 50 52 53 55 57 59 61 63 65 66 68 70 71 73 75 77 79 81 82 85 87 89 90 92 94 96 98 100 101 102 104 105 107 109 111 113 115 117 119 123 125 129 131 133 135 141 143 149 151 153 267 358 
0 6 8 10 16 20 23 25 28 30 32 34 36 38 40 42 44 46 48 50 52 53 55 57 59 61 63 65 66 68 70 71 73 75 77 79 81 82 85 87 89 90 92 94 96 98 100 101 102 104 105 107 109 111 113 115 117 119 123 127 129 131 133 137 141 143 149 151 153 266 358 
1 6 8 12 14 21 23 25 28 30 32 34 36 38 40 42 44 46 48 50 52 53 55 57 59 61 63 65 66 68 70 71 73 75 77 79 81 83 85 87 89 90 92 94 96 98 100 101 102 104 105 107 109 111 113 115 117 119 120 124 129 131 133 136 141 143 149 151 153 265 375 
0 2 8 12 16 20 23 25 28 30 32 34 36 38 40 42 44 46 48 50 52 53 55 57 59 61 63 65 66 68 70 71 73 75 77 79 81 83 85 87 89 90 92 94 96 98 100 101 102 104 105 107 109 111 113 115 117 119 123 127 129 131 133 136 141 143 149 151 153 264 358 
1 2 8 10 16 20 23 25 28 30 32 34 36 38 40 42 44 46 48 50 52 53 55 57 59 61 63 65 66 68 70 71 73 75 77 79 81 82 85 87 89 90 92 94 96 98 100 101 102 104 105 107 109 111 113 115 116 119 121 125 129 131 133 136 141 143 149 151 153 263 372 
1 2 8 10 14 20 23 25 28 30 32 34 36 38 40 42 44 46 48 50 52 53 55 57 59 61 63 65 66 68 70 71 73 75 77 79 81 83 84 87 89 90 92 94 96 98 100 101 102 104 105 107 109 111 113 115 116 119 121 127 129 131 133 136 141 143 149 151 153 262 372 
1 3 8 9 13 19 22 25 27 30 32 33 36 38 40 42 44 46 48 50 52 53 55 57 59 61 63 65 66 68 70 71 73 75 77 79 81 83 85 87 89 90 92 94 96 98 100 101 102 104 105 107 109 111 113 115 117 119 123 125 129 131 133 139 141 143 149 150 153 261 368 
1 2 7 9 13 21 23 25 28 30 32 34 36 38 40 42 44 46 48 50 52 53 55 57 59 61 63 65 66 68 70 71 73 75 77 79 81 83 85 87 89 90 92 94 96 98 100 101 102 104 105 107 109 111 113 115 117 119 120 124 129 131 133 140 141 145 149 151 153 260 363 
1 2 8 9 13 18 22 25 28 30 32 34 36 38 40 42 44 46 48 50 52 53 55 57 59 61 63 65 66 68 70 71 73 75 77 79 81 83 85 87 89 90 92 94 96 98 100 101 102 104 105 107 109 111 113 115 117 119 120 125 129 131 133 136 141 143 149 151 153 259 372 
1 6 8 9 14 21 23 25 28 30 32 34 36 38 40 42 44 46 48 50 52 53 55 57 59 61 63 65 66 68 70 71 73 75 77 79 81 83 85 87 89 90 92 94 96 98 100 101 102 104 105 107 109 111 113 115 117 119 120 124 129 131 133 136 141 143 149 151 153 258 375 
0 3 8 12 16 20 23 25 28 30 32 34 36 38 40 42 44 46 48 50 52 53 55 57 59 61 63 65 66 68 70 71 73 75 77 79 81 83 85 87 89 90 92 94 96 98 100 101 102 104 105 107 109 111 113 115 117 119 123 125 129 130 133 139 142 143 149 151 153 286 358 
0 3 8 12 14 20 23 25 28 30 32 34 36 38 40 42 44 46 48 50 52 53 55 57 59 61 63 65 66 68 70 71 73 75 77 79 81 83 85 87 89 90 92 94 96 98 100 101 102 104 105 107 109 111 113 115 117 119 123 127 129 130 133 139 142 143 149 151 153 287 358 
0 6 8 10 16 20 23 25 28 30 32 34 36 38 40 42 44 46 48 50 52 53 55 57 59 61 63 65 66 68 70 71 73 75 77 79 81 83 85 86 89 90 92 94 96 98 100 101 102 104 105 107 109 111 113 115 117 119 123 127 129 131 133 135 141 143 149 151 153 288 358 
1 6 8 9 14 21 23 25 28 30 32 34 36 38 40 42 44 46 48 50 52 53 55 57 59 61 63 65 66 68 70 71 73 75 77 79 81 83 85 87 89 90 92 94 96 98 100 101 102 104 105 107 109 111 113 115 117 119 120 124 129 131 133 136 141 143 149 151 153 289 375 
1 3 7 9 13 21 23 25 28 30 32 34 36 38 40 42 44 46 48 50 52 53 55 57 59 61 63 65 66 68 70 71 73 75 77 79 81 83 85 87 89 90 92 94 96 98 100 101 102 104 105 107 109 111 113 115 117 119 120 125 129 131 133 135 141 147 149 151 153 282 373 
1 6 8 10 13 20 23 25 28 30 32 34 36 38 40 42 44 46 48 50 52 53 55 57 59 61 63 65 66 68 70 71 73 75 77 79 81 83 85 87 89 90 92 94 96 98 100 101 102 104 105 107 109 111 113 115 117 119 121 125 129 131 133 136 141 143 149 151 153 283 375 
1 6 8 10 14 21 23 25 28 30 32 34 36 38 40 42 44 46 48 50 52 53 55 57 59 61 63 65 66 68 70 71 73 75 77 79 81 83 85 87 89 90 92 94 96 98 100 101 102 104 105 107 109 111 112 115 117 119 121 124 129 131 133 136 141 143 149 151 153 284 372 
1 2 8 12 16 20 23 25 28 30 32 34 36 38 40 42 44 46 48 50 52 53 55 57 59 61 63 65 66 68 70 71 73 75 77 79 81 83 85 87 89 90 92 94 96 98 100 101 102 104 105 107 108 111 113 115 117 119 123 127 129 131 133 135 141 143 149 151 153 285 372 
0 2 8 12 16 20 23 25 28 30 32 34 36 38 40 42 44 46 48 50 52 53 55 57 59 61 63 65 66 68 70 71 73 75 77 79 81 83 85 87 89 90 92 94 96 98 100 101 102 104 105 107 109 111 113 115 117 119 123 125 129 131 133 137 142 143 149 151 153 280 358 
0 2 8 12 14 20 23 25 28 30 32 34 36 38 40 42 44 46 48 50 52 53 55 57 59 61 63 65 66 68 70 71 73 75 77 79 81 83 85 87 89 90 92 94 96 98 100 101 102 104 105 107 109 111 113 115 117 119 123 125 129 131 133 134 141 143 149 151 153 281 358 
1 6 8 12 14 20 23 25 28 30 32 34 36 38 39 42 44 46 48 50 52 53 55 57 59 61 62 65 66 68 70 71 73 75 77 79 81 83 85 87 89 90 92 94 96 98 100 101 102 104 105 107 109 111 113 115 116 119 121 127 129 131 133 137 141 143 149 151 153 302 371 
1 6 8 10 16 20 23 25 28 30 32 34 36 38 39 42 44 46 48 50 52 53 55 57 59 61 62 65 66 68 70 71 73 75 77 79 81 83 85 87 89 90 92 94 96 98 100 101 102 104 105 107 109 111 113 115 116 119 123 125 129 131 133 136 141 143 149 151 153 301 371 
0 2 8 12 16 20 23 25 28 30 32 34 36 38 39 42 44 46 48 50 52 53 55 57 59 61 63 65 66 68 70 71 73 75 77 79 81 83 85 87 89 90 92 94 96 98 100 101 102 104 105 107 109 111 113 114 116 119 123 127 129 131 133 135 141 143 149 151 153 304 366 
0 2 8 12 16 20 23 25 28 30 32 34 36 38 39 42 44 46 48 50 52 53 55 57 59 61 63 65 66 68 70 71 73 75 77 79 81 83 85 87 89 90 92 94 96 98 100 101 102 103 105 107 109 111 113 115 116 119 123 127 129 131 133 134 141 143 149 151 153 303 366 
1 6 8 10 14 21 23 25 28 30 32 34 36 38 40 42 44 46 48 50 52 53 55 57 59 61 63 65 66 68 70 71 73 75 77 79 81 83 85 87 89 90 92 94 96 98 100 101 102 104 105 107 108 111 113 115 116 119 123 127 129 131 133 136 141 143 149 151 153 306 372 
1 6 8 12 16 21 23 25 28 30 32 34 36 38 40 42 44 46 48 50 52 53 55 57 59 61 63 65 66 68 70 71 73 75 77 79 81 83 85 87 89 90 92 94 96 98 100 101 102 104 105 107 109 111 113 115 117 119 121 125 129 131 133 136 141 143 149 151 153 305 375 
1 2 8 9 16 20 23 25 28 30 32 34 36 38 40 42 44 46 48 50 52 53 55 57 59 61 63 65 66 68 70 71 73 75 77 79 81 83 85 87 89 90 92 94 96 98 100 101 102 104 105 107 109 111 113 115 117 119 121 124 129 131 133 135 141 143 149 151 153 308 372 
1 6 8 10 16 20 23 25 28 30 32 34 36 38 40 42 44 46 48 50 52 53 55 57 59 61 63 65 66 68 70 71 73 75 77 79 81 83 85 87 89 90 92 94 96 98 100 101 102 104 105 107 109 111 113 115 117 119 123 124 129 131 133 136 141 143 149 151 153 307 375 
0 2 8 9 15 20 23 25 28 30 32 34 36 38 39 42 44 46 48 50 52 53 55 57 59 61 63 65 66 68 70 71 73 75 77 79 80 83 85 87 89 90 92 94 96 98 100 101 102 104 105 107 109 111 113 115 116 119 120 124 129 131 133 135 141 143 149 151 153 310 366 
0 2 8 9 13 18 23 25 28 30 32 34 36 38 39 42 44 46 48 50 52 53 55 57 59 61 63 65 66 68 70 71 73 75 77 79 80 83 85 87 89 90 92 94 96 98 100 101 102 104 105 107 109 111 113 115 117 119 120 124 129 131 133 137 141 143 149 151 153 309 366 
1 2 8 10 14 18 23 25 28 30 32 34 36 38 40 42 44 46 48 50 52 53 55 57 59 61 63 65 66 68 70 71 73 75 77 79 81 83 85 87 89 90 92 94 96 98 100 101 102 104 105 107 109 111 113 114 117 119 121 127 129 131 133 134 141 143 149 151 153 334 372 
1 2 8 10 16 18 23 25 28 30 32 34 36 38 40 42 44 46 48 50 52 53 55 57 59 61 63 65 66 68 70 71 73 75 77 79 81 83 85 87 89 90 92 94 96 98 100 101 102 104 105 107 109 111 113 114 117 119 121 125 129 131 133 134 141 143 149 151 153 335 372 
1 6 8 9 16 21 23 25 28 30 32 34 36 38 40 42 44 46 48 50 52 53 55 57 59 61 63 65 66 68 70 71 73 75 77 79 81 83 85 87 89 90 92 94 96 98 100 101 102 104 105 107 109 111 113 115 117 119 123 124 129 131 133 136 141 143 149 151 153 332 375 
0 6 8 12 14 21 23 25 28 30 32 34 36 38 40 42 44 46 48 50 52 53 55 57 59 61 63 65 66 68 70 71 73 75 77 79 81 83 85 86 89 90 92 94 96 98 100 101 102 104 105 107 109 111 113 115 117 119 121 127 129 131 133 136 141 143 149 151 153 333 358 
0 6 8 10 16 21 23 25 28 30 32 34 36 38 40 42 44 46 48 50 52 53 55 57 59 61 63 65 66 68 70 71 73 75 77 79 81 83 85 86 89 90 92 94 96 98 100 101 102 104 105 107 109 111 113 115 117 119 123 125 129 131 133 135 141 143 149 151 153 330 358 
0 2 8 9 14 18 23 25 28 30 32 34 36 38 39 42 44 46 48 50 52 53 55 57 59 61 63 65 66 68 70 71 73 75 77 79 81 83 85 87 89 90 92 94 96 98 100 101 102 104 105 107 108 111 113 115 117 119 120 124 129 131 133 134 141 143 149 151 153 331 366 
1 6 8 9 16 21 23 25 28 30 32 34 36 38 40 42 44 46 48 50 52 53 55 57 59 61 63 65 66 68 70 71 73 75 77 79 81 83 85 87 89 90 92 94 96 98 100 101 102 104 105 107 109 111 113 115 117 119 120 124 129 131 133 136 141 143 149 151 153 328 375 
1 2 8 9 13 18 23 25 28 30 32 34 36 38 40 42 44 46 48 50 52 53 55 57 59 61 63 65 66 68 70 71 73 75 77 79 81 83 85 87 89 90 92 94 96 98 100 101 102 104 105 107 109 111 113 115 117 119 120 127 129 131 133 136 141 143 148 151 153 329 359 
1 6 8 12 16 20 23 25 28 30 32 34 35 38 39 42 44 46 48 50 52 53 55 57 59 61 63 65 66 68 70 71 73 75 77 79 81 83 85 87 89 90 92 94 96 98 100 101 102 104 105 107 109 111 113 115 117 119 123 125 129 130 133 137 141 143 149 151 153 342 376 
1 6 8 12 14 20 23 25 28 30 32 34 35 38 39 42 44 46 48 50 52 53 55 57 59 61 63 65 66 68 70 71 73 75 77 79 81 83 85 87 89 90 92 94 96 98 100 101 102 104 105 107 109 111 113 115 117 119 123 127 129 130 133 135 141 143 149 151 153 343 376 
1 6 8 9 16 21 23 25 28 30 32 34 36 38 40 42 44 46 48 50 52 53 55 57 59 61 63 65 66 68 70 71 73 75 77 79 81 83 85 87 89 90 92 94 96 98 99 101 102 104 105 107 109 111 113 115 117 119 120 124 129 131 133 136 141 143 149 151 153 159 372 
1 3 7 9 13 18 22 25 28 30 32 34 36 38 40 42 44 46 48 50 52 53 55 57 59 61 63 65 66 68 70 71 73 75 77 79 81 83 85 87 89 90 92 94 96 98 100 101 102 104 105 107 109 111 113 115 117 119 120 124 129 131 133 137 141 146 149 151 153 158 354 
1 2 7 9 13 18 23 25 28 30 32 34 36 38 40 42 44 46 48 50 52 53 55 57 59 61 63 65 66 68 70 71 73 75 77 79 81 83 85 87 89 90 92 94 96 98 100 101 102 104 105 107 109 111 113 115 117 119 120 124 129 131 133 136 141 145 149 151 153 157 356 
1 3 7 9 13 18 23 25 28 30 32 34 36 38 40 42 44 46 48 50 52 53 55 57 59 61 63 65 66 68 70 71 73 75 77 79 81 83 85 87 89 90 92 94 96 98 100 101 102 104 105 107 109 111 113 115 117 119 120 124 129 131 133 137 141 145 149 151 153 156 356 
0 2 8 12 16 20 23 25 28 30 32 34 36 38 40 42 44 46 48 50 52 53 55 57 59 61 63 65 66 68 70 71 73 75 77 79 81 83 85 87 89 90 92 94 96 98 100 101 102 104 105 107 109 111 113 115 117 119 123 127 129 131 133 136 141 143 149 151 153 163 358 
1 2 8 10 16 18 22 25 28 30 32 34 36 38 39 42 44 46 48 50 52 53 55 57 59 61 63 65 66 68 70 71 73 75 77 79 81 83 85 87 89 90 92 94 96 98 100 101 102 104 105 107 109 111 113 115 117 119 121 127 129 131 133 137 141 144 149 151 153 162 369 
1 2 8 10 16 18 22 25 28 30 32 34 36 38 39 42 44 46 48 50 52 53 55 57 59 61 63 65 66 68 70 71 73 75 77 79 81 83 85 87 89 90 92 94 96 98 100 101 102 104 105 107 109 111 113 115 117 119 121 127 129 131 133 134 141 144 149 151 153 161 369 
1 2 7 9 13 20 23 25 28 30 32 34 36 38 40 42 44 46 48 50 52 53 55 57 59 61 63 65 66 68 70 71 73 75 77 79 81 83 85 87 89 90 92 94 96 98 100 101 102 104 105 107 109 111 113 115 117 119 120 125 129 131 133 136 141 146 149 151 153 160 364 
1 6 8 9 14 20 23 25 28 30 32 34 36 38 40 42 44 46 48 50 52 53 55 57 59 61 63 65 66 68 70 71 73 75 77 79 81 83 85 87 89 90 92 94 96 98 100 101 102 104 105 107 109 111 113 115 117 119 120 124 129 131 133 136 141 144 149 151 153 155 364 
1 2 8 10 16 18 23 25 28 29 31 34 36 38 40 42 44 45 48 50 52 53 55 57 59 61 63 65 66 68 70 71 73 75 77 79 81 83 85 87 89 90 92 94 96 98 100 101 102 104 105 107 109 111 113 115 117 119 123 125 129 131 133 135 142 143 149 151 153 154 355 
1 6 8 12 14 20 23 25 28 30 32 34 36 38 40 42 44 46 48 50 52 53 55 57 59 61 63 65 66 68 70 71 73 75 77 79 81 83 85 87 89 90 92 94 96 98 100 101 102 104 105 107 109 111 113 115 117 119 121 127 129 131 133 137 141 143 149 151 153 172 375 
1 6 8 12 16 20 23 25 28 29 32 34 36 37 40 42 44 45 48 50 52 53 55 57 59 61 63 65 66 68 70 71 73 75 77 79 81 83 85 87 89 90 92 94 96 98 100 101 102 104 105 107 109 111 113 115 117 119 123 127 129 131 133 136 142 143 149 151 152 173 365 
1 2 8 12 16 20 23 25 28 29 31 34 36 38 40 42 44 46 47 50 52 53 55 57 59 61 63 65 66 68 70 71 73 75 77 79 81 83 85 86 89 90 91 94 96 98 100 101 102 104 105 107 109 111 113 115 117 119 123 127 129 131 133 136 142 143 149 151 153 174 355 
1 6 8 12 16 20 23 25 28 29 32 34 36 38 40 42 44 46 47 50 52 53 55 57 59 61 63 65 66 68 70 71 73 75 77 79 81 83 85 86 89 90 92 94 96 98 100 101 102 104 105 107 109 111 113 115 117 119 123 127 129 131 133 136 142 143 149 151 153 175 372 
1 6 8 12 16 20 23 25 28 30 32 34 36 38 39 42 44 46 48 50 52 53 55 57 59 61 63 65 66 68 70 71 73 75 77 79 81 83 85 87 89 90 92 94 96 98 100 101 102 104 105 107 109 110 113 115 117 118 123 127 129 131 133 136 141 143 149 151 153 176 371 
0 4 8 12 16 20 23 25 28 29 32 34 36 38 40 42 44 46 48 50 52 53 55 57 59 61 63 65 66 68 70 71 73 75 77 79 81 83 85 87 89 90 92 94 96 98 100 101 102 104 105 107 109 111 113 115 117 119 123 127 129 131 133 139 141 143 149 151 153 177 361 
1 2 8 12 16 20 23 25 28 29 31 34 36 38 40 41 44 46 48 50 52 53 55 57 59 61 63 65 66 68 70 71 73 75 77 79 80 83 85 87 89 90 92 94 96 98 100 101 102 104 105 107 109 111 113 115 117 119 123 127 129 131 133 136 142 143 149 151 153 178 355 
0 3 8 12 16 19 23 25 28 29 31 34 36 37 40 42 44 46 48 50 52 53 55 57 59 61 63 65 66 68 70 71 73 75 77 79 81 83 85 87 89 90 92 94 96 98 100 101 102 104 105 107 109 111 113 115 117 119 123 127 129 131 133 139 141 143 149 151 153 179 355 
0 3 8 10 16 17 23 25 28 30 32 34 36 37 39 42 44 45 47 50 52 53 55 57 59 61 63 65 66 68 70 71 73 75 77 79 81 83 85 87 89 90 92 94 96 98 100 101 102 104 105 107 109 111 113 115 117 119 123 127 129 131 133 139 141 143 149 151 153 169 355 
1 2 8 12 16 20 23 25 28 29 32 34 36 37 39 42 44 45 47 50 52 53 55 57 59 61 63 65 66 68 70 71 73 75 77 79 81 82 85 87 89 90 92 94 96 98 100 101 102 104 105 107 109 111 113 115 117 119 123 127 129 131 133 136 141 143 149 151 153 170 372 
0 6 8 12 16 20 23 25 28 30 32 34 36 38 40 42 44 46 48 50 52 53 55 57 59 61 63 65 66 68 70 71 73 75 77 79 81 83 85 86 89 90 92 94 96 98 100 101 102 104 105 107 109 111 113 115 117 119 123 127 129 131 133 136 141 143 149 151 153 314 358 
1 3 7 9 13 21 23 25 28 30 32 34 36 38 39 42 44 46 48 50 52 53 55 57 59 61 63 65 66 68 70 71 73 75 77 79 81 83 85 87 89 90 92 94 96 98 100 101 102 104 105 107 109 111 113 115 117 119 120 124 129 131 133 139 141 146 149 151 153 313 364 
1 4 7 9 13 18 22 25 28 30 32 34 36 38 40 42 44 46 48 50 52 53 55 57 59 61 63 65 66 68 70 71 73 75 77 79 81 83 85 87 89 90 92 94 96 98 100 101 102 104 105 107 109 111 113 115 117 119 120 125 129 131 133 134 141 146 149 151 153 316 354 
1 2 7 9 14 21 23 25 28 30 32 34 36 38 40 42 44 46 48 50 52 53 55 57 59 61 63 65 66 68 70 71 73 75 77 79 81 83 85 87 89 90 92 94 96 98 100 101 102 104 105 107 109 111 113 115 117 119 120 124 129 131 133 137 141 143 149 151 153 315 364 
0 3 7 12 13 18 23 25 28 30 32 34 36 38 39 42 44 46 48 50 52 53 55 57 59 61 63 65 66 68 70 71 73 75 77 79 81 83 85 87 89 90 92 94 96 98 100 101 102 104 105 107 109 111 113 115 117 119 120 124 129 131 133 139 141 146 149 151 153 269 377 
0 6 8 9 13 21 23 25 28 30 32 34 36 38 39 42 44 46 48 50 52 53 55 57 59 61 63 65 66 68 70 71 73 75 77 79 81 83 85 87 89 90 92 94 96 98 100 101 102 104 105 107 108 111 113 115 117 119 123 124 129 131 133 135 141 143 149 151 153 268 358 
1 6 8 12 16 17 23 25 28 30 32 34 36 38 39 42 44 46 48 50 52 53 55 57 59 61 63 65 66 68 70 71 73 75 77 79 81 83 85 87 89 90 92 94 96 98 100 101 102 104 105 107 109 111 112 115 117 119 123 127 129 131 133 136 141 143 149 151 153 312 372 
1 2 8 12 14 17 23 25 28 30 32 34 36 38 39 42 44 46 48 50 52 53 55 57 59 61 63 65 66 68 70 71 73 75 77 79 81 83 85 87 89 90 92 94 96 98 100 101 102 104 105 107 109 111 113 115 117 118 123 125 128 131 133 134 141 143 149 151 153 311 371 
1 6 8 12 16 21 23 25 28 29 32 34 36 38 40 42 44 46 48 50 52 53 55 57 59 61 63 65 66 68 70 71 73 75 77 79 81 83 85 87 89 90 92 94 96 98 100 101 102 104 105 107 109 111 113 115 117 119 121 125 129 131 133 137 141 143 149 151 153 236 375 
1 2 8 10 14 18 23 25 28 29 32 34 36 38 40 42 43 46 48 50 52 53 55 57 59 61 63 65 66 68 70 71 73 75 77 79 81 83 85 87 89 90 92 94 96 98 100 101 102 104 105 107 109 111 113 115 117 118 123 127 129 131 133 135 141 143 149 150 153 222 368 
1 2 8 9 13 21 23 25 28 29 32 34 36 38 39 42 43 46 48 50 52 53 54 57 59 61 63 65 66 68 70 71 73 75 77 79 81 83 85 87 89 90 92 94 96 98 100 101 102 104 105 107 109 111 113 115 117 119 120 125 129 131 133 137 141 147 149 151 153 272 370 
1 6 8 12 16 17 23 25 28 30 32 34 36 38 40 42 44 46 48 50 52 53 55 57 59 61 63 65 66 68 70 71 73 75 77 79 81 83 85 87 89 90 92 94 96 98 100 101 102 104 105 107 109 110 113 115 116 119 123 127 129 131 133 136 141 143 149 151 153 273 372 
1 3 7 9 13 18 23 25 28 30 32 34 36 38 40 42 43 46 48 50 52 53 55 57 59 61 63 65 66 68 70 71 73 75 77 79 81 83 85 87 88 90 92 94 96 98 100 101 102 104 105 107 109 111 113 115 117 119 120 127 129 131 133 136 141 145 149 151 153 270 356 
1 6 8 9 16 21 23 25 28 30 32 34 36 38 40 42 44 46 48 50 52 53 55 57 59 61 63 65 66 68 70 71 73 75 77 79 81 83 85 87 89 90 92 94 96 98 100 101 102 104 105 107 109 111 113 115 117 119 120 124 129 131 133 137 141 143 149 151 153 271 375 
1 2 8 9 13 18 23 25 28 30 31 34 36 38 40 42 44 46 48 50 52 53 55 57 59 61 63 65 66 68 70 71 73 75 77 79 81 83 85 87 89 90 91 94 96 98 100 101 102 104 105 107 109 111 113 115 117 119 120 125 129 131 133 137 141 143 149 151 153 276 355 
0 6 8 9 13 21 23 25 28 30 32 34 36 38 40 42 44 46 48 50 52 53 55 57 59 61 63 65 66 68 70 71 73 75 77 79 81 83 85 87 89 90 92 94 96 98 100 101 102 104 105 107 109 110 113 115 117 119 122 124 129 131 133 136 141 144 149 151 153 277 357 
0 6 8 9 13 21 23 25 28 30 32 34 36 38 40 42 44 46 48 50 52 53 55 57 59 61 63 65 66 68 70 71 73 75 77 79 81 83 85 87 89 90 92 94 96 98 100 101 102 104 105 107 108 111 113 115 117 119 120 124 129 131 133 134 141 146 149 151 153 274 377 
1 2 8 9 13 21 23 26 28 30 32 34 36 38 40 42 44 46 48 49 52 53 55 57 59 61 63 65 66 68 70 71 73 75 77 79 80 83 85 87 89 90 92 94 96 97 100 101 102 104 105 107 109 111 113 115 117 119 120 124 129 131 133 136 141 144 149 151 153 275 367 
1 6 8 9 13 21 23 26 28 30 32 34 36 38 40 42 44 46 48 49 52 53 55 57 59 61 63 65 66 68 70 71 73 75 77 79 81 82 85 87 89 90 92 94 96 97 100 101 102 104 105 107 109 111 113 115 117 119 120 124 129 131 133 134 141 143 149 151 153 278 374 
0 3 7 10 13 18 23 25 28 30 32 34 36 38 40 42 44 46 48 50 52 53 55 57 58 61 63 65 66 68 70 71 73 75 77 79 81 83 85 87 89 90 92 94 96 98 100 101 102 104 105 107 109 111 113 115 117 119 120 125 129 131 133 135 141 144 149 151 153 279 357 
1 6 8 12 16 17 23 24 28 30 32 34 36 37 40 42 44 46 48 50 52 53 55 57 59 61 63 65 66 68 70 71 73 75 77 79 81 82 85 87 89 90 92 94 96 98 100 101 102 104 105 107 109 111 113 115 117 119 123 127 129 131 133 136 142 143 149 151 153 255 365 
1 5 8 11 15 20 22 25 28 30 32 34 36 38 40 42 44 46 48 50 52 53 55 57 59 61 63 65 66 68 70 71 73 75 77 79 81 83 85 87 89 90 92 94 96 98 100 101 102 104 105 107 109 111 113 115 117 119 122 126 129 131 133 140 141 143 149 151 153 254 372 
0 2 8 12 16 20 22 25 28 30 32 34 36 38 40 42 44 46 48 50 52 53 55 57 59 61 63 65 66 68 70 71 73 75 77 79 81 83 85 87 89 90 92 94 96 98 100 101 102 104 105 107 109 111 113 115 117 119 123 127 129 131 133 135 141 143 149 151 153 253 358 
0 2 8 12 14 18 22 25 28 30 32 34 36 38 40 42 44 46 48 50 52 53 55 57 59 61 63 65 66 68 70 71 73 75 77 79 81 83 85 87 89 90 92 94 96 98 100 101 102 104 105 107 109 111 113 115 117 119 123 125 129 131 133 135 141 143 149 151 153 252 358 
1 2 8 12 16 18 22 25 28 30 32 34 36 38 40 42 44 46 48 50 52 53 55 57 59 61 63 65 66 68 70 71 73 75 77 79 81 83 85 87 89 90 92 94 96 98 100 101 102 104 105 107 109 111 113 115 117 119 123 127 129 131 133 136 141 143 149 151 153 251 372 
1 6 8 12 16 21 22 25 28 30 32 34 36 38 40 42 44 46 48 50 52 53 55 57 59 61 63 65 66 68 70 71 73 75 77 79 81 83 85 87 89 90 92 94 96 98 100 101 102 104 105 107 109 110 113 115 117 119 123 125 129 131 133 137 141 143 149 151 153 250 372 
1 2 8 12 16 20 22 25 28 30 32 34 36 38 39 42 44 46 48 50 52 53 55 57 59 61 63 65 66 68 70 71 73 75 77 79 81 83 85 87 89 90 92 94 96 98 100 101 102 104 105 107 109 111 113 115 117 119 123 127 129 131 132 136 141 143 149 151 153 249 371 
0 2 8 12 16 18 22 25 28 30 32 34 36 38 40 42 44 46 48 50 52 53 55 57 59 61 63 65 66 68 70 71 73 75 77 79 81 83 85 87 89 90 92 94 96 98 100 101 102 104 105 107 109 111 113 115 117 119 123 127 129 131 133 134 141 143 149 151 153 248 358 
0 2 8 12 16 18 22 25 28 30 32 34 36 38 40 42 44 46 48 50 52 53 55 57 59 61 63 65 66 68 70 71 73 75 77 79 81 83 85 87 89 90 92 94 96 98 100 101 102 104 105 107 109 111 113 115 117 119 123 127 129 131 133 135 141 143 149 151 153 257 358 
0 2 8 9 13 18 22 25 28 30 32 34 36 38 39 42 44 46 48 50 52 53 55 57 59 61 63 65 66 68 70 71 73 75 77 79 81 83 85 87 89 90 92 94 96 98 100 101 102 104 105 107 109 111 113 115 116 119 120 124 129 131 133 137 141 143 149 151 153 256 366 
0 2 8 12 16 20 23 25 28 30 32 34 36 38 40 42 44 46 48 50 52 53 55 57 59 61 63 65 66 68 70 71 73 75 77 79 81 83 85 87 89 90 92 94 96 98 100 101 102 104 105 107 109 111 113 115 117 119 123 127 129 131 133 136 141 143 149 151 153 218 358 
1 2 7 9 13 21 23 25 28 30 32 34 36 38 40 42 44 46 48 50 52 53 55 57 59 61 63 65 66 68 70 71 73 75 77 79 81 83 85 87 89 90 92 94 96 98 100 101 102 104 105 107 109 111 113 115 117 119 120 124 129 131 133 140 141 145 149 151 153 219 363 
0 6 8 10 16 20 23 25 28 30 32 34 36 38 40 42 44 46 48 50 52 53 55 57 59 61 63 65 66 68 70 71 73 75 77 79 81 83 85 86 89 90 92 94 96 98 100 101 102 104 105 107 109 111 113 115 117 119 123 127 129 131 133 135 141 143 149 151 153 220 358 
1 2 8 12 16 20 23 25 28 30 32 34 36 38 40 42 44 46 48 50 52 53 55 57 59 61 63 65 66 68 70 71 73 75 77 79 81 83 85 87 89 90 92 94 96 98 100 101 102 104 105 107 109 110 113 115 117 119 123 127 129 131 133 135 141 143 149 151 153 221 372 
1 4 7 9 13 21 23 25 28 30 32 34 36 38 40 42 44 46 48 50 52 53 55 57 59 61 63 65 66 68 70 71 73 75 77 79 81 83 85 87 89 90 92 94 96 98 100 101 102 104 105 107 109 111 113 115 117 119 120 124 129 131 133 134 141 145 149 151 153 214 363 
1 4 7 9 13 21 23 25 28 30 32 34 36 38 40 42 44 46 48 50 52 53 55 57 59 61 63 65 66 68 70 71 73 75 77 79 81 83 85 87 89 90 92 94 96 98 100 101 102 104 105 107 109 111 113 115 117 119 120 124 129 131 133 134 141 145 149 151 153 215 363 
0 2 8 12 16 20 23 25 28 30 32 34 36 38 40 42 44 46 48 50 52 53 55 57 59 61 63 65 66 68 70 71 73 75 77 79 81 83 85 87 89 90 92 94 96 98 100 101 102 104 105 107 109 111 113 115 117 119 123 127 129 131 133 137 141 143 149 151 153 216 358 
1 6 8 12 16 20 23 25 28 30 32 34 36 38 40 42 44 46 48 50 52 53 55 57 59 61 63 65 66 68 70 71 73 75 77 79 81 83 85 87 89 90 92 94 96 98 100 101 102 104 105 107 109 111 113 115 117 119 123 127 129 131 133 136 141 143 149 151 153 217 375 
1 2 8 12 16 20 22 25 28 30 32 34 36 38 40 42 44 46 48 50 52 53 55 57 59 61 63 65 66 68 70 71 73 75 77 79 81 83 85 87 89 90 92 94 96 98 100 101 102 104 105 106 109 111 113 115 117 119 123 127 129 131 133 135 141 143 149 151 153 223 372 
0 3 8 12 16 20 22 25 28 30 32 34 36 38 39 42 44 46 48 50 52 53 55 57 59 61 63 65 66 68 70 71 73 75 77 79 81 83 85 87 89 90 92 94 96 98 100 101 102 104 105 107 109 111 113 115 117 119 121 125 129 131 133 139 141 143 149 151 153 224 366 
0 2 8 10 14 20 22 25 28 30 32 34 36 38 39 42 44 46 48 50 52 53 55 57 59 61 63 65 66 68 70 71 73 75 77 79 81 83 85 87 89 90 92 94 96 98 100 101 102 104 105 107 109 111 113 115 117 119 123 127 129 131 133 139 141 143 149 151 153 238 366 
1 6 8 12 16 20 23 25 28 29 32 34 36 37 40 42 44 45 48 50 52 53 55 57 59 61 63 65 66 68 70 71 73 75 77 79 81 83 85 87 89 90 92 94 96 98 100 101 102 104 105 107 109 111 113 115 117 119 123 127 129 131 133 136 142 143 149 151 152 237 365 
0 2 8 12 16 20 23 25 28 30 32 34 36 38 40 42 44 46 48 50 52 53 55 57 59 61 63 65 66 68 70 71 73 75 77 79 81 83 85 87 89 90 92 94 96 98 100 101 102 104 105 107 109 111 113 115 117 119 123 127 129 131 133 135 141 143 149 151 153 240 358 
0 2 8 12 16 20 23 25 28 30 32 34 36 38 40 42 44 46 48 50 52 53 55 57 59 61 63 65 66 68 70 71 73 75 77 79 81 83 85 87 89 90 92 94 96 98 100 101 102 104 105 107 109 111 113 115 117 119 123 127 129 131 133 137 141 143 149 151 153 239 358 
1 6 8 12 16 20 23 25 28 30 32 34 36 38 39 42 44 46 48 50 52 53 55 57 59 61 63 65 66 68 70 71 73 75 77 79 81 83 85 87 89 90 92 94 96 98 100 101 102 104 105 107 109 110 113 115 117 118 123 127 129 131 133 136 141 143 149 151 153 242 371 
0 2 8 12 16 20 23 25 28 30 32 34 36 38 40 42 44 46 48 50 52 53 55 57 59 61 63 65 66 68 70 71 73 75 77 79 81 83 85 87 89 90 92 94 96 98 100 101 102 104 105 107 109 111 113 115 117 119 123 127 129 131 133 136 141 143 149 151 153 241 358 
1 6 8 12 14 20 23 25 28 30 32 34 36 38 39 42 44 46 48 50 52 53 55 57 59 61 63 65 66 68 70 71 73 75 77 79 81 83 84 87 89 90 92 94 96 98 100 101 102 104 105 107 109 111 113 115 117 118 123 127 129 131 133 136 141 143 149 151 153 244 371 
1 6 8 12 16 20 23 25 28 30 32 34 36 38 39 42 44 46 48 50 52 53 55 57 59 61 63 65 66 68 70 71 73 75 77 79 81 82 85 87 89 90 92 94 96 98 100 101 102 104 105 107 109 111 113 115 117 118 123 125 129 131 133 136 141 143 149 151 153 243 371 
1 2 8 12 16 18 23 25 28 30 32 34 36 38 40 42 44 46 48 50 52 53 55 57 59 61 63 65 66 68 70 71 73 75 77 79 81 83 85 87 89 90 92 93 96 98 100 101 102 104 105 107 109 111 113 115 117 119 123 127 129 131 133 136 141 143 149 151 153 246 372 
1 2 8 12 16 18 23 25 28 30 32 34 36 38 40 42 44 46 48 50 52 53 55 57 59 61 63 65 66 68 70 71 73 75 77 79 81 83 85 87 89 90 92 94 95 98 100 101 102 104 105 107 109 111 113 115 117 119 123 127 129 131 133 136 141 143 149 151 153 245 372 
1 6 8 12 16 20 23 25 28 29 31 34 36 38 40 41 44 46 48 50 52 53 55 57 59 61 63 65 66 68 70 71 73 75 77 79 80 83 85 87 89 90 92 94 96 98 100 101 102 104 105 107 109 111 113 115 117 119 123 127 129 131 133 136 142 143 149 151 153 210 355 
0 6 8 12 16 21 23 25 28 29 32 34 36 37 40 42 44 46 48 50 52 53 55 57 59 61 63 65 66 68 70 71 73 75 77 79 81 83 85 87 89 90 92 94 96 98 100 101 102 104 105 107 109 111 113 115 117 119 123 127 129 131 133 136 141 143 149 151 153 211 375 
1 6 8 12 16 20 23 25 28 30 32 34 36 38 39 42 44 46 48 50 52 53 55 57 59 61 63 65 66 68 70 71 73 75 77 79 81 82 85 87 89 90 92 94 96 98 100 101 102 104 105 107 109 111 113 115 117 118 123 127 129 131 133 136 141 143 149 151 153 208 371 
1 6 8 12 16 20 23 25 28 30 32 34 36 38 39 42 44 46 48 50 52 53 55 57 59 61 63 65 66 68 70 71 73 75 77 79 81 83 85 87 89 90 92 94 96 98 100 101 102 104 105 107 108 111 113 115 117 118 123 127 129 131 133 135 141 143 149 151 153 209 371 
0 2 8 12 16 17 23 25 28 30 32 34 36 37 39 42 44 45 47 50 52 53 55 57 59 60 63 65 66 68 70 71 73 75 77 79 81 83 85 87 89 90 92 94 96 98 100 101 102 104 105 107 109 111 113 115 117 119 121 127 129 131 133 134 141 143 149 151 153 206 366 
1 2 8 12 16 20 23 25 28 29 32 34 36 37 39 42 44 45 47 50 52 53 55 57 59 61 63 65 66 68 70 71 73 75 77 79 81 83 84 87 89 90 92 94 96 98 100 101 102 104 105 107 109 111 113 115 117 119 123 127 129 131 133 136 141 143 149 151 153 207 372 
0 6 8 12 16 20 23 25 28 30 32 34 36 38 40 42 44 46 48 50 52 53 55 57 59 61 63 65 66 68 70 71 73 75 77 79 81 83 85 86 89 90 92 94 96 98 100 101 102 104 105 107 109 111 113 115 117 119 123 127 129 131 133 136 141 143 149 151 153 204 358 
1 6 8 12 16 21 23 25 28 30 32 34 36 38 39 42 44 46 48 50 52 53 55 57 59 61 63 65 66 68 70 71 73 75 77 79 81 83 85 87 89 90 92 94 96 98 100 101 102 104 105 107 109 111 113 115 117 119 123 127 129 131 133 136 141 143 149 151 153 205 375 
0 2 8 12 16 20 23 25 28 30 32 34 36 38 39 42 44 46 48 50 52 53 55 57 59 60 63 65 66 68 70 71 73 75 77 79 81 83 85 87 89 90 92 94 96 98 100 101 102 104 105 107 109 111 113 115 116 119 123 127 129 131 133 139 141 143 149 151 153 212 366 
0 2 8 12 16 20 23 25 28 30 32 34 36 38 39 42 44 46 48 50 52 53 55 57 59 60 63 65 66 68 70 71 73 75 77 79 81 83 85 87 89 90 92 94 96 98 100 101 102 104 105 107 109 111 113 115 117 119 123 127 129 131 133 139 141 143 149 151 153 213 366 
0 2 8 12 16 20 23 25 28 30 32 34 36 38 39 42 44 46 48 50 52 53 55 57 59 61 63 65 66 68 69 71 73 75 77 79 81 83 85 87 89 90 92 94 96 98 100 101 102 104 105 107 109 111 113 115 116 119 123 127 129 131 133 140 141 143 149 151 153 171 366 
0 2 8 12 16 20 23 25 28 30 32 34 36 38 39 42 44 46 48 50 52 53 55 57 58 61 63 65 66 68 70 71 73 75 77 79 81 83 85 87 89 90 92 94 96 98 100 101 102 104 105 107 109 111 113 115 116 119 123 127 129 131 133 140 141 143 149 151 153 168 366 
0 2 8 9 16 18 23 25 28 30 32 34 36 38 40 42 44 46 48 50 52 53 55 56 59 61 63 65 66 68 70 71 73 75 77 79 81 83 85 87 89 90 92 94 96 98 100 101 102 104 105 107 109 111 113 115 117 119 123 124 129 131 133 135 141 143 149 151 153 167 358 
0 2 8 12 13 18 23 25 28 30 32 34 36 38 40 42 44 46 48 50 52 53 55 57 59 61 63 65 66 68 70 71 73 75 77 79 80 83 85 87 89 90 92 94 96 98 100 101 102 104 105 107 109 111 113 115 117 119 120 127 129 131 133 137 141 143 149 151 153 166 358 
0 2 8 12 14 17 22 25 28 30 32 34 36 38 40 42 44 46 48 50 52 53 55 57 58 61 63 65 66 68 70 71 73 75 77 79 81 83 85 87 89 90 92 94 96 98 100 101 102 104 105 107 109 111 113 115 117 119 123 127 129 131 133 138 141 143 149 151 153 190 358 
0 2 8 12 16 17 23 25 28 30 32 34 36 38 40 42 44 46 48 50 52 53 55 57 59 61 63 65 66 68 70 71 73 75 77 79 81 83 85 87 89 90 92 94 96 98 100 101 102 104 105 107 109 111 113 115 117 119 123 125 129 131 133 138 141 143 149 151 153 193 358 
1 2 7 9 13 18 23 25 28 30 32 34 36 38 40 42 44 46 48 50 52 53 55 57 59 61 63 65 66 68 70 71 73 75 77 79 81 83 85 87 89 90 92 94 96 98 100 101 102 104 105 107 109 111 113 115 117 119 120 124 129 131 133 136 141 145 149 151 153 247 356 
1 3 7 9 13 18 23 25 28 30 32 34 36 38 40 42 44 46 48 50 51 53 55 57 59 61 63 65 66 68 70 71 73 75 77 79 81 83 85 87 89 90 92 94 96 98 100 101 102 104 105 107 109 111 113 115 117 119 120 124 129 131 133 136 141 145 149 151 153 292 356 
1 6 8 12 16 17 23 25 28 29 32 34 36 37 40 42 44 45 48 50 52 53 55 57 59 61 63 65 66 68 70 71 73 75 77 79 81 83 84 87 89 90 92 94 96 98 100 101 102 104 105 107 109 111 113 115 117 119 123 127 129 131 133 136 141 143 149 151 153 164 372 
1 6 8 12 16 17 23 25 28 29 32 34 36 37 40 42 44 45 48 50 52 53 55 57 59 61 63 65 66 68 70 71 73 75 77 79 81 83 85 86 89 90 92 94 96 98 100 101 102 104 105 107 109 111 113 115 117 119 123 127 129 131 133 136 141 143 149 151 153 318 372 
0 2 8 12 16 18 22 25 28 29 32 34 36 38 40 42 44 46 48 50 52 53 55 57 58 61 63 65 66 68 70 71 73 75 77 79 81 83 85 87 89 90 92 94 96 98 100 101 102 104 105 107 109 111 113 115 117 119 123 125 129 131 133 135 141 143 149 151 153 336 358 
0 2 8 12 14 18 22 25 28 29 32 34 36 38 40 42 44 46 48 50 52 53 55 57 58 61 63 65 66 68 70 71 73 75 77 79 81 83 85 87 89 90 92 94 96 98 100 101 102 104 105 107 109 111 113 115 117 119 123 127 129 131 133 135 141 143 149 151 153 337 358 
1 6 8 12 16 17 23 25 28 30 32 34 36 38 40 42 44 46 48 50 52 53 55 57 59 61 63 65 66 68 70 71 73 75 77 79 81 83 85 87 89 90 92 94 96 98 100 101 102 104 105 107 108 111 113 115 116 119 123 127 129 131 133 135 141 143 149 151 153 338 372 
1 2 8 12 16 17 23 25 28 30 32 34 36 38 40 42 44 46 48 50 52 53 55 57 59 61 63 65 66 67 70 71 73 75 77 79 81 83 85 87 89 90 92 94 96 98 100 101 102 104 105 107 109 111 113 115 116 119 123 127 129 131 133 134 141 143 149 151 153 339 372 
1 6 8 12 16 17 23 25 28 30 32 34 36 38 39 42 44 46 48 50 52 53 55 57 59 61 63 65 66 68 70 71 73 75 77 79 81 83 85 87 89 90 92 94 96 98 100 101 102 104 105 107 109 111 112 115 117 119 123 127 129 131 133 136 141 143 149 151 153 340 372 
1 6 8 12 16 17 23 25 28 30 32 34 36 38 39 42 44 46 48 50 52 53 55 56 59 61 63 65 66 68 70 71 73 75 77 79 81 83 85 87 89 90 92 94 96 98 100 101 102 104 105 107 109 111 113 115 117 119 123 127 129 131 133 136 141 143 149 151 153 341 372 
1 6 8 12 14 17 23 25 28 30 32 34 36 38 39 42 44 46 48 50 52 53 55 57 59 61 63 65 66 68 70 71 73 75 77 79 80 83 85 87 89 90 92 94 96 98 100 101 102 104 105 107 109 111 113 115 117 118 123 125 129 131 133 137 141 143 149 151 153 227 371 
1 6 8 9 14 21 23 25 28 29 32 34 36 38 39 42 43 46 48 50 52 53 55 57 59 61 63 65 66 68 70 71 73 75 77 79 81 82 85 87 89 90 92 94 96 98 100 101 102 104 105 107 109 111 113 115 117 119 120 124 129 131 133 136 141 147 149 151 153 317 370 
0 2 8 12 16 17 23 25 28 30 32 34 36 38 39 42 44 46 48 50 52 53 55 57 59 61 63 65 66 68 70 71 73 74 77 79 81 83 85 87 89 90 92 94 96 98 100 101 102 104 105 107 109 111 113 115 117 119 123 127 129 131 133 137 141 143 149 151 153 191 358 
0 6 8 12 16 17 23 25 28 30 32 34 36 38 39 42 44 46 48 50 52 53 55 57 59 61 63 65 66 68 70 71 73 75 76 79 81 83 85 87 89 90 92 94 96 98 100 101 102 104 105 107 109 111 113 115 117 119 123 127 129 131 133 136 141 143 149 151 153 192 358 
1 6 8 12 16 17 23 25 28 30 32 34 36 38 40 42 44 46 48 50 52 53 55 57 59 61 63 65 66 68 70 71 73 75 77 79 81 83 85 87 89 90 92 94 96 98 100 101 102 104 105 107 109 110 113 115 116 119 123 127 129 131 133 136 141 143 149 151 153 349 372 
1 6 8 12 16 17 23 25 28 30 32 34 36 38 40 42 44 46 48 50 52 53 55 57 59 61 63 65 66 68 70 71 73 75 77 79 81 82 85 87 89 90 92 94 96 98 100 101 102 104 105 107 109 111 113 115 116 119 123 127 129 131 133 136 141 143 149 151 153 348 372 
1 2 8 10 16 17 23 25 28 30 32 34 36 38 40 42 44 46 48 50 52 53 55 57 59 61 63 65 66 68 70 71 73 75 77 79 81 83 85 87 89 90 92 94 96 98 100 101 102 104 105 107 109 111 113 115 117 119 121 127 129 131 133 136 141 143 149 151 153 351 372 
1 2 8 10 16 17 23 25 28 30 32 34 36 38 40 42 44 46 48 50 52 53 55 57 59 61 63 65 66 68 70 71 73 75 77 79 81 83 85 87 89 90 92 94 96 98 100 101 102 104 105 107 109 111 113 115 117 119 121 127 129 131 133 135 141 143 149 151 153 350 372 
0 2 8 12 16 17 23 25 28 30 32 34 36 38 40 42 44 46 48 50 52 53 55 57 59 61 63 65 66 68 70 71 73 75 77 79 81 83 85 87 89 90 92 94 96 98 100 101 102 104 105 107 109 111 113 115 117 119 123 127 129 131 133 134 141 143 149 151 153 345 358 
0 2 8 12 16 17 23 25 28 30 32 34 36 38 40 42 44 46 48 50 52 53 55 57 59 61 63 65 66 68 70 71 73 75 77 79 81 83 85 87 89 90 92 94 96 98 100 101 102 104 105 107 109 111 113 115 117 119 123 127 129 131 133 134 141 143 149 151 153 344 358 
1 2 8 9 14 18 23 25 28 30 31 34 36 38 40 42 44 46 48 50 52 53 55 57 59 61 63 65 66 68 70 71 73 75 77 79 81 83 85 87 89 90 91 94 96 98 100 101 102 104 105 107 109 111 113 115 117 119 120 124 129 131 133 136 141 143 149 151 153 347 355 
1 2 8 10 16 18 23 25 28 30 32 34 36 38 40 42 44 46 48 50 52 53 55 57 59 61 63 64 66 68 70 71 73 75 77 79 81 83 85 87 89 90 92 94 96 98 100 101 102 104 105 107 109 111 113 115 117 119 123 127 129 131 133 134 141 143 149 151 153 346 372 
1 2 8 12 16 18 23 25 28 30 32 34 36 38 40 42 44 46 48 50 52 53 55 57 59 60 63 65 66 68 70 71 73 75 77 79 81 83 85 87 89 90 92 94 96 98 100 101 102 104 105 107 109 111 113 115 117 119 121 127 129 131 133 134 141 143 149 151 153 353 372 
1 4 7 9 13 21 23 25 28 30 32 34 36 38 40 42 44 46 48 50 52 53 55 57 59 61 63 65 66 68 70 71 73 75 77 79 81 83 85 87 89 90 92 94 96 98 100 101 102 104 105 107 109 111 113 115 117 119 120 124 129 131 133 139 141 145 149 151 153 352 363 
1 2 7 9 13 21 23 25 28 30 32 34 36 38 40 42 44 46 48 50 52 53 55 57 59 61 63 65 66 68 70 71 73 75 77 79 81 83 85 87 89 90 92 94 96 98 100 101 102 104 105 107 109 111 113 115 117 119 120 124 129 131 133 136 141 145 149 151 153 322 363 
0 6 8 9 16 21 23 25 28 30 32 34 36 38 40 42 44 46 48 50 52 53 55 57 59 61 63 65 66 68 70 71 73 75 77 79 81 83 85 87 89 90 92 94 96 98 100 101 102 104 105 107 109 111 113 115 117 119 121 124 129 131 133 137 141 143 149 151 153 323 375 
0 2 8 12 16 17 23 25 28 30 32 34 36 38 39 42 44 46 48 50 52 53 55 57 59 60 63 65 66 68 70 71 73 75 77 79 81 83 85 87 89 90 92 94 96 98 100 101 102 104 105 107 109 111 113 115 116 119 123 127 129 131 133 138 141 143 149 151 153 320 366 
0 6 8 12 16 17 23 25 28 30 32 34 36 38 39 42 44 46 48 50 52 53 55 57 59 61 63 65 66 68 70 71 73 75 77 79 80 83 85 87 89 90 92 94 96 98 100 101 102 104 105 107 109 111 113 115 116 119 123 127 129 131 133 135 141 143 149 151 153 321 366 
0 2 8 12 16 17 23 25 28 30 32 34 36 38 40 42 44 46 48 50 52 53 55 57 58 61 63 65 66 68 70 71 73 75 77 79 81 83 85 87 89 90 92 94 96 98 100 101 102 104 105 107 109 111 113 115 117 119 123 125 129 131 133 135 141 143 149 151 153 326 358 
0 2 8 12 14 17 23 25 28 30 32 34 36 38 40 42 44 46 48 50 52 53 55 57 58 61 63 65 66 68 70 71 73 75 77 79 81 83 85 87 89 90 92 94 96 98 100 101 102 104 105 107 109 111 113 115 117 119 123 127 129 131 133 137 141 143 149 151 153 327 358 
0 2 8 9 16 18 22 25 28 30 32 34 36 38 40 42 44 46 48 50 52 53 55 57 59 61 62 65 66 68 70 71 73 75 77 79 81 83 85 87 89 90 92 94 96 98 100 101 102 104 105 107 109 111 113 115 116 119 123 124 129 131 133 137 141 143 149 151 153 324 358 
0 2 8 12 13 18 23 25 28 30 32 34 36 38 40 42 44 46 48 50 52 53 55 57 59 61 63 65 66 68 70 71 72 75 77 79 81 83 85 87 89 90 92 94 96 98 100 101 102 104 105 107 109 111 113 115 117 119 120 127 129 131 133 137 141 144 149 151 153 325 357 
1 6 8 12 16 17 23 24 28 30 32 34 36 37 40 42 44 46 48 50 52 53 55 57 59 61 63 65 66 68 70 71 73 75 77 79 81 82 85 87 89 90 92 94 96 98 100 101 102 104 105 107 109 111 113 115 117 119 123 127 129 131 133 136 142 143 149 151 153 165 365 
0 2 8 12 16 17 23 25 28 30 32 34 36 38 40 42 44 46 48 50 52 53 55 57 59 61 63 65 66 68 70 71 73 75 77 79 81 82 85 87 89 90 92 94 96 98 100 101 102 104 105 107 109 111 113 115 117 119 123 127 129 131 133 137 141 143 149 151 153 319 358 
0 6 8 12 16 17 23 25 28 30 32 34 36 38 40 42 44 46 48 50 52 53 55 57 59 61 63 65 66 68 70 71 73 75 77 79 81 82 85 87 89 90 92 94 96 98 100 101 102 104 105 107 109 111 113 115 117 119 123 127 129 131 133 136 141 143 149 151 153 300 358 
