9 16 20 39 42 55 67 70 87 
9 15 25 33 45 52 67 73 87 
7 16 20 39 42 50 67 70 87 
5 19 27 39 44 51 67 77 87 
3 16 20 30 42 55 67 70 87 
0 17 29 36 45 52 60 77 87 
2 16 20 39 42 52 67 70 87 
4 16 24 39 42 55 67 70 87 
4 16 20 39 42 55 63 70 83 
3 13 20 39 42 55 69 70 87 
2 16 20 39 46 55 67 70 87 
4 16 20 39 42 55 69 70 87 
9 12 22 30 42 54 61 72 87 
2 16 20 39 42 54 67 70 87 
0 18 21 37 45 57 62 76 81 
6 15 26 34 48 55 61 75 87 
3 16 20 39 42 55 69 70 87 
3 16 20 39 42 55 67 70 87 
1 18 23 35 40 52 61 70 80 
5 16 20 39 42 55 67 70 87 
6 12 24 37 47 52 62 72 81 
1 10 21 30 48 58 65 71 87 
7 16 20 39 42 55 69 70 87 
2 16 20 39 42 55 67 70 87 
9 13 22 34 42 58 67 74 87 
7 13 20 39 46 55 69 70 87 
9 16 20 39 42 55 69 70 87 
4 16 20 39 42 55 69 70 87 
2 16 22 39 42 55 63 70 87 
7 16 20 39 46 55 69 70 87 
4 16 20 39 42 55 67 70 87 
1 18 23 30 41 53 65 72 89 
4 16 20 31 42 55 67 70 87 
7 16 24 39 42 55 69 70 87 
4 16 20 39 42 55 69 70 87 
1 17 29 36 48 55 64 78 87 
5 13 20 39 46 55 65 70 87 
9 15 25 32 42 52 62 74 87 
4 10 22 30 48 58 65 76 87 
1 15 22 39 44 54 68 76 80 
5 17 29 31 41 52 65 75 89 
9 14 21 35 43 55 67 70 87 
1 17 29 34 41 55 64 71 87 
2 16 20 39 42 55 69 70 80 
7 18 23 34 40 57 61 79 87 
2 16 20 39 42 55 69 70 87 
3 16 20 30 42 55 67 70 87 
6 19 23 31 40 56 67 79 80 
8 10 27 39 42 54 69 70 83 
9 12 22 34 42 51 67 72 87 
1 12 26 31 44 53 61 71 80 
9 10 21 36 43 56 65 75 85 
1 10 21 35 41 56 65 70 87 
1 14 26 30 40 53 67 74 87 
0 17 29 39 44 59 67 78 87 
0 13 25 39 47 55 62 72 81 
9 13 22 39 48 52 62 70 87 
8 10 21 31 42 50 62 70 87 
9 12 21 33 44 54 61 71 87 
2 16 20 39 42 50 69 70 87 
8 17 29 39 43 56 67 75 87 
5 12 25 39 47 50 67 78 87 
2 16 20 39 42 55 69 70 87 
1 15 24 39 44 50 61 75 88 
3 16 20 39 42 55 67 70 87 
9 12 25 39 41 52 61 78 87 
0 12 27 30 40 57 64 78 84 
2 16 20 39 42 55 67 73 87 
9 16 22 39 42 55 69 70 87 
5 17 24 36 43 50 65 79 88 
2 12 22 31 42 55 65 73 87 
8 15 21 37 48 52 61 79 87 
1 14 25 39 44 51 67 73 89 
2 16 24 39 42 50 61 73 87 
2 16 25 39 42 55 69 70 87 
9 12 20 31 42 55 69 70 87 
7 16 20 39 42 54 67 70 87 
4 16 20 39 44 55 69 70 87 
4 13 24 39 46 55 65 70 87 
3 16 20 31 42 55 69 70 87 
9 13 20 39 42 55 67 70 87 
7 16 20 39 42 50 65 70 87 
7 10 23 36 41 57 65 71 85 
9 17 26 39 43 51 61 71 88 
7 12 26 34 47 56 61 72 87 
7 14 26 35 47 52 68 79 89 
3 16 20 39 42 55 67 70 87 
4 16 20 31 44 55 69 70 87 
2 16 20 39 42 55 67 70 87 
7 16 20 31 42 55 63 70 87 
3 16 20 39 42 55 67 70 87 
2 16 20 39 42 55 69 70 87 
4 16 20 39 42 55 67 70 87 
2 16 20 39 42 55 67 70 87 
4 16 20 31 42 55 63 70 87 
9 16 20 39 42 55 67 70 87 
8 14 28 31 43 59 69 78 88 
6 10 26 37 47 52 65 78 81 
1 12 21 39 43 53 67 71 80 
4 12 25 34 42 53 69 76 87 
3 16 24 39 42 55 67 70 87 
0 13 22 39 48 54 65 70 87 
1 17 29 37 43 55 64 79 84 
6 12 25 34 44 54 67 73 85 
1 17 29 36 42 52 61 70 87 
2 14 27 37 41 52 62 77 87 
2 16 20 39 42 55 69 75 87 
5 10 25 34 44 57 65 79 89 
2 12 20 31 42 50 62 75 80 
0 14 25 30 47 57 67 70 87 
1 12 22 37 42 52 65 75 89 
1 17 29 30 43 56 64 70 87 
7 12 24 39 42 54 67 70 87 
2 16 20 39 42 53 63 70 87 
0 12 22 39 42 50 67 73 87 
3 10 21 37 40 52 65 76 84 
2 16 20 39 40 54 63 70 87 
7 13 20 39 42 50 67 70 87 
2 16 24 31 42 55 67 70 87 
3 13 20 39 42 50 67 70 87 
1 17 29 31 43 52 62 75 89 
9 12 21 39 41 52 62 75 87 
9 15 26 38 49 58 64 71 87 
2 16 20 39 42 55 69 70 87 
6 10 22 38 40 52 65 76 83 
7 16 20 39 42 55 67 70 87 
0 12 21 34 47 52 63 74 80 
2 16 20 39 43 55 63 70 87 
9 16 22 39 42 55 69 70 87 
4 16 20 39 42 55 67 70 87 
9 17 27 37 41 52 67 74 89 
7 16 20 39 42 55 69 73 87 
7 16 20 39 44 55 69 70 87 
9 16 20 39 42 50 67 75 87 
3 16 20 39 42 55 69 70 87 
7 16 20 39 42 55 63 70 87 
3 16 24 39 42 55 69 70 87 
7 16 20 39 42 55 63 70 87 
4 16 20 39 42 55 63 70 87 
8 10 21 34 40 53 61 75 89 
2 16 20 39 42 53 63 70 87 
4 16 20 39 42 55 69 70 87 
7 15 21 31 48 56 61 70 87 
2 16 20 39 44 50 69 70 87 
7 16 20 30 41 55 62 79 87 
0 19 23 34 43 52 65 79 85 
2 16 20 39 46 55 67 70 87 
6 13 25 39 48 52 62 72 89 
1 17 27 35 40 53 64 71 87 
3 16 20 39 42 54 63 70 87 
2 16 20 39 42 55 63 70 87 
9 10 21 35 44 52 67 70 87 
2 13 24 39 42 55 69 70 87 
4 16 20 39 42 55 67 70 87 
8 11 29 30 48 52 65 71 82 
1 18 23 34 47 52 62 77 80 
3 16 20 39 42 55 67 73 87 
7 16 20 39 42 55 67 70 87 
2 16 20 31 46 54 63 70 85 
3 16 20 39 42 50 67 73 87 
9 14 23 36 41 52 67 71 89 
1 19 29 37 48 55 67 70 88 
7 16 20 39 42 55 67 70 87 
2 16 20 31 46 55 63 70 87 
7 16 20 39 42 55 63 70 87 
2 16 20 39 42 55 67 70 87 
2 16 20 39 42 55 69 70 87 
5 17 29 37 41 52 66 71 85 
0 14 21 34 44 52 68 70 87 
9 19 23 38 43 52 62 77 87 
4 16 20 39 42 55 67 70 87 
9 17 29 30 41 55 62 71 89 
3 16 20 39 42 55 67 70 87 
9 12 22 30 48 52 67 70 87 
2 16 20 39 46 55 67 70 87 
2 16 20 39 42 55 63 70 87 
5 16 20 39 42 55 67 70 87 
9 19 27 36 47 52 65 79 87 
0 18 26 34 40 52 62 70 87 
4 16 20 39 46 55 67 70 87 
2 10 27 35 47 56 65 71 87 
1 10 26 37 48 52 65 77 88 
9 19 25 37 47 56 60 71 87 
2 13 22 39 42 55 67 70 87 
1 17 29 36 48 56 65 71 87 
6 10 29 37 43 52 61 71 89 
9 16 20 39 42 55 69 70 87 
2 16 20 39 42 55 67 70 87 
7 16 20 39 42 55 67 70 87 
3 16 20 39 42 55 67 70 87 
0 15 25 33 40 58 65 79 80 
9 16 20 34 42 55 67 70 87 
2 16 20 39 42 55 63 70 87 
7 16 20 39 42 55 69 70 87 
8 18 23 33 47 52 65 79 89 
1 19 27 34 43 52 64 70 87 
2 16 20 39 42 55 67 70 87 
9 16 20 39 42 55 67 70 87 
2 16 20 39 42 55 67 70 87 
9 17 29 32 48 52 65 71 83 
1 17 28 30 45 53 67 76 87 
2 16 20 39 46 55 67 70 87 
2 16 20 39 46 55 67 70 87 
9 16 20 39 46 55 67 70 87 
0 17 29 37 47 52 64 71 82 
0 17 27 36 40 56 65 77 87 
2 16 20 39 42 55 67 70 87 
1 17 29 37 45 52 65 71 81 
1 17 29 37 44 52 66 74 87 
0 18 27 38 47 53 62 71 80 
2 16 20 39 42 55 69 70 87 
2 16 20 39 42 55 67 70 87 
5 17 23 38 48 51 64 71 80 
5 16 22 39 42 55 67 70 87 
2 16 20 31 42 55 67 70 87 
1 14 25 30 43 52 60 71 87 
3 16 20 30 46 53 69 70 87 
6 10 26 30 44 56 65 72 87 
1 10 21 35 44 52 65 78 80 
2 16 20 39 42 55 69 70 87 
1 10 23 34 40 52 64 78 87 
0 11 28 33 44 53 65 77 87 
2 16 20 39 46 55 67 70 87 
1 17 29 30 43 52 60 71 87 
6 15 23 34 44 58 65 74 87 
5 19 23 33 48 56 64 78 80 
0 15 26 30 44 55 61 75 87 
1 15 21 33 47 52 61 70 87 
7 12 24 39 44 55 67 74 87 
1 19 27 31 41 52 61 79 88 
8 19 27 33 48 50 61 71 81 
0 17 29 36 48 57 67 71 88 
1 15 22 31 44 52 62 75 80 
9 16 22 30 42 50 69 75 87 
7 16 20 30 46 55 67 70 87 
4 16 20 39 42 55 67 70 87 
2 16 20 39 42 53 62 70 87 
2 16 20 39 42 55 67 70 87 
9 16 20 31 42 50 67 70 87 
0 17 29 36 47 52 65 79 87 
0 15 25 39 42 57 67 75 87 
3 16 20 39 42 55 67 74 87 
2 13 24 39 42 55 63 70 87 
1 15 25 37 42 52 62 75 89 
5 12 22 33 44 52 67 76 89 
5 17 29 31 41 52 65 75 89 
8 17 29 39 43 56 67 75 87 
9 14 26 31 40 52 67 74 87 
7 16 20 39 42 55 63 70 87 
7 16 20 39 42 55 69 70 87 
7 16 20 39 42 55 67 70 87 
9 18 23 39 47 56 67 72 87 
1 10 27 37 44 52 62 70 89 
9 17 29 35 43 52 66 74 83 
0 19 28 34 47 52 65 79 87 
1 15 25 37 48 52 62 76 87 
6 11 25 37 43 54 62 75 89 
9 16 25 39 42 55 67 73 87 
1 17 26 30 44 52 61 75 80 
7 12 21 31 44 52 65 70 87 
1 19 27 31 44 51 64 77 84 
2 16 20 39 42 55 67 70 87 
0 15 23 39 44 52 67 78 80 
9 16 20 39 42 55 67 70 87 
7 12 21 31 44 52 65 70 87 
6 13 25 39 44 51 67 75 87 
7 16 20 39 42 55 67 73 87 
7 16 20 39 42 55 69 70 87 
2 16 20 39 42 55 69 70 87 
2 16 20 39 42 55 67 70 87 
1 10 23 30 44 58 67 75 84 
7 16 20 39 42 55 67 70 87 
4 16 20 31 42 55 67 70 87 
2 15 22 37 40 52 62 74 87 
1 15 26 39 42 52 62 75 87 
6 15 21 37 42 52 67 79 80 
0 17 29 37 41 52 66 77 89 
1 17 29 37 43 52 61 71 88 
7 16 20 39 44 55 69 70 87 
5 16 22 39 40 53 62 71 87 
9 14 26 36 48 52 61 71 81 
2 16 20 39 42 55 63 70 87 
2 16 20 39 42 55 67 70 87 
1 15 25 35 42 52 69 75 87 
9 10 23 36 48 52 65 72 87 
9 12 25 30 40 53 61 77 87 
0 13 20 39 47 55 63 70 87 
8 16 24 35 40 52 65 77 80 
0 15 29 33 40 51 65 71 87 
2 16 20 39 42 55 67 70 87 
1 17 29 38 49 52 65 71 88 
2 16 20 39 42 55 67 70 87 
0 12 25 32 44 52 67 75 87 
1 19 25 34 40 52 67 71 81 
2 16 20 39 42 55 67 70 87 
2 16 20 39 42 55 67 70 87 
6 19 23 35 40 54 64 79 81 
7 16 20 39 42 53 62 70 87 
4 16 20 39 44 55 69 70 87 
2 16 20 39 42 55 63 70 87 
0 14 25 37 43 55 67 76 87 
2 16 20 39 42 55 63 70 87 
2 16 20 39 46 55 69 70 87 
9 10 21 31 47 52 61 75 87 
5 19 23 36 48 56 64 78 87 
2 16 20 39 47 55 67 70 87 
3 15 25 34 48 53 65 75 87 
6 14 22 31 47 52 65 72 82 
7 16 20 39 42 55 67 70 87 
9 15 26 37 42 52 61 70 87 
2 16 20 39 42 55 67 70 87 
7 13 24 39 42 55 69 75 87 
1 16 20 39 42 52 62 72 87 
2 16 20 39 42 55 69 70 87 
0 17 22 31 48 51 67 71 87 
1 15 26 34 47 52 65 70 87 
1 15 23 31 42 56 68 70 87 
9 16 20 39 42 55 67 70 80 
9 13 24 31 42 55 69 73 87 
9 15 26 35 40 52 61 75 87 
0 14 23 30 44 52 67 72 80 
2 16 20 39 42 55 63 70 87 
5 10 21 36 40 52 67 72 87 
2 16 20 39 42 55 67 70 87 
2 16 20 39 46 55 69 70 87 
0 10 21 33 42 52 61 75 87 
1 12 22 39 42 52 65 74 87 
2 16 20 39 42 55 67 70 87 
4 16 20 39 42 55 63 70 87 
2 16 20 39 42 55 63 70 87 
6 14 25 36 43 52 60 76 89 
2 16 20 39 42 55 63 70 87 
9 13 24 31 44 55 63 75 87 
2 16 20 39 46 55 63 75 87 
7 15 25 37 47 55 67 75 87 
3 13 22 33 44 56 65 74 87 
9 16 20 30 42 55 63 70 87 
4 16 20 39 42 55 67 70 87 
7 15 21 30 45 54 61 74 87 
4 18 29 37 45 52 61 78 81 
2 16 20 39 42 55 69 70 87 
3 16 20 39 44 55 69 73 87 
9 12 22 39 44 54 67 75 89 
0 17 29 38 43 52 65 75 84 
0 17 21 30 41 51 61 71 89 
1 12 21 34 44 58 67 76 89 
5 17 29 37 43 52 64 71 88 
7 17 22 37 48 52 62 70 81 
7 13 24 39 40 54 69 70 87 
3 15 25 31 42 54 69 70 87 
4 16 20 39 42 55 67 70 87 
4 16 20 39 42 55 69 70 87 
5 17 29 37 41 52 65 71 85 
9 19 27 37 47 52 64 71 89 
2 16 22 39 42 55 63 70 87 
2 16 22 39 46 55 69 70 87 
3 12 24 39 44 55 69 70 87 
2 16 22 39 42 55 63 70 87 
3 16 24 39 42 55 69 70 87 
9 16 20 31 42 55 69 70 87 
7 16 24 39 42 55 69 70 87 
2 16 20 39 42 55 63 70 87 
2 16 20 39 42 55 69 70 87 
2 16 20 39 46 55 69 70 87 
7 16 20 34 44 55 69 73 87 
9 12 25 39 40 55 67 70 87 
2 16 20 39 42 55 63 70 87 
1 14 22 35 40 52 65 79 81 
7 13 24 31 42 55 67 73 87 
4 16 20 39 42 55 63 70 87 
4 16 20 39 42 55 63 70 87 
7 12 24 31 44 55 63 73 89 
6 14 26 30 42 52 65 70 87 
9 12 22 31 44 55 67 70 87 
4 16 20 39 42 55 69 73 87 
9 16 20 39 44 50 69 73 87 
2 16 20 31 42 55 69 70 87 
1 19 23 34 44 52 65 78 87 
7 16 20 39 42 55 69 70 87 
2 16 20 39 46 55 63 70 87 
2 13 22 39 42 55 69 70 87 
7 16 20 39 42 55 69 70 87 
7 16 20 39 42 55 67 70 87 
3 16 20 39 42 55 63 70 87 
7 13 20 39 42 55 69 73 87 
2 13 22 39 42 55 63 70 87 
7 17 27 38 48 57 60 75 84 
7 16 20 39 42 55 63 70 87 
9 12 22 39 42 55 69 70 87 
7 16 20 39 42 51 63 70 87 
2 13 20 30 42 55 63 73 87 
2 16 20 39 42 55 69 70 87 
3 13 24 39 42 55 69 70 87 
2 16 20 39 42 55 69 70 87 
4 12 24 31 42 50 67 70 87 
7 16 24 39 42 55 69 70 87 
2 16 20 39 42 55 69 70 87 
1 17 29 35 41 51 64 76 87 
9 16 24 39 42 55 67 70 87 
0 10 26 31 44 52 68 74 87 
7 12 24 35 44 54 67 76 87 
0 18 27 33 43 52 65 73 87 
2 16 20 39 42 55 69 70 87 
9 13 24 31 42 50 67 73 80 
4 12 20 39 47 55 63 70 87 
7 13 24 30 42 54 67 70 87 
1 17 29 38 43 52 64 73 87 
3 12 22 39 42 55 67 75 87 
9 16 22 39 42 55 69 70 87 
7 16 20 39 42 55 63 70 87 
8 17 29 37 43 52 66 71 87 
9 12 26 39 42 55 63 70 87 
0 18 27 31 40 50 62 71 87 
2 16 20 39 42 55 69 70 87 
4 16 20 39 42 55 69 70 87 
2 12 20 39 42 55 69 73 87 
9 16 20 30 40 55 67 73 87 
9 16 20 39 42 55 69 73 87 
7 13 24 30 42 55 63 70 87 
5 11 23 33 47 56 61 73 87 
1 19 29 39 44 52 62 70 87 
1 17 29 39 48 55 69 79 87 
3 16 20 39 42 55 63 70 87 
3 16 22 30 42 55 63 70 87 
9 16 20 39 42 55 63 70 87 
1 15 22 37 40 52 66 70 87 
9 13 24 34 42 51 63 70 87 
2 16 20 30 42 54 63 70 87 
2 16 20 39 42 50 63 70 87 
9 16 20 35 44 55 69 70 87 
4 16 20 39 42 55 63 70 87 
2 16 20 39 42 55 63 70 87 
9 16 20 39 42 55 63 70 87 
2 16 20 39 46 55 63 70 87 
9 18 28 36 48 52 64 71 87 
3 16 20 30 46 55 69 70 87 
9 16 20 39 42 55 63 70 87 
7 16 20 30 42 55 63 70 87 
3 10 21 36 48 52 66 77 87 
4 12 20 39 44 55 63 70 87 
1 13 24 39 42 59 63 70 80 
1 14 21 36 47 52 64 74 87 
0 19 28 35 48 54 66 71 87 
9 16 24 39 42 55 63 70 87 
9 16 22 39 42 55 63 70 87 
9 16 20 30 42 55 63 70 87 
7 16 20 39 42 53 63 70 87 
5 16 20 30 42 55 63 70 87 
3 16 20 39 42 55 63 73 87 
3 16 20 39 42 55 63 70 87 
1 11 27 38 48 51 65 71 89 
1 14 26 31 40 52 60 77 87 
5 14 26 33 40 52 65 74 80 
3 16 20 39 42 55 63 70 87 
2 16 24 39 42 55 69 70 87 
7 16 20 39 46 55 69 70 87 
5 16 20 30 42 55 63 70 87 
5 16 20 39 46 55 63 70 87 
3 16 20 39 42 55 63 70 87 
9 16 20 39 42 55 63 70 87 
7 16 20 39 42 55 63 70 87 
3 16 24 39 42 55 63 70 87 
3 16 20 39 42 55 63 70 87 
9 13 20 39 42 55 63 70 87 
3 19 23 37 40 52 65 76 87 
9 16 20 39 46 55 63 70 87 
9 12 24 34 42 55 63 70 87 
8 17 29 37 43 53 66 71 88 
0 18 27 33 47 52 60 71 87 
9 16 24 39 42 55 63 70 87 
2 16 20 30 46 54 63 70 87 
7 16 20 39 46 55 69 70 87 
1 17 29 37 48 52 64 70 83 
7 14 25 37 44 54 67 72 87 
5 12 24 39 44 51 61 70 87 
2 16 20 39 42 55 63 70 87 
9 19 28 34 44 52 65 70 87 
3 16 20 39 46 55 69 70 87 
9 17 29 37 48 52 68 76 80 
9 16 24 37 40 53 69 70 87 
7 16 20 39 46 55 69 70 87 
2 16 20 39 46 55 63 70 87 
3 13 20 39 42 55 63 70 87 
3 16 20 39 42 55 69 70 87 
3 16 20 39 42 55 69 70 87 
5 16 20 39 42 55 67 70 87 
3 16 20 39 42 55 69 70 87 
3 16 20 31 42 55 69 70 87 
3 16 20 39 42 55 67 70 87 
2 16 20 39 42 55 63 70 87 
7 12 20 39 42 55 63 70 87 
0 17 29 37 45 53 61 79 85 
2 16 20 39 42 51 63 70 87 
9 16 20 39 42 55 63 70 87 
4 16 20 39 42 55 63 70 87 
2 16 20 39 42 55 63 70 87 
9 16 20 39 42 55 69 70 87 
9 16 20 39 42 55 63 70 87 
7 16 20 39 46 55 69 70 87 
5 14 23 37 44 52 64 71 80 
3 17 25 38 44 52 60 71 87 
2 16 20 39 46 55 63 70 87 
2 16 20 39 46 55 69 70 87 
7 16 24 31 42 55 63 70 87 
3 18 27 30 40 52 60 70 87 
2 16 20 39 44 55 63 70 87 
3 16 20 39 44 55 63 70 87 
1 15 21 34 44 53 65 75 87 
6 10 26 37 40 52 62 75 87 
7 16 20 39 42 55 69 70 87 
7 16 20 31 42 55 63 70 87 
3 16 20 39 42 55 63 70 87 
3 16 20 39 42 55 67 70 87 
5 16 22 31 42 55 63 70 87 
3 16 20 39 46 55 69 70 87 
6 15 25 30 40 52 68 78 87 
3 13 24 39 42 55 69 70 87 
2 16 20 39 46 55 67 70 87 
7 16 20 39 42 55 69 70 87 
4 16 20 39 42 55 69 70 87 
2 16 22 31 42 55 67 70 87 
9 16 20 39 42 55 67 70 87 
9 16 24 39 42 55 67 70 87 
3 16 20 39 42 55 69 70 87 
5 16 20 39 42 55 69 70 87 
9 16 20 39 42 50 69 70 87 
7 16 20 39 42 55 63 70 87 
9 12 20 39 42 55 63 70 87 
3 16 20 39 42 55 69 70 87 
4 16 22 31 42 55 69 70 87 
9 16 20 39 42 55 69 70 87 
5 17 29 37 40 52 65 71 87 
4 16 20 39 46 55 63 70 87 
7 16 20 39 46 55 63 70 87 
6 19 22 38 40 53 65 79 80 
7 16 20 39 42 55 69 70 87 
2 16 20 39 42 55 67 70 87 
7 13 24 31 42 55 61 73 87 
3 15 24 39 42 53 69 70 80 
7 16 20 39 42 55 63 70 87 
3 12 20 39 42 55 61 79 87 
9 13 24 31 46 55 69 70 87 
9 16 20 30 42 55 63 70 87 
4 16 20 39 42 55 69 70 87 
9 16 20 39 42 55 69 70 87 
9 16 20 39 42 55 67 70 87 
9 16 20 39 42 55 67 70 87 
2 16 20 39 42 55 67 70 87 
7 16 20 39 42 55 69 70 87 
3 16 20 39 42 55 67 73 87 
9 18 29 37 47 52 66 71 87 
7 16 24 39 42 55 67 70 87 
3 16 20 39 42 54 69 70 87 
0 15 25 39 48 52 69 76 80 
1 17 27 37 48 53 66 75 87 
0 17 25 34 41 52 64 73 87 
6 14 29 33 44 52 60 71 80 
7 16 20 39 42 55 69 70 87 
2 16 20 39 42 55 69 70 87 
1 11 23 30 40 50 65 77 87 
9 16 24 39 42 55 67 70 87 
9 16 20 39 42 55 69 70 87 
2 16 20 39 42 55 69 70 87 
2 16 20 39 42 55 69 70 87 
2 16 20 39 42 55 67 70 87 
9 16 24 39 42 55 69 70 87 
9 18 29 35 47 52 65 76 87 
5 17 21 33 40 52 68 71 87 
7 16 20 39 42 55 63 70 87 
9 16 20 35 44 55 63 70 87 
2 16 20 39 42 55 63 70 87 
0 17 29 37 48 52 66 71 87 
9 16 20 39 42 55 69 73 87 
8 19 27 32 48 54 61 70 87 
9 16 20 39 42 55 63 70 87 
3 17 27 33 40 55 66 70 87 
4 10 23 35 40 52 65 74 87 
1 12 25 33 44 52 61 70 87 
9 16 24 39 42 55 63 70 87 
3 19 26 30 40 52 65 70 87 
9 16 20 39 42 55 69 70 87 
3 16 24 39 42 55 69 70 87 
9 16 22 39 42 55 67 70 87 
7 16 20 39 42 55 69 70 87 
9 13 25 39 46 55 63 70 87 
7 16 20 39 42 55 69 70 87 
2 16 20 39 46 55 69 70 87 
3 16 20 39 42 55 69 70 87 
9 15 26 36 40 55 64 71 87 
9 12 24 36 47 52 64 70 80 
1 10 29 30 47 56 65 79 89 
3 16 20 31 42 55 63 70 87 
2 16 20 39 42 55 63 70 87 
9 17 29 37 43 52 66 70 87 
9 16 20 39 42 55 63 70 87 
1 15 22 37 44 52 65 70 80 
9 17 29 37 47 50 64 76 87 
0 17 29 37 48 52 66 71 88 
4 12 20 39 42 55 69 70 87 
4 16 20 39 46 55 69 70 87 
3 16 22 39 42 55 69 70 87 
7 16 20 39 42 55 69 70 87 
3 16 20 39 42 55 69 70 87 
9 16 20 39 42 55 69 70 87 
7 16 20 39 42 55 69 70 87 
5 12 22 30 44 50 68 70 87 
6 16 24 30 42 55 69 70 87 
2 16 20 39 42 55 63 70 87 
9 16 20 31 46 55 69 70 87 
7 16 22 39 44 51 63 70 87 
3 14 26 33 45 59 65 77 89 
4 16 20 39 42 53 63 70 87 
4 16 20 39 42 55 63 70 87 
3 16 20 39 42 55 63 70 87 
5 13 22 39 42 55 63 70 87 
9 16 20 39 42 55 69 70 87 
2 16 20 39 42 55 63 70 87 
0 18 25 34 47 54 62 71 87 
7 16 20 39 42 55 63 70 87 
7 16 25 39 42 55 63 70 87 
1 17 23 36 45 55 66 71 89 
3 13 25 30 42 50 69 70 87 
3 16 20 39 42 55 63 70 87 
9 16 20 30 42 55 63 70 87 
3 16 20 30 42 55 63 70 87 
7 16 20 39 42 55 69 70 87 
7 16 20 39 42 55 69 70 87 
2 16 20 39 42 55 63 70 87 
4 16 20 39 42 55 63 70 87 
7 16 20 39 42 55 69 70 87 
2 13 24 39 42 55 63 70 87 
2 16 20 30 42 55 63 70 87 
9 17 29 37 43 50 66 71 88 
7 16 20 39 42 55 69 70 87 
7 16 20 31 44 51 63 70 87 
2 13 20 30 42 55 69 70 87 
9 16 20 39 42 55 69 73 87 
3 16 20 39 42 55 69 70 87 
7 16 20 39 42 55 67 70 87 
7 16 20 39 42 55 69 70 87 
9 16 20 39 42 55 69 70 87 
9 15 21 39 41 55 67 74 87 
6 19 27 38 44 52 65 73 89 
2 16 20 39 42 55 63 70 87 
2 16 20 39 42 55 69 70 87 
3 16 20 39 42 55 67 70 87 
2 16 22 39 42 55 69 70 87 
2 16 22 39 42 55 69 70 87 
7 16 20 30 42 55 69 70 87 
2 16 20 39 42 55 63 70 87 
9 13 24 31 42 55 63 70 80 
7 16 20 39 42 55 67 70 87 
9 18 25 39 48 55 65 71 89 
9 17 29 36 47 53 65 71 87 
7 17 23 36 47 56 65 72 87 
7 13 20 31 42 55 67 70 87 
4 16 20 39 42 55 67 70 87 
9 12 24 39 44 55 63 70 87 
2 16 20 39 42 55 69 70 87 
3 16 25 39 42 55 63 70 87 
2 16 24 39 42 55 69 70 87 
9 16 20 39 42 55 63 70 87 
2 16 20 39 42 55 63 70 87 
4 16 20 39 42 55 63 70 87 
1 17 29 37 47 52 66 71 85 
9 17 29 37 40 52 62 74 89 
9 16 20 39 42 55 67 73 87 
2 16 20 39 42 55 63 70 87 
2 16 20 39 42 55 63 70 87 
2 16 20 39 42 55 63 70 87 
2 16 20 39 42 55 63 70 87 
7 16 20 39 42 55 69 75 87 
3 16 20 39 42 55 63 70 87 
2 16 20 39 42 55 63 70 84 
2 16 20 30 42 55 63 70 87 
9 17 29 33 40 53 61 72 87 
7 16 20 39 42 55 63 70 87 
7 16 20 39 42 55 69 70 80 
7 16 20 39 44 50 63 70 87 
4 16 20 39 42 55 63 70 87 
9 17 29 30 45 54 64 71 80 
3 19 26 34 44 51 66 74 87 
3 19 27 33 40 53 66 72 86 
