7 32 185 203 301 455 870 1215 
13 133 180 247 301 662 778 1234 
3 45 183 212 301 671 1160 1223 
13 102 180 219 399 629 846 1217 
16 33 193 203 364 474 802 1219 
9 42 174 212 301 642 823 1249 
8 31 199 220 356 610 1106 1212 
10 98 188 212 301 468 700 1244 
5 152 179 238 416 661 913 1240 
3 148 197 212 301 652 1055 1248 
1 93 167 212 301 446 819 1249 
10 125 174 212 301 482 1090 1216 
10 122 192 212 301 553 1122 1251 
13 103 171 219 292 649 1191 1242 
9 81 185 202 272 463 1140 1211 
11 139 188 212 301 529 1013 1223 
16 62 158 217 251 654 693 1234 
11 146 174 212 301 469 786 1234 
13 85 166 241 277 665 1156 1219 
13 98 179 246 286 653 814 1223 
8 25 190 227 255 672 1196 1247 
3 134 158 212 301 511 1082 1215 
11 70 177 212 301 655 795 1252 
2 129 192 203 301 491 689 1244 
0 47 165 210 311 584 786 1211 
10 148 179 229 369 510 1126 1252 
11 17 175 212 301 565 1075 1253 
13 97 180 211 299 522 1165 1221 
6 76 186 202 258 679 929 1251 
9 87 167 212 301 512 1199 1254 
9 147 153 229 301 620 906 1214 
8 61 175 237 379 626 1059 1207 
8 83 170 250 389 670 925 1221 
7 118 167 212 301 596 826 1207 
10 108 155 245 301 437 923 1222 
1 85 171 210 329 557 967 1219 
0 74 175 212 301 656 843 1239 
2 149 175 239 301 537 1129 1204 
5 100 176 231 301 574 1163 1247 
1 30 185 217 362 481 818 1226 
8 84 183 230 346 666 686 1212 
11 27 158 212 301 440 1033 1232 
11 75 167 235 301 586 888 1228 
2 40 159 214 381 513 732 1248 
11 82 183 212 301 520 1038 1209 
16 84 180 240 301 680 1115 1246 
13 106 162 212 301 583 998 1244 
5 22 179 207 301 454 885 1221 
11 85 180 220 301 627 725 1234 
11 80 188 212 301 652 1008 1238 
13 85 192 250 404 595 872 1221 
13 90 199 211 396 678 876 1212 
9 83 180 209 321 526 994 1249 
3 20 177 232 418 498 884 1250 
11 116 180 231 354 525 690 1224 
13 151 199 221 301 614 1106 1217 
11 89 176 240 406 588 786 1252 
16 139 190 236 258 452 815 1234 
16 106 186 212 301 559 1012 1243 
16 80 183 227 295 509 1078 1221 
5 48 188 212 301 652 1136 1217 
3 27 185 212 301 537 898 1236 
9 79 181 212 301 623 1140 1213 
5 18 170 232 412 488 1159 1238 
11 38 180 212 301 552 820 1224 
9 134 174 207 301 491 1200 1223 
16 147 190 246 301 651 861 1254 
5 147 167 212 301 439 945 1248 
13 135 180 200 365 569 1022 1246 
1 106 178 207 419 549 1152 1247 
5 139 180 228 435 537 947 1207 
9 122 183 203 299 664 940 1212 
6 25 177 212 301 483 1039 1224 
1 120 187 228 340 464 736 1218 
13 37 153 246 301 539 718 1221 
13 110 154 228 301 487 1173 1221 
11 50 155 212 301 530 828 1252 
9 135 185 210 301 588 801 1247 
16 58 188 212 301 619 898 1212 
5 35 180 218 301 623 1091 1238 
8 46 182 200 301 534 1173 1221 
5 29 188 212 301 652 1035 1221 
11 51 155 229 373 684 1086 1213 
16 90 160 225 301 669 963 1221 
9 33 191 212 301 608 796 1232 
5 93 174 247 300 528 852 1247 
6 75 185 242 301 584 1150 1222 
5 139 176 230 373 571 729 1212 
15 96 179 220 258 481 1042 1253 
13 146 176 202 301 635 777 1238 
13 104 195 212 301 637 820 1217 
1 43 192 211 405 539 806 1216 
11 68 155 226 310 590 1184 1224 
1 64 185 212 301 603 1037 1214 
5 113 186 235 314 487 798 1217 
7 142 185 207 347 592 1125 1209 
5 118 181 225 301 626 1176 1238 
13 22 154 235 358 628 1113 1221 
7 26 199 246 314 646 854 1218 
13 108 177 248 303 616 1103 1234 
13 144 185 212 301 558 1020 1219 
13 109 171 212 301 438 804 1221 
16 148 197 212 301 682 1002 1217 
13 68 185 235 269 662 916 1238 
5 133 160 212 301 564 816 1247 
13 25 162 247 273 646 1040 1217 
13 52 156 212 301 534 1099 1247 
1 142 170 225 299 641 1072 1232 
8 51 170 245 348 453 988 1246 
16 135 178 230 396 548 1018 1238 
8 40 185 210 351 531 1123 1238 
3 105 181 229 421 666 724 1204 
13 102 175 232 397 445 1198 1218 
1 99 181 212 301 666 828 1246 
11 55 163 220 272 661 1118 1236 
1 106 167 212 301 445 1139 1220 
9 77 174 212 301 666 1030 1254 
9 31 154 212 301 498 726 1246 
1 97 171 219 301 648 806 1221 
1 134 175 211 391 522 1182 1217 
16 88 175 201 419 515 964 1246 
7 30 183 240 301 632 966 1238 
5 146 174 246 419 455 1142 1218 
9 63 192 212 301 577 1043 1210 
16 46 175 212 301 531 1193 1218 
13 83 166 231 390 604 1036 1212 
8 71 179 246 351 594 1119 1249 
13 62 170 237 399 531 1184 1218 
13 87 190 214 393 562 912 1209 
16 80 158 212 301 599 983 1206 
1 137 179 233 364 583 1111 1219 
2 108 162 212 301 531 1045 1219 
8 92 183 239 400 562 854 1249 
3 48 174 245 301 556 1068 1236 
5 52 176 200 253 523 1105 1212 
5 148 171 228 299 473 1027 1234 
16 139 179 229 307 551 982 1217 
16 26 171 230 398 646 809 1221 
16 120 192 212 301 445 767 1244 
9 80 185 247 423 451 833 1207 
8 49 155 212 301 523 859 1229 
9 75 186 246 301 644 932 1254 
5 73 169 229 288 651 851 1221 
10 73 180 212 301 528 874 1224 
1 56 181 245 371 552 963 1218 
16 149 153 219 301 652 838 1217 
2 130 192 239 301 552 691 1252 
5 75 183 203 274 661 747 1216 
9 17 155 212 301 498 893 1233 
5 100 179 223 301 613 1011 1221 
13 96 174 244 252 548 933 1238 
1 38 160 212 301 448 841 1232 
2 60 187 225 375 453 722 1224 
13 132 186 231 278 581 978 1218 
3 117 155 212 301 634 803 1253 
11 119 190 206 301 555 1199 1213 
5 134 169 211 399 669 921 1217 
13 147 162 209 351 467 1187 1218 
5 83 174 202 385 491 1131 1221 
4 144 185 227 264 492 733 1231 
1 109 177 241 301 583 1038 1213 
11 149 174 226 407 591 896 1222 
16 38 192 232 345 532 846 1247 
5 139 183 219 301 583 939 1217 
16 58 190 212 301 626 1100 1223 
7 94 174 235 367 560 845 1252 
8 32 180 230 301 651 766 1221 
1 71 176 212 301 469 829 1216 
1 93 180 212 301 460 1155 1244 
8 30 177 204 349 485 717 1244 
7 149 186 212 301 551 927 1213 
7 64 179 219 336 511 960 1244 
5 141 188 219 301 549 877 1246 
13 37 171 231 310 612 886 1218 
5 59 183 214 287 583 801 1219 
3 66 185 231 336 449 904 1213 
7 133 155 212 301 445 1058 1224 
16 120 159 222 336 657 1053 1212 
9 47 155 212 301 625 1135 1231 
9 126 186 212 301 627 719 1232 
7 141 192 212 301 522 780 1223 
16 129 183 235 398 447 883 1218 
13 110 174 228 321 578 1147 1217 
9 151 171 212 301 577 859 1247 
1 18 174 212 301 437 699 1209 
11 128 176 225 301 597 1164 1252 
3 123 176 237 421 649 685 1214 
13 49 194 227 298 539 821 1219 
3 147 175 240 264 599 1167 1234 
9 122 192 203 431 626 1111 1246 
8 30 181 212 301 489 1004 1217 
2 43 179 206 399 516 810 1209 
11 82 180 212 301 645 858 1213 
0 54 188 212 301 639 976 1209 
3 133 195 228 301 526 1151 1224 
9 61 158 227 285 565 748 1244 
13 80 170 212 301 471 812 1217 
8 146 181 200 310 575 886 1218 
1 147 183 206 390 521 892 1212 
1 32 171 207 324 538 1065 1244 
16 46 192 243 301 610 746 1217 
13 74 186 212 301 550 1190 1207 
16 73 176 228 301 613 1034 1223 
5 134 179 243 316 628 888 1247 
7 85 185 220 403 588 729 1229 
9 30 185 225 301 458 1188 1247 
3 70 175 247 426 441 1051 1251 
9 88 168 212 301 588 711 1208 
13 52 183 207 317 656 737 1217 
11 21 158 210 301 472 1153 1252 
5 68 171 218 301 578 943 1246 
16 17 178 242 301 470 1054 1238 
11 66 161 245 301 632 897 1214 
16 136 160 229 336 533 986 1238 
2 35 186 220 272 632 966 1213 
12 109 179 226 415 499 749 1254 
9 147 181 227 352 673 744 1246 
7 148 176 246 388 529 1154 1223 
9 133 174 218 301 491 735 1223 
9 35 180 212 301 600 1184 1252 
16 143 171 247 357 653 1016 1217 
5 61 177 212 301 626 1178 1227 
11 129 188 212 301 467 728 1232 
11 113 171 210 403 495 978 1220 
13 139 180 211 296 536 1101 1212 
13 141 155 207 332 653 871 1221 
16 90 175 212 301 563 993 1212 
8 88 169 241 301 591 834 1238 
1 152 179 240 434 527 1166 1234 
16 87 192 245 385 475 957 1238 
1 113 187 212 301 461 915 1221 
7 64 192 239 353 497 1077 1204 
13 37 192 230 397 488 1039 1221 
1 108 176 212 301 478 1104 1244 
8 29 176 225 374 583 920 1218 
1 40 185 212 301 683 731 1212 
11 123 158 209 329 597 885 1211 
16 66 177 207 301 676 1003 1218 
2 145 158 209 301 551 830 1223 
16 94 175 212 301 519 721 1247 
13 78 183 214 301 579 1198 1217 
1 78 179 220 356 516 730 1221 
8 122 163 212 301 642 723 1221 
7 129 199 218 405 553 881 1219 
5 106 175 203 323 574 788 1244 
2 21 178 211 301 529 772 1203 
10 108 176 212 301 445 820 1252 
16 65 177 210 395 639 740 1218 
2 77 179 210 436 511 1174 1216 
13 30 187 202 301 649 773 1218 
2 75 169 212 301 445 973 1224 
5 120 158 212 301 454 761 1247 
5 100 192 233 287 526 787 1238 
16 72 176 220 301 673 1077 1246 
12 118 181 205 293 437 1032 1243 
13 46 183 203 301 455 724 1217 
8 30 162 240 301 649 856 1249 
5 38 176 218 301 646 1049 1246 
13 101 199 243 350 462 1080 1238 
0 105 175 225 260 531 784 1211 
8 107 176 211 336 538 1147 1216 
8 18 188 212 301 529 798 1247 
1 135 179 220 301 576 999 1238 
8 113 192 211 301 528 1170 1237 
1 43 181 212 301 539 1197 1239 
9 52 174 235 428 455 1074 1253 
16 74 188 212 301 479 980 1246 
5 49 183 231 301 507 1144 1238 
16 149 169 212 301 568 942 1217 
5 106 188 212 301 630 848 1207 
10 90 187 239 301 545 958 1254 
5 73 181 220 296 467 1057 1217 
8 108 155 212 301 614 786 1209 
13 22 155 244 374 656 953 1217 
6 75 179 212 301 632 992 1208 
5 139 179 213 318 559 1127 1246 
11 75 171 214 301 635 951 1244 
16 94 183 219 408 611 1177 1218 
9 38 174 212 301 496 857 1251 
5 73 181 221 335 570 1029 1221 
16 106 179 212 301 502 1022 1207 
10 120 175 225 386 597 1138 1236 
11 27 190 211 375 528 1002 1232 
11 138 187 212 301 645 777 1231 
5 73 192 212 301 476 1134 1208 
11 96 174 229 351 450 1105 1211 
9 105 158 206 420 587 1007 1216 
13 129 187 240 303 545 743 1244 
1 52 162 223 253 554 1028 1212 
9 73 185 215 425 677 689 1219 
16 31 190 247 269 451 868 1217 
16 146 181 246 359 584 1171 1246 
5 49 155 239 402 665 735 1234 
13 49 154 238 323 559 918 1238 
16 138 199 212 301 448 786 1233 
7 109 181 245 388 472 1087 1207 
5 106 179 241 263 454 1199 1244 
16 25 158 247 254 484 1143 1238 
14 139 155 230 294 584 1195 1204 
3 35 185 212 301 536 899 1250 
16 69 188 212 301 466 979 1249 
5 142 170 210 351 626 953 1246 
9 44 186 227 326 673 752 1239 
9 98 194 212 301 622 728 1207 
8 116 175 212 301 443 1099 1232 
5 71 175 239 407 490 800 1244 
10 138 176 219 387 638 1096 1231 
16 33 176 233 344 670 773 1217 
16 49 176 202 308 661 847 1246 
5 77 176 225 268 537 969 1249 
7 104 180 246 301 650 775 1252 
16 75 179 239 344 565 1051 1221 
5 105 174 223 286 662 1141 1247 
8 46 199 221 276 641 1044 1246 
11 147 192 245 301 597 903 1253 
5 35 176 218 399 512 1047 1212 
8 134 192 250 314 541 761 1249 
8 67 174 212 301 661 1081 1244 
8 98 180 240 299 624 1065 1207 
7 128 155 212 301 615 1172 1242 
1 120 171 204 376 630 1015 1234 
8 35 174 246 301 626 712 1246 
16 77 179 228 301 520 786 1213 
6 119 177 210 432 577 917 1253 
5 35 153 220 301 563 779 1217 
13 140 185 209 364 642 1076 1238 
13 108 183 220 367 464 1087 1249 
10 66 179 212 301 464 1170 1232 
5 149 187 237 388 501 914 1218 
7 80 179 220 372 551 754 1232 
3 62 185 202 301 602 716 1204 
5 141 170 243 309 449 1085 1246 
13 84 188 212 301 665 1174 1252 
12 75 192 212 301 536 803 1243 
13 135 171 235 298 458 966 1221 
16 65 175 215 280 634 1134 1212 
16 87 188 212 301 473 710 1243 
9 98 175 212 301 445 770 1243 
2 119 155 232 417 632 1021 1219 
11 112 158 212 301 660 944 1252 
13 126 179 200 407 462 750 1221 
13 135 174 209 342 462 974 1213 
13 110 176 203 301 539 835 1221 
9 108 187 212 301 525 943 1219 
3 135 185 212 301 643 807 1251 
3 25 190 237 343 571 1093 1203 
13 122 173 202 277 646 726 1221 
8 42 188 212 301 615 812 1218 
8 134 181 202 359 514 1109 1212 
9 110 192 220 301 505 837 1232 
1 118 192 212 301 459 963 1244 
1 33 158 212 301 445 1024 1249 
8 91 186 225 301 486 1186 1204 
13 100 181 204 325 517 792 1238 
8 100 155 212 301 439 1133 1217 
2 65 190 212 301 645 1162 1203 
13 148 199 226 291 531 815 1207 
6 120 188 246 301 660 1088 1243 
12 83 174 226 389 468 698 1228 
13 70 175 237 360 518 969 1244 
9 103 183 210 423 445 1039 1244 
9 61 179 212 301 566 1099 1237 
9 85 191 239 301 647 1008 1233 
1 106 155 212 301 571 1143 1202 
1 17 174 230 289 447 934 1249 
9 134 163 225 277 666 1025 1249 
7 77 185 212 301 437 939 1244 
16 90 183 223 301 443 1024 1217 
8 68 187 243 305 630 781 1221 
13 27 184 225 299 552 1026 1222 
8 137 186 249 270 659 997 1246 
16 62 183 219 284 652 900 1217 
16 48 183 218 305 673 757 1217 
5 80 170 226 399 447 880 1246 
5 108 169 215 363 506 866 1207 
12 136 186 215 423 647 894 1250 
16 124 186 211 261 467 1147 1221 
13 141 171 239 425 591 849 1221 
1 60 153 212 301 546 1077 1223 
16 26 189 240 430 483 1094 1239 
13 146 185 246 404 551 771 1238 
16 80 176 218 301 465 1190 1221 
13 147 171 208 402 488 1061 1217 
13 100 181 235 424 568 1069 1246 
13 148 179 214 258 471 1083 1246 
13 129 163 200 307 675 1126 1238 
9 42 174 247 301 466 756 1239 
3 80 189 237 301 665 840 1222 
9 142 186 229 345 539 1119 1250 
8 139 176 219 366 626 935 1207 
13 139 180 247 384 539 839 1224 
9 81 175 212 301 572 1028 1247 
13 58 183 233 327 609 835 1217 
1 42 185 204 317 631 739 1232 
1 61 155 212 301 537 954 1234 
5 115 170 214 378 578 1148 1246 
8 52 162 232 369 487 919 1236 
16 58 180 226 301 453 1063 1221 
8 34 179 212 301 523 835 1246 
8 101 179 245 301 447 965 1246 
1 135 183 212 301 539 1149 1234 
7 33 196 212 301 678 711 1229 
9 96 158 227 356 478 932 1239 
2 131 155 230 301 626 1138 1254 
9 125 183 212 301 537 922 1252 
5 43 154 220 334 493 1143 1212 
1 98 185 212 301 549 887 1204 
16 90 181 212 301 448 988 1246 
3 152 174 212 301 462 1041 1236 
13 86 176 224 256 477 1000 1207 
7 149 177 240 301 563 741 1207 
13 35 185 246 405 486 894 1246 
13 47 158 219 282 477 715 1221 
13 47 174 218 312 650 766 1217 
16 74 171 203 291 653 959 1217 
8 137 158 210 370 563 820 1221 
13 97 176 209 301 517 970 1221 
1 142 186 220 301 571 1050 1232 
13 51 176 212 301 503 705 1247 
8 120 183 247 369 442 1168 1207 
13 129 190 227 322 658 1023 1212 
5 57 176 235 358 450 1067 1217 
16 149 183 222 349 581 1036 1217 
5 98 183 218 301 551 1117 1217 
3 109 155 220 285 594 782 1213 
1 21 155 240 377 582 811 1234 
16 57 188 212 301 652 766 1246 
13 123 183 246 308 512 1014 1254 
16 54 165 222 393 581 761 1212 
13 135 186 230 308 478 855 1253 
5 134 188 212 301 679 707 1218 
8 102 174 243 276 645 693 1254 
13 104 174 250 410 529 1015 1221 
5 122 153 212 301 642 846 1244 
13 100 176 208 301 580 790 1213 
16 18 188 212 301 477 1126 1244 
12 136 178 210 301 548 699 1252 
9 17 153 212 301 560 868 1207 
13 97 179 211 301 503 938 1217 
7 146 190 212 301 643 910 1234 
16 103 168 230 301 453 1169 1252 
5 51 180 219 307 636 692 1221 
1 87 183 207 388 656 765 1238 
3 73 179 212 301 661 878 1219 
1 87 181 204 301 583 973 1249 
16 84 155 216 313 444 1124 1246 
13 139 185 204 346 570 768 1207 
16 135 192 238 398 518 759 1212 
16 94 183 239 314 455 990 1221 
16 71 174 235 288 661 995 1212 
13 34 183 200 333 593 1181 1218 
5 64 179 212 301 549 960 1218 
16 78 176 220 285 660 751 1246 
5 129 188 212 301 569 890 1225 
5 139 163 225 407 600 706 1238 
14 36 181 246 301 455 1189 1254 
13 54 163 212 301 540 978 1206 
9 72 176 225 373 617 996 1238 
10 32 158 249 380 446 907 1211 
2 64 174 210 410 462 869 1205 
2 71 185 218 296 554 889 1228 
13 22 181 212 301 514 1064 1212 
3 29 179 226 253 468 1079 1236 
9 83 155 246 301 437 820 1232 
10 98 194 212 301 557 862 1216 
16 77 162 200 407 514 1119 1217 
16 29 169 221 396 611 1102 1221 
16 97 183 237 419 643 1121 1246 
3 71 188 212 301 529 1156 1254 
7 56 155 227 299 606 1108 1247 
13 142 186 226 301 601 1157 1207 
16 33 179 241 301 656 902 1221 
16 129 180 207 301 456 1134 1221 
11 96 177 212 301 560 763 1215 
1 38 183 212 301 549 799 1238 
16 33 158 207 301 613 736 1242 
5 80 192 238 337 498 1073 1244 
11 38 175 223 258 603 1192 1234 
3 25 174 241 425 462 930 1236 
1 63 187 245 301 454 961 1237 
8 61 179 246 266 472 725 1239 
16 43 190 239 301 589 712 1244 
1 133 170 218 253 611 781 1207 
16 48 186 245 300 574 855 1218 
16 76 188 212 301 532 701 1234 
16 54 176 231 283 543 762 1238 
13 122 181 227 259 681 1092 1217 
16 137 155 220 409 500 1116 1250 
1 134 185 223 301 642 1038 1207 
3 128 192 212 301 438 693 1202 
5 51 160 225 305 643 825 1238 
5 102 177 246 301 663 1120 1224 
1 134 176 241 301 552 760 1219 
1 148 179 235 386 549 1017 1222 
8 104 188 212 301 652 1161 1221 
7 81 174 212 301 662 1136 1227 
9 93 176 212 301 450 1120 1249 
5 68 185 211 358 649 1175 1246 
11 23 179 210 393 568 1128 1229 
7 56 174 220 279 684 979 1236 
5 87 177 202 373 467 775 1217 
8 48 185 220 301 591 925 1207 
7 110 176 227 301 558 910 1252 
11 57 183 230 338 531 987 1252 
8 52 155 240 301 457 1077 1209 
10 59 186 212 301 531 689 1254 
16 84 177 229 435 518 865 1239 
13 126 171 219 322 664 1087 1217 
5 48 199 219 358 645 1048 1217 
3 71 155 212 301 623 1095 1241 
12 48 185 245 301 583 727 1204 
16 122 181 223 285 631 1099 1217 
2 78 176 212 301 678 1170 1250 
5 78 181 212 301 613 879 1221 
8 134 163 202 414 642 783 1238 
8 144 179 235 407 626 859 1207 
2 76 190 232 334 674 863 1240 
11 148 187 212 301 446 1136 1211 
6 99 171 212 301 552 927 1252 
7 120 177 205 306 569 721 1214 
5 127 179 220 305 623 812 1246 
8 77 192 210 336 656 1008 1212 
7 38 188 212 301 652 1152 1212 
2 126 179 212 301 632 834 1222 
8 148 170 212 301 626 711 1238 
8 141 171 235 301 514 839 1217 
13 97 183 202 404 503 1147 1217 
8 42 174 211 407 618 948 1238 
16 87 180 245 320 551 946 1221 
16 30 160 212 301 669 756 1234 
5 108 171 235 341 566 991 1221 
16 146 175 212 301 658 1003 1238 
13 72 180 213 427 601 949 1244 
7 78 188 212 301 566 745 1234 
13 44 162 246 296 531 696 1238 
1 63 188 212 301 537 1162 1218 
16 80 177 212 301 469 712 1204 
16 130 171 212 301 504 1158 1202 
16 115 192 239 285 479 1060 1218 
8 120 167 224 375 640 1048 1223 
3 139 174 226 254 565 695 1253 
8 49 185 230 403 528 1052 1247 
10 100 178 220 301 447 956 1226 
1 48 177 219 296 644 833 1246 
13 83 155 247 358 539 762 1244 
3 28 177 203 400 562 1180 1232 
9 89 175 207 362 683 1130 1240 
1 58 176 209 392 516 753 1207 
13 145 186 215 428 552 794 1215 
1 103 159 245 301 547 950 1232 
13 42 179 225 301 520 896 1217 
8 48 176 246 341 460 1070 1246 
7 38 190 212 301 611 1018 1227 
13 83 181 214 316 560 953 1218 
13 48 183 219 369 451 1155 1207 
11 77 179 210 254 638 1149 1232 
13 97 179 226 301 624 893 1249 
3 93 175 212 301 611 963 1250 
0 85 176 226 301 497 799 1224 
0 133 174 212 301 649 928 1239 
7 148 175 212 301 473 1071 1248 
16 121 180 220 422 601 864 1207 
13 141 176 232 433 446 989 1238 
7 134 171 202 389 607 692 1223 
16 78 192 212 301 528 797 1247 
5 135 163 233 356 438 1006 1221 
13 134 185 246 348 535 1195 1217 
7 118 181 220 411 539 1011 1204 
1 56 185 247 411 668 1145 1232 
16 114 180 246 334 453 1200 1219 
8 31 179 212 301 651 898 1236 
5 126 197 212 301 489 859 1217 
8 30 170 245 316 641 955 1221 
5 124 171 223 388 525 993 1221 
13 47 187 246 331 649 703 1218 
13 129 182 217 288 472 1138 1246 
7 73 182 228 336 557 984 1239 
5 62 192 212 301 594 844 1217 
10 27 176 212 301 476 929 1213 
5 152 179 234 301 525 952 1206 
16 109 177 222 301 493 1132 1217 
7 147 171 207 301 623 867 1247 
12 114 155 223 301 635 1134 1206 
3 139 175 212 301 587 1135 1224 
3 77 175 214 328 646 978 1208 
13 26 162 250 301 682 824 1221 
3 47 180 212 301 447 1172 1252 
7 85 180 212 301 471 787 1244 
8 20 187 207 367 531 805 1208 
16 151 188 212 301 523 994 1246 
0 30 158 226 301 452 1019 1222 
5 35 155 244 299 565 860 1238 
8 63 192 212 301 486 723 1243 
5 34 169 218 369 547 1112 1246 
7 43 185 238 251 455 889 1216 
16 117 186 233 302 539 1185 1221 
16 111 175 212 301 658 941 1204 
13 102 172 202 275 611 1133 1217 
13 137 174 212 301 643 1027 1254 
13 147 157 235 388 602 1188 1212 
13 73 190 202 301 553 764 1238 
7 52 188 212 301 609 1135 1207 
13 77 174 237 301 611 720 1249 
11 116 155 247 411 589 1087 1248 
1 45 188 212 301 485 1189 1213 
13 77 171 220 301 673 744 1217 
13 123 155 231 289 507 791 1221 
13 118 181 230 281 585 1183 1246 
16 119 186 240 382 509 898 1247 
13 30 181 200 402 557 1084 1218 
8 75 163 209 363 538 1120 1238 
8 24 170 218 323 537 758 1213 
11 125 190 231 361 574 1034 1209 
7 80 192 225 301 651 1001 1212 
0 74 174 229 304 677 856 1215 
8 75 185 212 301 463 1099 1247 
7 87 197 212 301 646 971 1249 
5 127 181 200 394 573 1075 1218 
2 35 186 214 301 648 1179 1215 
16 129 188 212 301 528 831 1238 
5 35 187 231 431 659 776 1207 
5 118 175 228 301 678 822 1207 
7 45 165 212 301 605 789 1222 
16 57 179 207 369 612 1146 1217 
5 73 183 212 301 551 913 1217 
1 100 190 217 389 588 1010 1244 
16 148 176 212 301 487 867 1217 
16 63 155 212 301 528 755 1217 
9 49 192 212 301 653 1201 1222 
1 57 160 218 301 487 779 1217 
11 38 183 212 301 520 1194 1216 
16 149 155 226 435 562 1077 1238 
5 30 171 212 301 650 770 1218 
13 49 186 223 262 630 975 1221 
10 118 181 212 301 462 846 1234 
6 94 185 212 301 445 808 1254 
9 94 174 212 301 495 1042 1228 
5 57 175 235 305 626 968 1218 
11 97 175 220 383 492 817 1223 
13 139 174 204 429 585 1098 1207 
16 149 187 223 407 684 875 1247 
1 49 179 212 301 453 1107 1238 
7 17 192 212 301 641 1150 1215 
1 100 188 212 301 454 1137 1234 
8 85 185 246 273 437 697 1247 
5 140 174 203 257 565 700 1249 
13 69 174 223 304 561 962 1219 
16 66 199 237 355 600 709 1221 
0 96 158 203 336 633 966 1224 
16 146 171 230 301 442 1114 1218 
13 78 163 230 419 467 1026 1218 
13 87 171 219 341 473 1192 1247 
9 43 174 226 433 512 1102 1207 
5 71 163 212 301 577 709 1247 
13 75 179 225 351 632 1004 1221 
5 105 169 207 330 587 848 1246 
5 90 170 203 435 514 1009 1221 
13 71 192 249 297 542 694 1252 
0 115 198 212 301 558 1135 1211 
8 104 186 245 346 632 708 1247 
10 88 158 212 301 578 850 1248 
13 39 175 215 301 594 734 1221 
3 69 198 222 376 446 777 1253 
2 76 192 222 336 502 921 1209 
7 98 171 240 301 498 929 1209 
13 35 192 238 387 521 832 1238 
1 76 186 235 301 651 888 1245 
10 30 179 207 301 630 831 1209 
7 124 170 210 403 666 955 1253 
2 56 155 246 419 538 897 1222 
7 65 176 229 364 455 1110 1203 
13 134 170 221 301 488 693 1217 
10 127 198 219 253 472 995 1231 
8 43 189 203 381 598 793 1221 
3 78 186 212 301 567 1140 1230 
7 23 179 212 301 538 1014 1234 
2 60 187 212 301 670 765 1240 
16 26 171 212 301 468 689 1246 
8 114 169 212 301 620 914 1246 
5 90 170 223 409 678 936 1218 
5 95 162 225 374 678 827 1221 
16 88 175 237 301 480 996 1212 
16 135 183 240 407 544 882 1221 
1 148 192 212 301 466 1092 1247 
9 96 186 212 301 652 1167 1210 
5 120 174 229 268 656 1070 1246 
8 126 183 212 301 602 865 1221 
13 146 199 202 301 633 738 1244 
13 136 174 229 308 508 972 1218 
13 142 186 222 308 606 702 1204 
3 146 192 212 301 669 924 1216 
6 61 164 212 301 543 1075 1243 
5 114 179 220 333 627 905 1218 
11 120 176 224 300 571 926 1253 
5 100 171 212 301 615 819 1246 
11 113 177 214 259 645 1057 1253 
8 53 174 202 300 560 859 1234 
16 134 188 212 301 623 1056 1221 
1 115 190 250 375 562 908 1207 
1 62 179 212 301 524 1089 1212 
5 108 175 207 297 597 785 1212 
7 148 155 245 301 437 774 1203 
13 125 190 247 301 478 892 1208 
5 120 188 212 301 571 1136 1252 
1 93 175 228 419 485 985 1247 
7 104 192 237 301 655 688 1207 
10 98 188 212 301 652 1184 1249 
5 115 173 209 290 486 1097 1221 
2 145 155 212 301 552 779 1222 
5 26 183 220 431 482 741 1218 
8 61 183 200 413 445 836 1238 
9 25 155 207 368 469 926 1209 
10 120 181 237 301 494 895 1254 
16 64 170 228 267 442 704 1217 
8 149 174 212 301 641 1071 1223 
11 89 199 210 339 592 901 1216 
8 137 155 240 302 473 909 1234 
10 57 185 235 301 602 891 1226 
13 73 171 222 319 472 1181 1238 
9 97 175 207 301 567 698 1208 
1 51 187 202 301 684 1066 1216 
13 38 180 237 297 624 737 1217 
13 150 176 247 265 684 1093 1224 
9 87 187 246 407 627 992 1224 
13 30 165 212 301 552 1046 1222 
1 35 155 226 301 565 1190 1254 
13 42 155 247 308 677 1036 1246 
16 18 158 229 301 528 1141 1221 
5 36 190 212 301 575 1096 1221 
5 118 169 212 301 649 831 1221 
8 126 155 219 338 485 1113 1216 
3 71 187 212 301 485 1134 1221 
5 24 190 239 388 524 937 1238 
5 75 162 207 334 491 769 1221 
5 80 153 212 301 671 714 1240 
1 135 171 220 301 511 761 1207 
16 25 187 207 388 520 931 1217 
3 19 185 219 301 539 1121 1224 
5 134 171 223 431 584 742 1217 
13 149 174 212 301 644 920 1224 
0 71 192 239 260 543 1005 1228 
8 149 182 228 399 551 764 1212 
13 147 170 235 408 547 1168 1221 
2 136 165 212 301 449 977 1222 
6 132 190 239 299 581 842 1236 
12 139 158 210 407 529 873 1204 
13 17 165 227 301 667 981 1247 
13 68 174 227 318 621 911 1223 
8 89 179 218 297 640 853 1213 
7 88 181 212 301 471 1150 1215 
1 96 179 212 301 445 813 1221 
13 114 155 240 359 558 1184 1207 
8 73 181 214 301 450 1182 1246 
16 123 190 206 401 665 1062 1212 
3 56 155 220 301 528 806 1222 
13 49 190 240 258 518 1031 1232 
11 33 177 227 301 539 828 1236 
16 43 185 212 301 479 820 1208 
13 75 175 212 301 441 712 1212 
7 41 167 212 301 472 1193 1227 
5 83 170 229 315 485 687 1221 
2 92 174 245 301 461 912 1253 
2 102 181 212 301 682 1004 1219 
10 90 175 249 308 537 713 1237 
5 108 179 207 301 643 1028 1247 
9 114 185 219 271 650 929 1249 
13 25 171 212 301 649 1093 1231 
13 26 179 245 301 645 1047 1235 
