82 295 345 
8 261 345 
49 226 345 
32 232 345 
159 191 345 
126 328 345 
7 341 345 
63 205 345 
156 271 345 
70 281 345 
73 185 345 
166 281 345 
38 203 345 
167 194 345 
66 178 345 
92 287 345 
151 234 345 
88 200 345 
44 241 345 
26 327 345 
62 343 345 
41 272 345 
35 271 345 
104 333 345 
7 187 345 
45 312 345 
42 305 345 
88 268 345 
171 218 345 
165 324 345 
127 236 345 
101 320 345 
88 252 345 
156 188 345 
36 202 345 
94 272 345 
25 298 345 
40 207 345 
4 328 345 
141 284 345 
84 301 345 
65 329 345 
88 344 345 
159 313 345 
170 217 345 
23 291 345 
22 187 345 
141 199 345 
16 333 345 
80 224 345 
30 333 345 
134 338 345 
85 218 345 
43 219 345 
9 321 345 
89 266 345 
87 296 345 
16 250 345 
63 284 345 
26 306 345 
17 200 345 
104 279 345 
155 237 345 
13 240 345 
90 222 345 
175 292 345 
144 268 345 
36 233 345 
65 264 345 
88 259 345 
41 322 345 
104 247 345 
172 264 345 
32 326 345 
122 251 345 
64 189 345 
72 292 345 
158 237 345 
31 297 345 
134 192 345 
81 205 345 
24 335 345 
142 284 345 
128 189 345 
165 258 345 
106 312 345 
36 316 345 
172 232 345 
159 189 345 
172 333 345 
132 309 345 
145 236 345 
35 200 345 
26 204 345 
3 272 345 
175 313 345 
41 323 345 
7 342 345 
167 263 345 
5 306 345 
146 261 345 
113 241 345 
44 244 345 
107 311 345 
56 329 345 
151 280 345 
58 197 345 
154 240 345 
158 321 345 
136 241 345 
140 287 345 
36 191 345 
22 213 345 
78 251 345 
155 303 345 
2 296 345 
65 269 345 
53 218 345 
17 288 345 
78 265 345 
62 322 345 
83 246 345 
169 281 345 
78 180 345 
28 310 345 
69 297 345 
127 284 345 
32 246 345 
73 291 345 
85 307 345 
120 304 345 
147 188 345 
67 276 345 
117 220 345 
134 245 345 
40 204 345 
143 253 345 
113 255 345 
96 178 345 
75 222 345 
125 312 345 
41 337 345 
43 251 345 
151 222 345 
58 243 345 
60 331 345 
154 301 345 
84 235 345 
77 206 345 
25 312 345 
61 322 345 
64 215 345 
157 331 345 
4 209 345 
34 276 345 
56 231 345 
101 223 345 
32 235 345 
84 247 345 
22 176 345 
127 237 345 
127 257 345 
127 277 345 
137 192 345 
120 241 345 
11 217 345 
130 214 345 
133 283 345 
38 257 345 
91 280 345 
173 311 345 
159 232 345 
17 286 345 
157 262 345 
169 243 345 
172 249 345 
172 296 345 
63 290 345 
167 231 345 
138 308 345 
70 275 345 
38 217 345 
148 285 345 
103 183 345 
163 188 345 
78 284 345 
139 185 345 
21 235 345 
80 181 345 
168 214 345 
137 298 345 
84 331 345 
73 268 345 
105 297 345 
111 283 345 
166 315 345 
102 176 345 
36 207 345 
28 177 345 
166 247 345 
84 208 345 
115 284 345 
152 190 345 
2 184 345 
126 227 345 
137 218 345 
115 269 345 
110 269 345 
116 232 345 
101 337 345 
76 200 345 
70 192 345 
139 249 345 
146 247 345 
162 214 345 
118 200 345 
161 200 345 
88 182 345 
162 215 345 
112 310 345 
11 185 345 
124 263 345 
36 332 345 
166 198 345 
123 341 345 
108 205 345 
11 282 345 
17 329 345 
74 260 345 
160 228 345 
111 286 345 
123 214 345 
128 211 345 
22 200 345 
2 228 345 
92 318 345 
4 302 345 
135 223 345 
131 301 345 
149 184 345 
117 195 345 
10 194 345 
44 279 345 
37 238 345 
124 206 345 
159 266 345 
3 200 345 
45 320 345 
9 237 345 
50 329 345 
128 199 345 
149 301 345 
129 177 345 
143 257 345 
106 216 345 
74 280 345 
31 261 345 
85 219 345 
70 337 345 
122 305 345 
17 179 345 
76 195 345 
57 308 345 
174 264 345 
5 334 345 
108 206 345 
175 285 345 
69 227 345 
37 253 345 
105 252 345 
165 322 345 
123 342 345 
32 206 345 
139 322 345 
166 257 345 
80 303 345 
142 202 345 
35 277 345 
110 315 345 
65 322 345 
145 330 345 
72 200 345 
120 273 345 
33 202 345 
133 245 345 
8 243 345 
115 332 345 
96 198 345 
170 318 345 
125 295 345 
69 252 345 
167 254 345 
114 233 345 
90 208 345 
21 243 345 
82 256 345 
76 224 345 
112 225 345 
45 215 345 
139 335 345 
30 180 345 
25 213 345 
7 323 345 
34 329 345 
65 332 345 
112 289 345 
63 321 345 
147 279 345 
164 321 345 
61 210 345 
99 245 345 
20 231 345 
46 255 345 
167 333 345 
167 176 345 
149 180 345 
160 327 345 
109 300 345 
69 304 345 
65 212 345 
169 214 345 
148 255 345 
67 259 345 
87 331 345 
82 302 345 
69 271 345 
39 330 345 
9 258 345 
163 325 345 
160 220 345 
28 201 345 
73 237 345 
116 235 345 
166 187 345 
111 327 345 
14 220 345 
88 179 345 
4 261 345 
73 250 345 
140 250 345 
150 229 345 
146 292 345 
7 280 345 
165 226 345 
140 192 345 
158 275 345 
169 283 345 
106 315 345 
143 303 345 
111 210 345 
160 294 345 
25 239 345 
134 332 345 
109 289 345 
135 312 345 
2 264 345 
138 234 345 
74 243 345 
18 197 345 
163 198 345 
20 208 345 
24 298 345 
162 200 345 
158 190 345 
67 260 345 
173 237 345 
103 344 345 
103 186 345 
36 267 345 
83 295 345 
164 307 345 
137 210 345 
156 176 345 
53 226 345 
117 297 345 
123 279 345 
114 195 345 
106 254 345 
158 308 345 
141 214 345 
157 245 345 
81 310 345 
32 176 345 
61 207 345 
18 322 345 
109 318 345 
110 199 345 
113 313 345 
135 247 345 
56 207 345 
147 257 345 
115 280 345 
14 228 345 
161 338 345 
157 259 345 
106 221 345 
36 285 345 
97 269 345 
170 241 345 
142 235 345 
10 276 345 
9 282 345 
117 291 345 
26 245 345 
142 297 345 
23 270 345 
139 272 345 
138 217 345 
121 308 345 
103 260 345 
130 331 345 
120 288 345 
7 263 345 
49 280 345 
155 311 345 
55 200 345 
98 311 345 
140 217 345 
156 191 345 
85 189 345 
72 297 345 
62 301 345 
29 182 345 
8 314 345 
7 191 345 
79 341 345 
163 227 345 
159 208 345 
116 279 345 
107 226 345 
77 260 345 
163 218 345 
26 226 345 
131 253 345 
9 220 345 
149 204 345 
18 253 345 
111 326 345 
115 220 345 
78 216 345 
42 220 345 
119 200 345 
73 261 345 
20 184 345 
139 213 345 
125 254 345 
107 198 345 
126 190 345 
89 236 345 
86 268 345 
167 214 345 
72 319 345 
163 332 345 
67 330 345 
158 286 345 
175 255 345 
163 224 345 
165 184 345 
95 302 345 
155 342 345 
82 207 345 
157 189 345 
107 204 345 
77 190 345 
119 306 345 
155 331 345 
156 308 345 
14 254 345 
101 317 345 
163 328 345 
24 202 345 
65 179 345 
93 222 345 
83 293 345 
113 285 345 
119 256 345 
43 252 345 
4 314 345 
156 195 345 
92 176 345 
106 178 345 
52 336 345 
63 297 345 
2 229 345 
160 225 345 
173 284 345 
20 226 345 
66 337 345 
89 287 345 
137 277 345 
47 218 345 
31 230 345 
78 273 345 
0 288 345 
122 180 345 
163 196 345 
58 342 345 
0 298 345 
105 185 345 
157 254 345 
96 273 345 
55 335 345 
44 289 345 
133 298 345 
116 262 345 
154 287 345 
14 219 345 
29 187 345 
134 180 345 
142 238 345 
137 336 345 
18 234 345 
46 180 345 
20 340 345 
7 311 345 
17 285 345 
128 231 345 
113 333 345 
40 232 345 
147 325 345 
71 291 345 
17 277 345 
24 338 345 
46 278 345 
29 329 345 
45 247 345 
6 292 345 
79 343 345 
151 241 345 
134 226 345 
33 285 345 
40 278 345 
48 177 345 
114 241 345 
78 244 345 
104 188 345 
20 241 345 
111 178 345 
118 185 345 
166 204 345 
122 210 345 
133 242 345 
19 329 345 
116 284 345 
127 221 345 
131 276 345 
134 248 345 
88 247 345 
3 316 345 
105 259 345 
39 276 345 
150 313 345 
142 184 345 
7 204 345 
115 287 345 
163 279 345 
28 251 345 
105 248 345 
140 258 345 
175 297 345 
113 193 345 
168 204 345 
106 276 345 
71 179 345 
146 255 345 
119 292 345 
164 282 345 
83 222 345 
11 296 345 
33 204 345 
4 210 345 
4 312 345 
67 289 345 
85 295 345 
148 313 345 
78 327 345 
116 300 345 
174 301 345 
84 219 345 
41 232 345 
93 212 345 
156 332 345 
162 330 345 
27 198 345 
0 290 345 
140 272 345 
115 258 345 
157 185 345 
142 209 345 
139 274 345 
39 274 345 
5 177 345 
53 256 345 
142 322 345 
134 342 345 
88 187 345 
132 231 345 
168 192 345 
173 304 345 
63 285 345 
138 340 345 
73 331 345 
165 248 345 
90 200 345 
22 306 345 
63 260 345 
134 263 345 
4 339 345 
155 242 345 
10 223 345 
65 267 345 
152 269 345 
135 252 345 
40 285 345 
137 223 345 
90 319 345 
138 344 345 
146 305 345 
40 219 345 
123 193 345 
137 231 345 
165 292 345 
93 297 345 
69 277 345 
50 256 345 
47 291 345 
31 226 345 
61 304 345 
152 223 345 
127 232 345 
104 324 345 
78 302 345 
51 301 345 
114 316 345 
169 322 345 
54 311 345 
127 289 345 
60 194 345 
16 291 345 
2 255 345 
56 217 345 
130 300 345 
138 300 345 
30 292 345 
54 259 345 
43 200 345 
168 306 345 
40 272 345 
171 180 345 
87 291 345 
74 317 345 
163 283 345 
0 219 345 
7 217 345 
69 203 345 
50 333 345 
123 269 345 
32 266 345 
46 217 345 
145 203 345 
165 274 345 
15 226 345 
159 282 345 
39 279 345 
174 193 345 
122 311 345 
168 281 345 
18 258 345 
35 184 345 
150 243 345 
31 322 345 
135 182 345 
117 214 345 
100 256 345 
56 263 345 
1 229 345 
40 255 345 
143 240 345 
72 250 345 
101 253 345 
44 321 345 
149 288 345 
36 258 345 
22 182 345 
106 259 345 
118 211 345 
158 304 345 
54 218 345 
148 317 345 
122 204 345 
7 207 345 
39 271 345 
120 278 345 
146 295 345 
156 269 345 
104 189 345 
157 214 345 
33 320 345 
139 247 345 
41 284 345 
90 230 345 
165 337 345 
92 315 345 
99 266 345 
143 285 345 
1 205 345 
106 179 345 
141 297 345 
84 256 345 
78 205 345 
135 303 345 
123 294 345 
21 245 345 
11 244 345 
139 210 345 
86 309 345 
110 264 345 
68 331 345 
146 343 345 
128 187 345 
160 187 345 
15 323 345 
93 295 345 
54 244 345 
14 193 345 
12 235 345 
14 223 345 
3 259 345 
10 242 345 
111 211 345 
59 314 345 
151 255 345 
122 206 345 
81 212 345 
113 179 345 
4 191 345 
30 339 345 
137 204 345 
122 312 345 
157 299 345 
151 239 345 
139 206 345 
11 243 345 
153 301 345 
114 243 345 
115 239 345 
4 196 345 
143 312 345 
165 182 345 
110 235 345 
112 206 345 
2 327 345 
45 243 345 
48 227 345 
19 217 345 
162 252 345 
44 277 345 
110 321 345 
168 182 345 
88 323 345 
72 221 345 
79 250 345 
46 333 345 
164 182 345 
26 236 345 
22 208 345 
76 238 345 
91 224 345 
140 243 345 
79 291 345 
54 200 345 
142 197 345 
54 342 345 
114 244 345 
138 330 345 
163 211 345 
139 265 345 
167 228 345 
83 313 345 
157 202 345 
103 191 345 
46 331 345 
118 261 345 
34 238 345 
41 332 345 
47 254 345 
78 221 345 
159 177 345 
61 180 345 
123 210 345 
106 193 345 
166 276 345 
149 265 345 
160 202 345 
92 265 345 
139 285 345 
93 189 345 
92 202 345 
69 261 345 
109 236 345 
70 274 345 
127 208 345 
33 327 345 
74 197 345 
98 327 345 
127 227 345 
139 252 345 
100 265 345 
55 179 345 
88 330 345 
117 321 345 
141 223 345 
115 273 345 
122 221 345 
115 338 345 
10 297 345 
25 256 345 
48 315 345 
90 218 345 
65 178 345 
143 233 345 
146 176 345 
154 220 345 
157 219 345 
160 309 345 
39 228 345 
10 241 345 
119 322 345 
40 313 345 
92 255 345 
150 201 345 
12 276 345 
43 270 345 
153 194 345 
115 305 345 
47 327 345 
141 262 345 
6 331 345 
165 276 345 
142 245 345 
141 211 345 
61 320 345 
135 344 345 
133 185 345 
99 211 345 
0 232 345 
110 222 345 
10 339 345 
49 236 345 
58 184 345 
64 305 345 
59 232 345 
15 272 345 
75 338 345 
56 313 345 
56 210 345 
15 301 345 
128 336 345 
158 312 345 
130 212 345 
46 288 345 
90 342 
