100 276 344 
52 290 344 
102 337 344 
157 230 344 
60 236 344 
167 195 344 
109 298 344 
82 263 344 
6 205 344 
9 281 344 
5 339 344 
152 281 344 
69 338 344 
171 203 344 
34 258 344 
110 235 344 
84 336 344 
115 272 344 
97 309 344 
149 226 344 
103 332 344 
132 321 344 
168 205 344 
147 239 344 
109 288 344 
129 335 344 
31 286 344 
115 204 344 
15 207 344 
45 322 344 
124 289 344 
121 257 344 
115 241 344 
6 215 344 
76 245 344 
73 321 344 
153 244 344 
125 200 344 
112 195 344 
108 240 344 
56 180 344 
20 331 344 
115 284 344 
60 243 344 
70 212 344 
57 232 344 
140 288 344 
108 209 344 
59 239 344 
163 268 344 
51 239 344 
141 238 344 
106 207 344 
170 254 344 
62 308 344 
89 256 344 
10 299 344 
59 271 344 
82 240 344 
149 342 344 
43 272 344 
147 192 344 
54 247 344 
164 316 344 
161 311 344 
145 229 344 
86 204 344 
76 307 344 
20 313 344 
115 202 344 
132 225 344 
147 259 344 
16 313 344 
157 302 344 
173 176 344 
26 193 344 
64 229 344 
130 247 344 
32 251 344 
141 293 344 
44 263 344 
33 190 344 
142 240 344 
72 193 344 
45 242 344 
127 335 344 
76 297 344 
16 230 344 
60 193 344 
16 239 344 
40 206 344 
114 289 344 
168 272 344 
149 261 344 
146 321 344 
145 243 344 
132 279 344 
109 220 344 
171 343 344 
65 342 344 
159 290 344 
0 309 344 
97 285 344 
134 221 344 
154 331 344 
84 223 344 
101 199 344 
117 316 344 
130 308 344 
28 309 344 
105 235 344 
76 236 344 
140 187 344 
67 176 344 
54 305 344 
66 299 344 
20 210 344 
116 207 344 
43 218 344 
67 330 344 
103 225 344 
174 326 344 
7 281 344 
67 303 344 
95 317 344 
83 251 344 
124 240 344 
157 326 344 
5 232 344 
106 269 344 
156 186 344 
143 215 344 
63 201 344 
24 253 344 
141 196 344 
125 261 344 
11 266 344 
0 234 344 
55 258 344 
126 311 344 
53 335 344 
132 237 344 
170 176 344 
84 311 344 
101 304 344 
138 324 344 
117 180 344 
56 228 344 
172 292 344 
153 335 344 
91 225 344 
26 328 344 
120 324 344 
112 260 344 
166 201 344 
154 314 344 
121 178 344 
157 228 344 
56 259 344 
140 211 344 
124 247 344 
124 300 344 
124 277 344 
46 293 344 
156 309 344 
41 212 344 
118 273 344 
123 185 344 
69 300 344 
119 223 344 
8 221 344 
60 230 344 
43 275 344 
120 214 344 
7 304 344 
16 182 344 
16 299 344 
82 262 344 
171 314 344 
77 175 344 
9 278 344 
69 212 344 
94 250 344 
37 306 344 
144 215 344 
67 240 344 
107 339 344 
71 228 344 
163 270 344 
98 273 344 
46 244 344 
56 324 344 
5 204 344 
13 251 344 
81 185 344 
152 189 344 
30 211 344 
76 200 344 
95 265 344 
152 259 344 
56 222 344 
93 240 344 
18 329 344 
66 191 344 
167 188 344 
46 207 344 
93 210 344 
165 210 344 
150 230 344 
121 237 344 
111 272 344 
9 293 344 
107 182 344 
159 259 344 
139 273 344 
99 272 344 
85 272 344 
115 312 344 
139 328 344 
2 317 344 
41 339 344 
21 343 344 
76 320 344 
152 217 344 
75 298 344 
48 263 344 
41 319 344 
43 331 344 
4 296 344 
104 224 344 
81 275 344 
75 273 344 
72 179 344 
140 272 344 
66 224 344 
110 213 344 
112 194 344 
42 178 344 
155 180 344 
39 191 344 
24 264 344 
97 192 344 
58 282 344 
21 292 344 
60 256 344 
146 272 344 
129 257 344 
62 247 344 
1 331 344 
72 209 344 
39 180 344 
135 265 344 
11 300 344 
127 295 344 
4 223 344 
32 290 344 
106 254 344 
9 237 344 
173 286 344 
43 341 344 
111 264 344 
29 175 344 
90 313 344 
65 197 344 
48 292 344 
145 250 344 
83 188 344 
58 266 344 
13 241 344 
45 225 344 
75 220 344 
157 292 344 
107 225 344 
152 300 344 
163 305 344 
142 245 344 
168 277 344 
165 189 344 
20 225 344 
114 177 344 
64 272 344 
156 233 344 
151 245 344 
123 196 344 
52 304 344 
93 320 344 
55 217 344 
70 213 344 
53 276 344 
83 241 344 
171 333 344 
158 307 344 
161 222 344 
71 304 344 
100 249 344 
111 268 344 
2 301 344 
129 328 344 
107 190 344 
51 303 344 
153 187 344 
109 279 344 
166 331 344 
20 320 344 
2 291 344 
82 308 344 
143 192 344 
80 308 344 
91 310 344 
74 196 344 
88 314 344 
113 234 344 
171 239 344 
171 211 344 
39 303 344 
104 226 344 
25 267 344 
83 186 344 
20 287 344 
7 273 344 
94 234 344 
63 202 344 
10 324 344 
100 194 344 
83 205 344 
136 177 344 
62 242 344 
144 216 344 
104 253 344 
95 323 344 
5 247 344 
150 228 344 
152 288 344 
81 226 344 
137 253 344 
115 341 344 
112 290 344 
5 271 344 
105 271 344 
92 274 344 
159 229 344 
109 223 344 
45 337 344 
105 293 344 
130 278 344 
7 185 344 
127 189 344 
11 305 344 
81 310 344 
104 181 344 
153 334 344 
141 320 344 
25 291 344 
42 335 344 
66 313 344 
77 336 344 
4 304 344 
79 199 344 
144 217 344 
88 222 344 
33 244 344 
139 272 344 
130 329 344 
63 296 344 
8 247 344 
37 284 344 
37 252 344 
76 227 344 
174 276 344 
80 269 344 
46 310 344 
6 211 344 
116 337 344 
24 251 344 
75 192 344 
158 264 344 
127 333 344 
130 175 344 
108 273 344 
120 196 344 
44 317 344 
157 211 344 
91 200 344 
79 225 344 
25 213 344 
165 209 344 
0 243 344 
42 259 344 
154 200 344 
143 300 344 
93 223 344 
137 224 344 
85 238 344 
120 202 344 
127 248 344 
76 250 344 
160 210 344 
70 309 344 
142 228 344 
62 319 344 
24 232 344 
149 196 344 
142 251 344 
57 318 344 
107 321 344 
77 212 344 
96 175 344 
37 296 344 
118 324 344 
156 218 344 
109 343 344 
102 223 344 
54 221 344 
128 272 344 
50 221 344 
105 212 344 
6 236 344 
106 193 344 
64 251 344 
103 180 344 
35 312 344 
52 294 344 
109 236 344 
47 298 344 
144 188 344 
60 222 344 
150 192 344 
134 337 344 
172 296 344 
144 207 344 
149 337 344 
155 266 344 
62 253 344 
39 261 344 
79 266 344 
81 302 344 
93 253 344 
67 295 344 
31 253 344 
22 272 344 
5 290 344 
88 191 344 
107 187 344 
53 333 344 
134 217 344 
167 329 344 
89 289 344 
122 204 344 
171 273 344 
64 183 344 
144 320 344 
63 177 344 
130 275 344 
145 234 344 
144 268 344 
45 191 344 
169 194 344 
54 220 344 
100 200 344 
120 193 344 
134 261 344 
172 329 344 
22 342 344 
54 324 344 
6 175 344 
137 333 344 
121 325 344 
144 195 344 
33 245 344 
20 341 344 
131 311 344 
174 231 344 
0 250 344 
22 249 344 
170 241 344 
112 294 344 
6 264 344 
110 211 344 
127 258 344 
17 315 344 
82 251 344 
66 274 344 
104 301 344 
8 240 344 
88 337 344 
34 237 344 
89 235 344 
46 277 344 
49 207 344 
32 327 344 
67 233 344 
36 218 344 
173 303 344 
144 184 344 
101 220 344 
36 244 344 
13 339 344 
120 333 344 
55 233 344 
128 190 344 
97 291 344 
123 244 344 
150 214 344 
117 235 344 
137 254 344 
35 288 344 
141 303 344 
142 282 344 
46 315 344 
79 336 344 
113 303 344 
88 208 344 
109 221 344 
43 250 344 
72 314 344 
0 239 344 
125 230 344 
143 216 344 
133 232 344 
43 277 344 
33 238 344 
113 340 344 
35 331 344 
129 259 344 
148 229 344 
47 332 344 
84 309 344 
141 337 344 
151 250 344 
125 340 344 
38 265 344 
158 309 344 
67 285 344 
147 215 344 
88 309 344 
81 258 344 
99 339 344 
152 261 344 
173 310 344 
123 198 344 
78 331 344 
150 240 344 
124 248 344 
155 201 344 
141 219 344 
115 259 344 
146 297 344 
13 202 344 
136 201 344 
92 243 344 
142 191 344 
109 261 344 
93 235 344 
144 192 344 
95 176 344 
13 219 344 
105 242 344 
145 251 344 
0 280 344 
98 261 344 
127 201 344 
133 341 344 
159 234 344 
22 229 344 
80 319 344 
174 311 344 
41 299 344 
151 261 344 
112 310 344 
112 335 344 
63 291 344 
106 276 344 
94 243 344 
67 226 344 
150 267 344 
90 180 344 
56 254 344 
132 230 344 
131 287 344 
6 320 344 
139 177 344 
19 217 344 
36 262 344 
105 321 344 
93 242 344 
120 339 344 
142 260 344 
107 246 344 
136 246 344 
65 265 344 
116 249 344 
142 225 344 
141 220 344 
115 288 344 
40 314 344 
98 293 344 
8 186 344 
82 250 344 
77 208 344 
5 324 344 
45 219 344 
161 272 344 
140 342 344 
82 296 344 
141 343 344 
112 283 344 
54 198 344 
20 227 344 
18 210 344 
42 241 344 
125 250 344 
46 178 344 
161 183 344 
77 284 344 
159 286 344 
125 254 344 
75 280 344 
46 314 344 
45 229 344 
131 251 344 
83 277 344 
1 249 344 
49 232 344 
32 337 344 
91 186 344 
18 178 344 
124 230 344 
147 322 344 
67 194 344 
61 180 344 
158 297 344 
7 225 344 
68 221 344 
124 291 344 
138 203 344 
59 232 344 
66 234 344 
154 212 344 
118 267 344 
77 267 344 
51 229 344 
68 202 344 
170 272 344 
98 342 344 
125 321 344 
15 303 344 
10 232 344 
4 325 344 
144 185 344 
36 254 344 
109 212 344 
83 338 344 
1 239 344 
75 210 344 
157 256 344 
113 212 344 
114 338 344 
45 246 344 
27 337 344 
60 319 344 
136 192 344 
90 280 344 
173 221 344 
98 281 344 
79 242 344 
168 191 344 
92 304 344 
32 225 344 
42 312 344 
24 273 344 
87 249 344 
154 343 344 
12 274 344 
125 234 344 
11 316 344 
64 271 344 
121 266 344 
97 308 344 
39 218 344 
76 242 344 
140 312 344 
127 202 344 
99 179 344 
130 186 344 
68 207 344 
94 325 344 
173 261 344 
109 200 344 
136 205 344 
156 340 344 
159 276 344 
6 210 344 
147 193 344 
120 273 344 
151 257 344 
107 259 344 
132 240 344 
161 327 344 
45 237 344 
110 189 344 
74 256 344 
11 250 344 
12 263 344 
127 341 344 
108 251 344 
56 249 344 
67 263 344 
42 305 344 
75 181 344 
71 196 344 
41 285 344 
107 310 344 
122 206 344 
165 313 344 
162 324 344 
159 332 344 
72 288 344 
104 288 344 
27 279 344 
131 276 344 
68 285 344 
137 280 344 
23 228 344 
137 178 344 
146 202 344 
81 179 344 
14 294 344 
84 234 344 
173 292 344 
44 287 344 
0 341 344 
112 236 344 
51 283 344 
46 261 344 
173 335 344 
120 255 344 
84 334 344 
107 292 344 
41 304 344 
3 180 344 
158 304 344 
93 334 344 
112 184 344 
11 335 344 
45 312 344 
165 228 344 
2 292 344 
66 226 344 
129 304 344 
38 188 344 
78 212 344 
139 241 344 
97 277 344 
165 308 344 
98 312 344 
115 279 344 
64 248 344 
47 271 344 
113 239 344 
80 312 344 
149 289 344 
140 222 344 
111 282 344 
119 268 344 
105 304 344 
47 232 344 
68 272 344 
142 199 344 
68 220 344 
158 285 344 
77 177 344 
144 179 344 
107 330 344 
171 224 344 
174 243 344 
120 245 344 
37 236 344 
113 324 344 
99 290 344 
166 282 344 
132 320 344 
49 333 344 
67 248 344 
60 265 344 
91 303 344 
75 310 344 
127 280 344 
152 201 344 
39 330 344 
104 245 344 
110 330 344 
107 250 344 
131 193 344 
110 245 344 
83 290 344 
25 289 344 
9 246 344 
124 222 344 
151 226 344 
4 199 344 
50 226 344 
124 188 344 
107 241 344 
87 330 344 
128 341 344 
115 177 344 
24 308 344 
108 178 344 
93 233 344 
173 248 344 
93 238 344 
153 249 344 
38 189 344 
161 207 344 
20 258 344 
11 307 344 
159 211 344 
117 253 344 
120 254 344 
104 206 344 
136 224 344 
22 225 344 
125 243 344 
110 234 344 
92 323 344 
23 201 344 
170 318 344 
3 203 344 
93 286 344 
49 226 344 
108 214 344 
148 324 344 
45 201 344 
142 196 344 
108 179 344 
91 257 344 
42 284 344 
123 339 344 
74 179 344 
36 230 344 
165 311 344 
102 289 344 
101 191 344 
26 286 344 
14 230 344 
27 321 344 
126 238 344 
154 243 344 
154 310 344 
27 180 344 
72 315 344 
130 335 344 
118 287 344 
113 218 344 
161 220 
