1 33 38 73 168 174 179 183 186 196 242 248 249 251 254 255 257 259 261 263 265 267 269 272 273 
3 21 40 133 171 175 178 181 186 236 242 246 249 252 254 255 257 259 261 263 265 267 269 272 273 
0 12 38 47 171 172 179 184 186 229 242 246 250 252 254 255 257 259 261 263 265 267 270 271 273 
1 5 40 42 171 172 179 183 188 199 242 246 250 252 254 255 257 260 261 263 266 267 269 272 273 
1 28 37 124 171 175 179 183 185 214 242 248 250 252 254 256 257 259 261 263 266 267 269 272 273 
0 7 40 70 168 175 179 183 185 239 242 246 250 251 254 255 257 259 261 263 266 267 270 271 273 
0 28 40 58 167 174 179 183 188 214 242 246 249 252 254 255 257 259 261 263 265 267 269 272 273 
3 7 40 119 171 175 179 181 187 239 242 246 249 251 254 255 258 259 261 264 266 267 269 271 273 
0 12 40 137 170 172 177 183 186 218 242 246 249 252 254 255 257 259 261 263 265 267 270 271 273 
3 4 38 51 171 176 180 181 187 224 242 248 249 252 254 256 257 259 261 263 265 267 269 271 273 
3 12 40 135 171 173 178 182 187 197 242 246 249 252 254 256 257 259 261 264 266 267 269 272 273 
1 21 40 149 171 173 178 183 188 203 242 246 249 252 254 255 257 259 261 264 266 267 269 272 273 
3 12 40 136 171 175 178 182 187 236 242 246 249 251 254 255 257 259 261 263 265 267 269 272 273 
1 28 38 73 171 174 179 183 187 240 242 248 249 252 254 256 257 259 261 263 265 267 270 271 273 
1 36 40 131 171 175 178 183 187 224 242 246 249 252 254 256 257 259 261 264 266 267 269 272 273 
1 28 40 135 169 175 178 181 187 209 242 246 249 252 254 255 257 259 261 263 265 267 270 271 273 
0 28 38 121 168 174 179 183 188 214 242 248 249 252 254 255 257 259 261 263 265 267 269 272 273 
1 4 41 154 168 173 179 184 187 197 243 247 249 252 254 255 257 259 261 263 265 267 269 272 273 
3 28 40 157 171 174 178 181 185 198 242 246 249 251 254 255 258 259 261 263 266 267 269 271 273 
0 28 40 66 167 174 179 181 187 193 242 246 250 251 254 255 257 259 261 263 265 267 269 272 273 
0 25 38 47 171 175 179 183 187 200 242 247 249 251 254 256 257 259 261 263 265 267 269 272 273 
1 33 40 62 167 175 179 184 186 198 242 246 250 252 254 255 257 259 261 264 266 267 269 272 273 
1 15 38 92 171 173 179 184 186 200 242 248 250 252 253 256 257 259 261 264 266 267 270 271 273 
3 12 38 68 169 173 179 183 188 198 242 246 249 252 254 255 258 259 261 263 265 267 269 272 273 
0 15 38 47 168 175 180 182 187 241 242 248 249 252 253 255 257 259 261 263 265 267 269 272 273 
1 33 40 131 171 175 179 181 186 219 243 246 249 251 254 255 257 259 261 263 265 267 270 271 273 
0 33 41 108 171 174 180 183 187 207 242 246 249 252 254 255 257 259 261 263 265 267 270 271 273 
2 12 39 108 170 175 178 184 186 191 242 248 249 252 254 255 257 259 261 264 266 267 269 272 273 
3 34 40 121 171 175 179 181 186 212 242 246 249 252 254 255 257 260 261 263 265 267 269 272 273 
1 24 37 52 171 174 179 183 185 210 242 248 249 251 254 255 257 259 261 263 265 267 269 272 273 
3 29 40 81 170 173 180 184 186 219 243 246 249 251 254 255 257 259 261 263 265 267 269 272 273 
1 28 40 59 171 175 179 181 187 204 244 246 249 252 254 255 257 259 261 263 265 267 269 272 273 
3 29 40 91 169 175 179 181 187 206 242 248 249 251 254 256 257 259 261 263 265 267 269 272 273 
0 12 38 135 168 174 179 183 185 225 242 246 249 252 254 255 257 259 261 264 266 267 270 271 273 
2 12 40 88 171 173 178 182 188 234 243 246 249 251 254 255 257 259 261 263 265 267 269 271 273 
3 13 38 55 171 173 179 181 188 197 242 248 249 252 254 255 257 259 261 263 265 267 270 271 273 
0 21 38 46 171 175 179 184 185 193 243 246 249 251 254 255 257 259 261 263 266 267 269 272 273 
2 29 40 47 171 175 179 181 186 189 244 246 249 252 254 255 257 260 262 263 265 267 269 272 273 
2 15 40 73 171 175 179 181 187 189 242 246 249 251 254 255 257 259 261 263 265 267 269 272 273 
3 25 40 127 171 175 179 184 186 203 242 246 249 252 254 255 257 259 261 263 265 267 269 272 273 
0 4 40 151 167 174 179 181 187 206 243 246 249 252 254 255 257 259 261 263 265 267 269 271 273 
3 12 40 73 167 175 177 182 187 241 242 246 249 251 254 255 257 259 261 263 265 267 269 272 273 
3 29 37 132 171 175 179 183 186 198 242 246 250 251 254 255 257 259 261 263 265 267 270 271 273 
1 4 38 132 169 172 180 183 187 203 242 248 249 252 254 255 258 259 261 264 266 267 269 272 273 
1 21 38 46 171 174 178 183 185 192 244 248 249 252 254 255 258 259 261 263 266 267 270 271 273 
0 31 38 131 171 173 178 183 187 239 242 248 249 252 254 256 257 259 261 263 265 267 269 271 273 
0 7 40 151 167 174 179 183 187 207 242 246 249 252 254 255 257 259 261 263 265 267 269 272 273 
1 33 40 131 167 176 178 181 188 238 242 246 249 251 254 255 258 259 261 264 266 268 269 271 273 
0 31 38 99 171 175 179 183 188 207 242 248 249 252 254 256 257 259 261 263 265 267 270 271 273 
0 12 40 47 169 175 178 181 186 224 242 246 249 252 254 255 257 260 262 263 265 267 269 272 273 
3 28 37 151 168 173 179 181 188 201 243 246 249 252 254 255 257 259 261 263 265 267 270 271 273 
3 17 37 133 171 174 179 181 187 206 242 248 249 251 254 255 258 259 261 263 265 267 269 271 273 
0 12 40 135 171 175 179 181 187 197 242 246 249 252 254 255 257 259 261 263 265 267 269 272 273 
0 29 40 66 168 175 179 182 188 193 242 246 249 251 254 255 258 259 261 263 265 267 269 272 273 
3 7 37 92 171 174 179 183 185 225 243 248 249 251 254 256 257 259 261 263 266 267 269 272 273 
0 33 39 118 168 175 179 181 186 241 244 246 250 252 254 256 257 260 261 263 265 267 270 271 273 
3 12 40 138 168 176 179 182 185 230 242 246 249 251 254 255 257 259 261 263 265 267 269 271 273 
0 7 38 95 171 175 178 181 187 193 244 248 249 252 254 255 257 259 261 263 265 267 269 272 273 
2 29 40 61 171 174 178 181 187 238 242 246 249 252 254 256 257 259 261 263 265 267 269 271 273 
1 7 38 132 171 173 178 183 185 238 242 248 249 251 254 255 257 260 262 264 266 267 270 271 273 
3 25 40 131 171 175 180 182 186 204 243 246 249 251 254 255 257 259 261 263 265 267 269 272 273 
3 36 38 88 168 174 179 183 186 222 242 248 249 251 254 255 257 260 261 263 265 267 269 272 273 
3 7 41 61 171 174 179 183 185 218 242 246 249 251 254 255 257 259 261 263 266 267 269 271 273 
3 21 41 89 171 175 179 181 187 197 242 246 249 251 254 255 257 259 261 263 265 267 269 272 273 
0 28 40 100 171 173 178 183 188 241 242 246 249 251 254 255 257 259 261 263 265 267 269 272 273 
0 17 40 51 168 174 179 183 188 200 242 245 250 251 254 255 257 259 261 263 265 267 269 272 273 
0 12 40 92 171 173 178 181 187 201 243 246 249 252 254 255 257 259 261 263 265 267 269 272 273 
3 12 40 94 170 175 180 182 186 236 242 246 249 252 254 256 257 259 261 263 265 267 269 272 273 
0 7 40 68 171 175 179 183 185 189 244 246 249 251 254 255 257 259 261 263 266 267 269 272 273 
0 7 40 121 168 175 178 183 187 197 242 246 249 252 254 255 257 259 261 263 265 267 269 272 273 
0 7 40 154 171 175 178 181 188 206 243 246 249 252 254 255 258 259 261 263 265 267 269 272 273 
0 34 38 142 168 174 179 181 188 228 242 248 249 251 254 255 257 259 261 264 266 267 270 271 273 
1 9 38 73 171 174 179 183 185 217 243 248 250 251 254 255 257 259 261 263 266 267 269 271 273 
3 5 38 133 171 172 178 182 186 215 243 248 249 252 254 255 257 259 261 263 265 267 270 271 273 
1 7 40 61 168 174 179 183 185 235 242 246 249 251 254 255 257 259 261 263 265 267 269 271 273 
1 12 38 88 171 174 179 183 185 195 242 248 249 252 254 255 258 259 261 263 266 267 269 271 273 
1 5 40 59 171 173 179 184 187 212 242 246 249 252 254 255 257 259 261 263 265 267 269 272 273 
3 31 37 140 171 172 179 183 188 217 242 246 249 252 254 255 257 259 261 263 265 267 269 272 273 
0 32 41 97 168 175 179 181 188 207 242 246 250 252 254 255 258 259 261 263 265 267 270 271 273 
3 4 40 103 171 173 180 182 188 236 242 246 249 252 254 255 257 259 261 263 265 267 269 272 273 
0 28 40 91 168 173 178 182 187 198 242 248 249 251 254 255 257 259 261 263 265 267 269 272 273 
0 36 40 73 167 174 179 184 188 205 244 246 249 251 254 255 257 259 261 263 265 267 269 272 273 
0 29 40 136 169 175 178 183 188 203 242 246 249 252 254 255 257 259 261 264 266 267 270 271 273 
1 28 40 68 171 174 178 183 186 192 242 246 249 251 254 255 257 260 261 263 265 267 270 271 273 
1 15 40 151 171 174 179 183 186 230 242 246 249 252 254 255 257 259 261 263 265 267 270 271 273 
0 12 38 131 171 175 178 181 186 201 242 248 249 251 254 255 257 260 261 263 265 267 269 271 273 
3 29 38 135 171 173 178 182 188 204 242 248 249 252 254 255 257 259 261 263 265 267 269 272 273 
3 7 40 157 169 175 179 183 185 205 242 246 250 251 254 255 257 259 261 263 266 267 269 272 273 
1 29 40 92 169 172 179 184 187 206 242 246 250 251 254 256 257 259 261 263 265 267 269 271 273 
1 12 41 80 171 172 179 184 186 224 242 248 249 252 254 255 257 259 261 263 265 267 269 272 273 
0 12 38 45 171 174 179 183 186 226 242 246 249 252 254 255 257 259 261 263 265 267 269 272 273 
1 12 38 131 171 174 179 184 186 231 242 246 249 252 254 255 258 259 261 263 265 267 269 272 273 
0 12 38 118 168 174 178 184 188 234 243 246 250 252 254 255 257 259 261 263 265 267 270 271 273 
2 28 38 101 168 174 179 183 185 190 242 248 249 252 254 255 257 260 262 264 266 267 269 272 273 
3 12 40 135 170 174 179 183 186 231 242 246 249 251 254 256 257 259 261 263 265 267 269 272 273 
3 32 41 128 171 173 179 183 185 192 242 246 249 251 254 255 257 259 261 264 266 267 269 272 273 
0 12 38 61 168 172 178 181 187 218 242 246 249 252 254 255 257 259 261 263 265 267 269 272 273 
3 29 40 62 169 175 179 183 187 212 242 246 249 252 254 255 257 259 261 263 265 267 269 272 273 
3 7 38 151 171 174 179 183 186 219 242 246 249 252 254 255 257 259 261 263 265 267 269 272 273 
3 22 37 48 168 172 179 183 188 219 243 248 250 251 254 255 258 259 261 264 266 267 269 271 273 
0 28 40 88 169 174 180 183 186 215 242 246 249 252 254 256 257 259 261 264 266 267 270 271 273 
3 7 40 151 171 172 179 183 187 203 242 246 249 252 254 255 257 259 261 264 266 267 269 272 273 
0 33 37 147 171 175 178 181 186 203 242 246 249 252 254 255 257 259 261 263 265 267 269 272 273 
3 25 38 81 171 172 179 184 187 239 242 246 249 251 254 255 257 259 261 264 266 267 269 272 273 
0 12 40 121 168 173 180 183 187 241 242 246 249 251 254 255 258 259 261 264 266 267 269 272 273 
3 28 38 153 171 175 179 184 187 207 242 248 250 251 254 255 257 260 262 263 265 267 269 271 273 
0 29 39 138 171 174 179 183 185 207 243 248 250 251 254 256 257 259 261 263 265 267 269 271 273 
3 12 40 46 171 172 179 181 187 209 242 246 249 252 254 256 257 259 261 263 265 267 269 272 273 
1 28 40 166 168 173 178 181 188 206 242 246 249 251 253 255 257 259 261 263 265 267 269 272 273 
3 14 40 131 167 174 180 181 186 239 242 246 249 251 254 255 257 259 261 263 265 267 269 272 273 
3 33 37 131 169 174 177 181 187 193 243 248 250 252 254 255 257 259 261 263 265 267 269 272 273 
2 36 40 108 171 173 178 183 188 238 242 246 249 251 254 255 257 259 261 264 266 267 269 272 273 
3 29 40 54 171 172 179 184 186 224 242 246 249 252 254 256 257 259 261 264 266 267 270 271 273 
0 7 38 42 171 175 178 181 186 197 244 248 249 251 254 256 257 259 261 263 265 267 269 272 273 
1 12 40 87 167 174 180 182 186 239 242 246 249 252 254 255 257 259 261 263 265 267 269 272 273 
0 21 38 101 168 174 179 182 186 205 242 246 249 251 254 255 257 259 261 263 265 267 269 272 273 
1 5 40 99 168 172 178 184 187 206 242 246 249 251 254 255 257 259 261 263 265 267 269 271 273 
1 15 38 47 168 173 178 184 186 204 242 248 249 252 253 255 257 260 262 264 266 267 269 272 273 
1 10 38 149 167 175 178 183 187 238 242 248 249 252 254 255 257 259 261 263 265 267 269 272 273 
3 12 38 121 167 172 177 184 187 219 242 246 249 251 254 256 257 259 261 263 265 267 269 271 273 
1 23 40 68 171 175 178 181 186 197 242 248 249 251 254 255 257 259 261 263 265 267 269 272 273 
0 28 38 163 171 174 178 181 187 215 242 248 249 251 254 255 258 259 261 264 266 267 269 271 273 
0 12 40 68 171 175 179 181 186 203 242 246 249 252 254 255 257 259 261 264 266 267 270 271 273 
2 15 38 118 171 174 179 183 185 210 242 248 249 251 254 256 257 259 261 263 266 267 269 272 273 
3 29 40 81 168 173 178 184 186 204 242 246 249 252 254 255 257 259 261 264 266 267 269 272 273 
1 12 38 47 171 175 179 181 188 206 242 248 249 252 254 256 257 259 261 263 265 267 269 272 273 
1 12 40 142 171 175 180 181 186 235 242 246 249 252 254 255 257 259 261 263 265 267 270 271 273 
3 12 40 45 171 175 179 181 187 206 242 246 249 252 254 255 257 259 261 263 265 267 269 272 273 
3 12 38 81 171 176 179 181 187 212 242 248 249 251 254 255 258 259 261 263 265 267 269 271 273 
1 12 38 114 171 175 178 181 186 201 242 248 249 252 254 256 257 260 262 263 265 267 269 272 273 
3 21 40 57 168 172 178 181 187 203 242 246 249 252 254 256 257 259 261 263 265 267 269 272 273 
1 7 37 119 171 175 179 184 188 201 244 246 249 251 254 255 257 259 261 263 265 267 269 272 273 
0 36 40 145 171 173 179 184 188 204 243 248 249 252 254 255 257 259 261 263 265 267 270 271 273 
0 29 40 61 171 175 179 183 185 205 243 248 249 252 254 255 257 259 261 263 266 267 269 272 273 
0 24 40 83 169 172 178 183 186 221 242 246 249 251 254 255 257 259 261 263 265 267 269 272 273 
0 12 38 73 168 174 178 181 186 223 242 248 249 251 254 255 257 259 261 263 265 267 269 272 273 
0 17 37 84 170 175 179 181 187 204 242 248 249 252 254 255 258 259 261 263 265 267 269 272 273 
3 12 40 118 167 175 179 184 186 195 242 246 249 252 254 255 257 259 261 263 265 267 270 271 273 
3 36 38 145 168 172 179 181 186 239 243 247 249 251 254 255 257 260 261 263 265 267 269 272 273 
2 12 40 81 171 175 178 181 187 198 242 246 249 251 254 255 257 259 261 264 266 267 270 271 273 
2 33 40 142 170 173 180 181 186 204 242 246 249 252 253 256 257 259 261 263 265 268 269 271 273 
3 7 40 140 171 173 178 182 185 206 242 246 249 251 254 255 257 259 261 263 265 267 269 271 273 
1 17 40 66 171 175 179 181 187 204 242 246 249 252 254 255 257 259 261 263 265 267 269 271 273 
1 29 40 50 171 175 179 181 187 236 242 246 249 252 254 255 257 259 261 263 265 267 269 272 273 
0 23 38 151 171 173 178 183 188 238 242 246 249 251 254 255 257 259 261 263 265 267 269 272 273 
3 21 39 101 169 172 179 181 187 206 242 246 249 252 254 255 257 259 261 263 265 267 269 272 273 
1 33 38 147 171 174 178 183 185 207 242 248 249 251 254 256 257 259 261 263 265 267 269 272 273 
0 12 38 142 169 172 178 184 187 217 242 248 249 251 254 256 257 259 261 263 265 267 269 272 273 
1 7 38 74 171 175 179 181 188 224 242 248 249 252 254 255 257 260 261 263 265 267 269 272 273 
0 29 38 136 170 174 179 183 187 228 242 248 249 252 254 255 257 259 261 263 265 267 269 272 273 
0 33 40 135 169 174 179 183 185 191 243 246 250 251 254 255 257 259 261 263 266 267 269 272 273 
0 15 40 81 171 175 179 183 188 223 242 246 249 251 253 255 257 259 261 263 265 267 269 272 273 
2 7 40 72 171 175 179 182 187 203 242 246 249 252 254 255 257 259 261 263 265 267 269 272 273 
3 28 38 130 170 174 178 183 185 201 242 246 249 252 254 255 258 259 261 264 266 267 269 272 273 
3 28 37 105 169 172 179 183 187 219 242 246 249 251 254 255 257 259 261 264 266 267 269 271 273 
1 12 40 135 171 175 178 183 187 190 242 246 249 252 254 255 257 259 261 264 266 267 269 272 273 
1 25 38 135 169 174 179 183 186 200 242 248 250 252 253 255 257 260 261 263 265 267 269 272 273 
1 12 39 85 171 174 180 182 187 199 243 246 249 252 254 255 257 259 261 263 265 267 270 271 273 
3 28 40 114 169 172 179 184 187 223 243 248 249 251 254 256 257 259 261 263 265 267 269 272 273 
0 33 38 81 168 175 179 181 186 212 242 248 250 252 254 255 257 259 261 263 265 267 270 271 273 
0 28 38 77 169 174 179 183 186 219 242 246 250 251 254 255 257 259 261 263 265 267 269 272 273 
0 29 38 80 171 173 178 182 188 206 242 248 249 252 254 256 257 259 261 263 265 267 269 272 273 
0 36 40 135 167 172 179 184 188 219 242 248 249 251 254 255 257 259 261 263 265 267 269 272 273 
3 15 40 49 171 176 179 183 185 220 243 246 249 251 254 256 257 259 261 263 266 267 269 271 273 
0 7 40 147 167 174 179 183 188 219 242 246 249 252 254 256 257 259 261 263 265 267 269 272 273 
0 33 40 76 167 175 179 181 187 209 242 246 249 251 254 255 257 259 261 263 265 267 269 272 273 
1 29 40 80 171 176 178 181 187 234 242 246 249 252 254 255 257 259 261 263 265 267 269 272 273 
3 31 40 136 170 173 178 182 186 190 242 246 249 252 254 255 257 259 261 263 265 267 269 272 273 
0 28 40 59 171 172 178 183 188 197 242 246 249 251 254 255 257 259 261 264 266 267 269 272 273 
3 28 38 81 171 174 177 183 186 193 242 248 249 251 254 255 257 259 261 263 265 267 269 272 273 
1 36 41 94 171 174 179 184 187 234 242 248 250 252 254 256 257 259 261 264 266 267 269 272 273 
0 12 40 118 171 175 178 182 186 241 242 246 249 251 254 255 257 259 261 263 265 267 269 272 273 
3 28 37 47 171 176 178 181 188 212 242 246 249 251 254 255 257 259 261 263 265 267 269 271 273 
3 9 40 131 171 175 179 181 186 234 242 246 249 252 253 255 257 260 261 263 265 267 269 272 273 
1 23 37 66 171 173 179 182 188 241 242 248 249 252 254 255 257 259 261 263 265 267 269 272 273 
0 4 39 102 168 176 178 182 186 214 243 246 249 251 254 255 258 259 261 263 265 267 269 271 273 
1 12 40 62 171 175 177 182 187 191 242 246 249 252 254 255 257 259 261 263 265 267 269 272 273 
1 33 38 85 167 174 179 183 187 230 242 248 249 252 254 255 257 259 261 263 265 267 269 272 273 
0 12 40 61 171 172 179 181 187 193 242 248 250 251 254 255 257 259 261 264 266 267 269 271 273 
1 23 38 45 171 174 179 183 186 202 242 248 249 252 254 256 257 259 261 263 265 267 269 272 273 
0 7 37 95 171 173 177 182 187 224 242 248 249 252 254 255 257 259 261 263 265 267 269 272 273 
3 7 37 134 171 175 177 181 186 206 244 248 249 251 254 255 257 259 261 263 265 267 269 271 273 
1 23 39 136 168 175 179 181 188 235 242 248 250 252 254 256 257 259 261 263 265 267 270 271 273 
0 28 38 103 170 175 179 183 186 222 242 246 249 251 254 255 257 259 261 263 265 267 269 272 273 
3 29 38 147 171 174 179 183 187 219 243 246 250 251 254 256 257 259 261 263 265 267 269 272 273 
0 36 38 131 171 175 179 181 188 193 242 248 249 252 254 255 257 259 261 263 265 267 269 272 273 
3 25 39 139 171 174 178 183 185 237 243 246 250 251 254 255 258 259 261 263 266 267 269 271 273 
3 18 38 73 171 176 179 184 187 208 242 247 249 251 254 256 257 259 261 263 266 268 269 271 273 
1 12 40 142 169 172 180 182 188 190 242 246 249 252 254 255 257 259 261 263 265 267 269 272 273 
3 29 41 100 171 175 178 183 187 234 243 248 249 251 254 255 257 259 261 263 265 267 269 272 273 
0 28 40 96 170 175 179 184 188 231 242 247 249 251 254 255 257 259 261 263 265 267 269 271 273 
3 21 41 103 169 172 179 183 185 212 242 246 250 252 254 255 257 259 261 263 266 267 270 271 273 
3 17 40 163 171 175 179 181 187 219 242 246 250 251 254 255 257 259 261 263 265 267 269 272 273 
0 33 40 47 171 172 180 181 186 201 242 246 249 252 254 255 257 259 261 264 266 267 269 272 273 
3 13 40 76 169 175 179 183 188 221 242 246 249 252 254 255 257 260 261 264 266 267 269 272 273 
3 25 38 88 171 174 178 184 187 212 242 248 249 251 254 255 257 259 261 263 265 267 269 271 273 
0 33 38 131 171 175 178 182 187 224 242 248 249 251 254 255 257 259 261 263 265 267 269 272 273 
3 12 40 94 169 173 178 183 187 204 243 245 249 252 254 255 257 259 261 264 266 267 269 272 273 
3 28 40 58 168 174 179 183 185 219 243 246 249 251 254 255 258 259 261 263 266 267 269 272 273 
3 29 37 149 171 174 177 184 185 235 242 246 249 251 254 255 257 259 261 263 265 267 269 271 273 
0 25 38 147 167 174 179 181 187 230 242 248 249 251 254 255 257 259 261 263 265 267 269 272 273 
1 12 40 73 171 175 180 184 186 204 242 246 249 252 254 256 257 259 261 263 265 267 270 271 273 
0 17 37 139 171 172 179 183 187 241 242 248 249 252 254 255 257 259 261 263 265 267 269 272 273 
1 12 40 147 171 172 180 183 188 221 242 246 249 252 254 255 257 259 261 264 266 267 269 272 273 
0 12 38 88 171 174 179 182 186 223 242 248 250 252 254 256 257 259 261 263 265 267 270 271 273 
1 4 38 110 171 174 179 183 185 223 242 247 250 251 254 255 258 259 261 263 266 267 269 271 273 
0 12 38 81 171 174 179 183 186 227 242 247 249 251 254 255 257 259 261 263 265 267 269 272 273 
3 12 38 131 171 172 179 184 188 241 242 246 249 252 254 255 257 259 261 263 265 267 269 272 273 
1 28 40 53 171 175 180 181 187 221 244 246 249 252 254 255 257 259 261 263 265 267 270 271 273 
0 12 40 131 170 172 179 181 188 211 242 246 249 252 253 255 258 259 261 263 265 267 269 272 273 
0 25 38 137 168 175 179 181 186 234 242 248 250 252 254 255 257 259 261 263 265 267 269 272 273 
0 7 40 103 168 174 178 183 186 199 242 246 249 251 254 255 257 259 261 263 265 267 270 271 273 
1 17 41 65 171 176 179 183 188 222 244 248 249 251 254 255 257 259 261 263 265 267 269 272 273 
2 4 37 81 171 174 179 183 186 195 242 246 249 251 254 255 257 259 261 263 265 267 269 271 273 
0 7 38 113 168 174 179 181 187 217 242 246 249 251 254 255 257 259 261 263 265 267 269 272 273 
3 33 38 147 168 172 178 184 188 207 242 248 249 252 254 255 257 259 261 263 265 267 270 271 273 
1 29 41 137 171 172 179 182 188 193 243 246 249 251 254 255 257 259 261 263 265 267 269 272 273 
2 7 40 163 171 175 179 181 186 238 242 246 249 251 254 255 257 259 261 263 265 267 269 272 273 
1 28 40 76 171 175 177 181 186 203 242 246 249 252 254 255 257 259 261 264 266 267 270 271 273 
0 15 40 131 171 175 178 183 187 232 242 246 249 251 254 256 257 259 261 263 265 267 269 272 273 
3 12 40 45 171 173 180 182 186 241 243 246 249 252 254 255 257 260 261 263 265 267 270 271 273 
1 12 40 73 168 175 178 183 188 238 243 246 249 251 254 255 257 259 261 264 266 267 269 272 273 
0 12 40 142 171 175 179 181 186 206 243 248 249 252 254 255 257 259 261 263 265 267 269 272 273 
0 28 37 76 168 175 179 183 186 209 242 248 250 251 254 255 257 259 261 263 265 267 269 272 273 
0 36 40 55 171 175 179 181 187 206 242 246 249 251 254 255 258 259 261 263 265 267 269 272 273 
0 7 41 62 171 175 179 181 187 204 242 248 249 252 254 255 257 259 261 263 265 267 269 272 273 
3 21 40 161 170 172 179 181 185 204 243 248 249 251 254 255 257 260 262 263 265 267 269 272 273 
1 12 40 42 171 174 179 183 185 214 242 246 249 251 254 255 257 259 261 263 266 267 269 271 273 
0 25 40 88 171 172 179 181 187 236 242 246 249 252 254 255 257 259 261 263 265 267 269 272 273 
1 28 40 137 171 173 179 182 185 236 243 246 249 252 254 255 257 259 261 263 266 267 269 272 273 
2 7 40 159 171 175 179 181 187 241 242 246 249 252 254 255 257 259 261 263 265 267 269 272 273 
0 25 40 50 167 174 179 183 185 217 242 246 249 252 254 256 257 259 261 263 266 267 270 271 273 
0 12 40 47 169 172 179 182 185 239 242 246 249 252 254 255 257 259 261 263 265 267 269 272 273 
3 29 40 147 171 175 180 181 186 197 242 246 249 252 254 255 257 260 261 263 265 267 270 271 273 
0 6 38 88 171 172 179 182 186 191 242 247 250 252 254 255 257 259 261 263 265 267 270 271 273 
1 28 40 68 171 176 179 181 187 206 244 246 250 252 254 255 257 259 261 263 265 267 269 271 273 
3 33 40 82 168 176 179 181 188 238 242 246 249 251 254 256 257 259 261 263 265 268 269 271 273 
3 23 40 58 169 174 177 181 187 218 243 248 249 252 254 255 257 259 261 264 266 267 270 271 273 
0 12 38 135 171 175 178 181 188 239 242 248 249 252 254 255 257 259 261 263 265 267 269 272 273 
1 4 40 50 171 174 179 184 188 207 242 246 250 252 254 255 257 260 261 263 265 267 269 272 273 
1 28 40 147 168 174 178 181 187 201 243 246 249 252 254 256 257 259 261 263 265 267 269 272 273 
0 33 40 136 171 172 179 181 188 217 242 246 250 252 254 255 257 259 261 263 265 267 269 272 273 
1 21 41 96 171 174 179 183 185 203 242 248 250 252 254 255 258 259 261 263 266 267 269 272 273 
0 12 38 73 171 175 178 181 186 204 242 248 249 252 254 255 257 259 261 263 265 267 269 272 273 
0 12 39 66 167 175 178 184 186 239 242 246 250 252 254 255 257 259 261 263 265 267 270 271 273 
0 28 40 135 171 172 179 182 186 197 242 246 249 251 254 255 257 259 261 263 265 267 269 272 273 
0 12 38 142 171 174 179 183 186 230 242 247 249 252 254 255 257 259 261 263 265 267 269 272 273 
0 33 41 73 169 175 179 182 185 239 243 246 249 252 253 256 257 259 261 264 266 267 269 272 273 
2 28 40 81 171 175 179 181 186 241 242 246 249 252 254 255 257 259 261 263 265 267 269 272 273 
0 29 40 108 171 176 178 183 186 236 242 246 249 252 254 255 257 260 262 264 266 267 269 272 273 
1 33 38 142 170 172 178 183 186 207 242 248 249 251 254 256 257 259 261 263 265 267 270 271 273 
2 12 40 151 171 175 178 181 187 228 242 246 249 252 254 255 257 259 261 263 265 267 270 271 273 
3 4 40 92 171 175 178 181 185 203 243 246 249 252 254 256 257 260 261 263 265 267 269 272 273 
0 28 37 159 169 175 179 184 188 239 242 248 249 252 254 255 257 259 261 263 265 267 269 272 273 
3 25 40 61 168 172 179 182 187 203 242 246 249 251 254 255 257 259 261 263 265 267 269 272 273 
3 24 37 164 168 175 179 182 186 204 242 246 249 252 254 255 257 259 261 263 265 267 270 271 273 
0 28 38 145 171 175 179 181 186 239 242 248 249 252 254 255 257 259 261 263 265 267 270 271 273 
1 12 39 47 171 175 177 182 185 201 242 246 249 252 254 255 257 259 261 263 266 267 269 272 273 
0 36 40 103 169 173 178 183 187 238 242 246 249 251 254 255 258 259 261 263 265 267 269 272 273 
0 31 38 73 169 176 178 183 186 225 242 247 249 252 254 255 257 259 261 263 265 267 270 271 273 
1 12 40 87 171 175 179 181 186 204 242 246 249 252 254 255 257 259 261 263 265 267 269 272 273 
1 28 40 136 171 174 178 183 187 211 242 246 249 252 254 255 257 259 261 263 265 267 269 272 273 
1 29 38 65 171 174 179 183 185 219 242 247 249 251 254 256 257 259 261 263 266 267 269 271 273 
0 12 38 145 171 174 178 183 185 225 243 247 249 252 254 255 257 259 261 263 266 267 270 271 273 
0 15 38 73 171 174 179 183 186 209 242 248 250 252 253 256 257 259 261 263 265 267 270 271 273 
3 36 40 118 171 174 179 184 187 189 242 246 250 252 254 255 257 259 261 263 265 267 269 272 273 
0 7 38 54 168 174 179 183 186 219 242 248 249 252 254 255 257 259 261 263 265 267 269 272 273 
0 28 40 88 171 173 178 184 187 223 244 246 249 251 254 255 257 259 261 263 265 267 269 272 273 
1 14 40 126 171 174 177 183 188 199 242 246 249 251 253 256 257 259 261 263 265 267 269 271 273 
0 28 40 94 168 174 179 181 187 197 242 248 249 252 254 255 257 259 261 263 265 267 269 272 273 
0 29 40 145 168 172 179 184 188 209 242 246 249 252 253 256 257 259 261 263 265 267 269 272 273 
0 12 38 131 167 172 178 183 187 189 242 246 249 251 254 255 257 259 261 264 266 267 269 272 273 
3 21 39 120 168 176 179 183 185 219 242 246 249 251 254 256 257 260 262 263 266 267 269 271 273 
3 21 40 137 171 172 179 183 186 224 242 248 249 252 254 255 257 259 261 263 265 267 269 272 273 
1 4 40 115 171 173 177 182 185 212 242 246 249 251 254 255 257 259 261 263 265 267 270 271 273 
0 25 40 145 171 175 179 181 186 209 242 246 250 252 254 255 257 259 261 263 265 267 269 272 273 
0 29 38 121 171 175 178 181 187 241 242 248 249 252 254 255 257 259 261 263 265 267 269 272 273 
1 12 40 135 168 174 177 183 188 229 242 246 249 251 254 255 257 259 261 263 265 267 270 271 273 
0 33 40 96 171 173 178 183 188 209 242 246 249 252 254 255 257 259 261 263 265 267 269 272 273 
0 28 40 81 169 175 179 183 187 201 242 246 249 251 254 255 257 259 261 264 266 267 269 271 273 
0 36 38 66 170 174 179 183 185 238 242 248 249 251 254 255 258 259 261 264 266 267 269 272 273 
0 12 40 136 171 175 179 181 186 222 242 246 249 252 254 255 257 259 261 263 265 267 269 272 273 
2 29 39 131 168 172 179 183 187 229 243 246 249 252 254 255 257 259 261 263 265 267 270 271 273 
0 36 38 88 168 174 179 183 188 210 242 246 249 252 254 255 257 259 261 263 265 267 269 272 273 
3 28 38 163 169 173 177 181 187 189 242 246 249 251 254 256 257 259 261 263 265 267 269 272 273 
1 11 40 155 171 173 178 182 186 239 242 246 249 251 254 256 257 259 261 263 265 267 270 271 273 
1 21 40 140 171 172 179 184 188 241 242 246 250 252 254 255 258 259 261 263 265 267 269 272 273 
3 21 37 56 169 176 179 183 185 193 242 246 249 251 254 255 257 259 261 263 266 267 269 271 273 
3 12 40 80 171 175 178 183 186 229 242 248 249 251 254 255 257 260 261 263 265 267 269 272 273 
1 28 37 94 171 173 180 183 186 200 244 246 249 252 254 255 257 259 261 263 265 267 269 272 273 
0 12 40 80 171 175 180 181 186 241 242 246 249 251 253 255 257 259 261 263 265 267 269 272 273 
3 7 40 97 171 173 180 183 187 224 242 246 249 251 254 255 258 259 261 264 266 267 269 271 273 
1 28 38 125 171 174 178 183 185 198 242 248 250 251 254 255 258 259 261 263 266 267 269 271 273 
2 5 38 140 171 174 179 183 185 226 242 246 249 252 254 255 258 259 261 263 266 267 269 272 273 
0 21 38 56 168 174 177 181 187 228 243 248 250 252 254 255 257 259 261 263 265 267 269 271 273 
3 21 40 116 171 173 178 181 187 241 242 246 249 251 254 255 257 259 261 263 265 267 269 272 273 
0 12 40 55 168 173 178 183 187 190 242 246 249 252 254 255 258 259 261 264 266 267 269 272 273 
0 15 40 135 168 174 179 181 188 199 242 246 249 252 253 256 257 260 262 263 265 267 270 271 273 
0 29 40 50 171 175 179 183 186 227 242 246 249 251 254 255 257 259 261 263 265 267 269 272 273 
3 23 38 145 170 172 179 181 187 209 242 248 249 251 254 255 257 259 261 263 265 267 269 272 273 
0 33 40 142 171 176 178 183 186 231 242 246 249 251 254 256 257 259 261 263 265 268 269 271 273 
3 7 41 103 171 175 178 182 187 191 242 246 249 251 254 255 257 259 261 263 265 267 269 272 273 
2 28 38 135 168 172 179 181 186 189 243 248 250 252 254 256 257 259 261 263 265 267 270 271 273 
1 15 38 94 171 172 179 184 188 229 242 248 249 251 254 256 257 260 262 263 265 267 269 272 273 
0 21 38 83 167 175 179 181 185 198 243 246 249 252 254 256 257 259 261 263 266 267 269 272 273 
0 33 40 88 170 175 177 181 186 234 242 246 249 252 254 255 257 259 261 263 265 267 269 272 273 
0 4 40 140 168 172 178 183 188 203 244 246 249 252 254 255 258 259 261 264 266 267 270 271 273 
1 12 40 142 169 173 180 184 185 234 242 246 249 251 254 255 257 259 261 263 265 267 270 271 273 
3 9 40 73 171 175 178 183 186 203 242 246 249 252 254 255 257 259 261 263 265 267 269 272 273 
3 25 40 85 171 175 180 183 186 236 242 246 249 252 254 256 257 259 261 264 266 267 270 271 273 
3 21 40 74 168 176 179 183 185 235 243 246 249 251 254 255 257 259 261 263 266 268 269 271 273 
0 28 40 86 169 175 179 182 187 197 244 246 249 252 254 255 257 259 261 263 265 267 269 272 273 
2 28 40 162 171 173 178 183 187 241 242 246 249 252 254 255 257 259 261 263 265 267 269 272 273 
3 12 40 142 171 172 180 184 187 197 243 246 249 252 254 256 257 259 261 263 265 267 270 271 273 
2 6 40 88 168 173 179 181 186 201 242 246 250 252 253 256 257 259 261 263 265 267 270 271 273 
1 7 39 145 171 174 179 183 187 193 243 246 249 252 254 255 257 259 261 263 265 267 269 272 273 
1 12 40 142 171 175 179 184 188 223 242 246 250 252 254 255 257 260 261 263 265 267 270 271 273 
3 28 40 144 168 175 178 183 188 200 242 246 249 251 254 255 257 259 261 263 265 267 270 271 273 
0 12 38 142 171 175 179 181 187 209 242 248 249 252 254 255 257 259 261 263 265 267 269 272 273 
1 36 37 101 171 174 178 183 188 204 242 248 249 252 254 255 257 259 261 263 265 267 270 271 273 
3 4 38 159 171 176 180 181 187 224 242 248 249 252 254 256 257 259 261 263 265 267 269 271 273 
1 28 40 81 171 173 177 184 188 209 242 246 249 252 254 255 257 259 261 263 265 267 269 272 273 
1 28 40 77 171 172 179 182 185 212 242 246 249 251 254 255 258 259 261 263 266 267 269 271 273 
1 29 40 145 170 175 179 181 187 224 242 246 249 252 254 255 257 259 261 263 265 267 269 272 273 
0 29 38 94 171 175 178 184 186 219 242 248 249 252 254 256 257 259 261 263 265 267 269 272 273 
1 9 38 66 171 172 179 183 186 207 242 248 249 252 253 256 257 259 261 263 265 267 270 271 273 
0 12 38 72 168 174 179 183 188 229 242 246 249 251 254 255 257 259 261 264 266 267 269 272 273 
0 28 40 88 170 172 178 184 187 212 242 246 250 251 254 256 257 259 261 263 265 267 269 272 273 
2 7 40 134 171 174 179 181 187 193 242 246 249 252 254 255 257 259 261 263 265 267 269 272 273 
3 33 40 80 171 174 179 183 187 224 242 246 250 252 254 255 257 259 261 263 265 267 269 272 273 
1 28 38 53 171 176 179 183 185 216 242 248 249 251 254 255 258 259 261 263 266 267 269 271 273 
0 29 38 81 169 175 178 181 186 206 242 248 249 252 254 255 257 259 261 263 265 267 269 272 273 
3 24 40 164 169 173 178 181 188 203 242 246 249 252 254 256 257 259 261 263 265 267 269 271 273 
0 21 38 109 169 175 178 183 187 203 243 248 249 252 254 255 258 259 261 264 266 267 270 271 273 
1 28 41 60 171 174 179 183 185 238 243 248 250 252 254 255 257 259 261 264 266 267 269 272 273 
1 33 38 66 171 175 177 183 186 198 242 246 249 251 254 255 257 259 261 264 266 267 269 271 273 
3 30 40 47 171 173 178 183 188 238 242 246 249 252 254 255 257 260 261 263 265 267 270 271 273 
1 36 40 135 168 175 178 181 187 203 242 246 249 252 254 255 257 259 261 264 266 267 269 272 273 
1 28 40 159 171 175 179 183 188 224 242 246 249 252 254 255 257 259 261 263 265 267 269 272 273 
3 15 40 88 171 175 177 181 187 193 242 246 249 252 254 255 257 259 261 263 265 267 270 271 273 
3 28 38 111 171 173 178 183 185 203 242 248 249 251 254 255 257 259 261 263 266 267 269 272 273 
1 23 40 101 171 172 178 183 187 241 242 246 249 252 254 255 257 259 261 264 266 267 270 271 273 
3 29 40 100 167 173 180 184 186 197 242 246 249 252 254 255 257 259 261 264 266 267 269 272 273 
3 29 40 144 171 174 179 182 186 234 243 246 249 251 254 255 257 260 262 263 265 267 269 271 273 
2 15 40 163 171 173 179 182 188 189 242 246 250 252 254 256 257 260 261 263 265 267 270 271 273 
0 36 38 88 171 175 178 181 187 227 242 246 249 252 254 255 257 259 261 263 265 267 270 271 273 
3 30 38 147 171 173 179 183 186 238 242 248 249 252 254 255 257 260 261 263 265 267 269 272 273 
3 28 40 103 167 176 178 183 185 238 242 246 249 252 254 255 257 259 261 264 266 268 269 271 273 
0 33 37 87 169 175 179 181 186 212 242 248 249 252 254 255 257 259 261 263 265 267 270 271 273 
3 25 38 80 170 174 179 184 185 209 242 248 250 252 254 255 257 259 261 263 266 267 269 272 273 
0 25 40 73 171 173 178 183 186 238 242 246 249 251 254 255 257 259 261 264 266 267 269 272 273 
3 25 40 94 171 175 178 181 187 201 242 246 249 252 253 255 257 259 261 263 265 267 269 272 273 
0 29 38 100 168 176 179 183 185 223 242 246 249 251 254 255 258 259 261 263 265 267 269 271 273 
1 12 41 132 171 175 179 181 188 224 242 248 249 251 254 255 257 259 261 264 266 267 269 272 273 
0 15 40 142 167 174 179 183 185 228 242 246 249 251 254 255 257 259 261 263 266 267 269 272 273 
3 28 40 73 171 173 179 181 186 238 244 246 249 252 254 256 257 259 261 263 265 267 270 271 273 
0 12 38 151 168 174 179 183 186 229 242 246 249 251 254 255 257 260 262 263 265 267 269 272 273 
0 7 37 134 171 175 179 181 187 241 242 248 249 251 254 255 257 259 261 263 265 267 269 271 273 
0 12 40 118 171 175 180 181 186 224 242 246 249 252 254 255 257 259 261 263 265 267 269 272 273 
1 4 40 121 171 172 178 183 186 238 242 246 249 252 254 255 257 259 261 264 266 267 269 272 273 
3 29 40 73 168 175 179 183 185 218 242 246 249 252 254 255 257 259 261 263 266 267 269 272 273 
2 12 40 66 168 174 179 184 187 189 242 246 249 252 254 255 257 259 261 263 265 267 269 271 273 
2 12 37 92 171 175 178 181 187 219 244 248 249 251 254 256 257 259 261 263 265 267 269 272 273 
0 33 40 68 171 175 180 181 188 221 242 246 249 252 254 255 257 259 261 264 266 267 269 272 273 
1 29 40 50 171 176 179 182 187 197 242 246 249 252 254 255 257 259 261 263 265 268 269 271 273 
0 12 40 88 171 172 179 183 187 219 242 246 249 251 254 255 257 259 261 263 265 267 269 272 273 
0 29 38 103 171 172 179 182 187 204 242 248 249 252 254 255 258 259 261 263 265 267 269 272 273 
1 29 40 101 171 173 178 183 187 236 242 246 249 252 254 255 257 259 261 264 266 267 269 272 273 
1 7 40 66 171 174 179 181 187 191 242 246 250 252 254 255 257 259 261 263 265 267 269 272 273 
3 29 40 76 171 172 178 183 186 235 242 246 249 252 254 255 257 259 261 264 266 267 269 272 273 
0 7 40 137 168 175 179 183 186 219 242 246 249 252 254 256 257 259 261 263 265 267 269 272 273 
0 29 38 46 171 174 179 183 187 234 242 248 249 251 254 255 257 259 261 263 265 267 269 272 273 
0 15 38 47 171 173 178 184 186 238 242 248 249 252 254 255 257 259 261 264 266 267 269 272 273 
0 24 38 69 168 174 179 183 185 210 243 246 249 251 254 256 257 259 261 263 266 267 269 271 273 
3 24 39 148 169 174 178 183 185 240 243 248 249 251 254 255 257 259 261 263 266 267 269 271 273 
1 21 39 166 171 172 178 183 187 189 242 246 249 252 254 255 257 260 261 264 266 267 269 272 273 
0 29 37 151 171 176 180 184 186 212 242 248 249 252 254 255 257 259 261 263 265 267 269 272 273 
0 34 37 118 168 174 179 183 185 219 242 246 249 252 254 255 257 259 261 263 266 267 269 272 273 
3 7 40 93 171 174 179 181 185 225 242 246 249 251 254 256 257 259 261 263 266 267 269 271 273 
0 33 38 108 169 175 178 183 187 230 242 248 249 252 254 256 257 259 261 263 265 267 270 271 273 
1 22 40 92 168 172 179 183 187 207 242 246 249 251 254 255 257 259 261 263 265 267 269 272 273 
3 29 40 78 171 176 178 183 185 223 242 246 249 251 254 255 258 259 261 263 266 267 269 271 273 
0 27 40 135 168 172 178 183 188 197 242 246 249 252 254 256 257 259 261 264 266 267 269 272 273 
2 12 40 135 171 173 179 182 186 241 242 246 249 252 254 256 257 259 261 263 265 267 269 272 273 
0 4 37 149 169 175 179 181 188 241 242 248 249 252 254 255 257 259 261 263 265 267 270 271 273 
0 29 38 92 171 175 178 182 187 197 242 248 249 252 254 255 257 259 261 263 265 267 269 272 273 
0 29 40 80 168 173 178 181 186 221 242 246 249 251 254 255 257 259 261 264 266 267 269 272 273 
3 29 38 164 171 176 179 183 188 235 244 248 249 251 254 255 257 259 261 263 265 267 269 271 273 
3 36 38 151 167 175 179 183 187 204 243 246 249 252 254 255 257 259 261 263 265 267 269 272 273 
0 25 40 131 171 172 178 181 187 204 242 248 249 252 254 255 257 259 261 263 265 267 269 272 273 
0 29 40 68 171 175 180 181 188 206 242 246 249 251 254 256 257 259 261 263 265 267 269 271 273 
3 12 40 94 170 173 178 183 186 233 242 246 249 252 254 255 257 259 261 264 266 267 270 271 273 
1 7 40 100 171 172 179 183 185 207 243 246 250 251 254 256 257 259 261 263 266 267 269 271 273 
1 33 38 61 171 172 178 183 187 193 242 246 249 252 254 255 257 259 261 263 265 267 269 272 273 
0 25 38 121 171 176 179 184 187 193 242 246 249 252 254 255 257 259 261 263 265 267 269 271 273 
3 16 37 165 169 172 179 184 185 209 242 246 249 251 254 255 257 259 261 264 266 267 269 272 273 
1 12 40 62 171 176 178 183 185 211 242 246 249 252 254 255 257 259 261 263 266 267 269 271 273 
1 7 38 151 171 175 180 181 188 228 242 248 249 251 254 255 257 259 261 263 265 267 269 272 273 
3 12 40 73 171 174 177 182 186 228 242 248 249 252 254 256 257 259 261 264 266 267 269 272 273 
0 28 38 88 170 175 178 182 186 227 242 248 249 252 254 255 257 259 261 263 265 267 270 271 273 
0 29 40 88 171 173 180 183 186 207 242 246 249 251 254 255 257 259 261 263 265 267 269 272 273 
3 29 38 81 168 175 180 183 186 224 243 248 249 252 254 255 257 259 261 263 265 267 269 272 273 
0 28 37 84 171 173 179 181 187 204 243 248 249 251 254 255 257 259 261 263 265 267 269 272 273 
0 14 37 118 171 175 179 181 187 204 242 248 249 252 254 256 257 259 261 263 265 267 270 271 273 
3 29 37 77 168 174 179 183 187 227 242 246 250 252 254 256 257 259 261 263 265 267 269 272 273 
3 28 40 61 171 173 180 182 188 236 242 246 249 251 254 255 257 259 261 263 265 267 269 272 273 
0 28 38 92 168 172 179 183 187 227 242 248 250 251 254 255 258 259 261 263 265 267 269 272 273 
1 36 40 80 171 173 180 181 186 204 242 246 249 252 253 255 257 259 261 263 265 267 269 272 273 
0 28 40 100 167 174 177 181 187 241 242 246 249 251 254 255 257 259 261 263 265 267 269 271 273 
2 12 38 147 167 172 180 181 186 224 242 247 249 251 254 256 257 259 261 263 265 267 269 272 273 
3 28 40 61 171 174 178 183 187 190 242 246 249 251 254 255 257 259 261 263 265 267 269 272 273 
0 10 38 49 171 172 179 181 187 239 242 248 249 251 254 255 258 259 261 263 265 267 269 271 273 
0 12 38 151 171 176 179 181 187 191 244 248 249 251 254 255 257 259 261 263 265 267 269 271 273 
0 15 40 136 167 175 179 181 185 235 242 246 250 252 253 256 257 259 261 264 266 267 270 271 273 
1 28 40 131 168 175 178 181 188 239 242 246 249 252 254 256 257 259 261 263 265 267 269 272 273 
0 7 38 72 171 174 179 181 188 239 242 248 250 251 254 255 258 259 261 263 265 267 269 272 273 
1 12 40 62 171 173 179 182 186 234 242 246 250 252 254 256 257 259 261 263 265 267 270 271 273 
1 29 37 57 168 175 178 181 187 238 242 248 249 251 254 255 257 259 261 264 266 267 269 272 273 
0 23 40 58 167 172 178 181 187 193 243 246 249 252 254 256 257 259 261 263 265 267 269 271 273 
3 29 40 94 168 175 178 181 188 234 242 246 249 252 254 256 257 259 261 263 265 267 269 272 273 
0 36 40 100 170 172 178 184 187 190 242 246 249 252 254 256 257 259 261 264 266 267 269 272 273 
3 12 40 61 168 175 179 181 187 206 242 246 249 252 254 255 258 259 261 263 265 267 269 272 273 
3 12 38 94 171 172 179 184 186 205 242 248 250 252 254 256 257 259 261 263 265 267 270 271 273 
0 23 37 136 169 172 179 184 186 212 242 248 249 252 254 255 257 259 261 263 265 267 269 271 273 
3 12 40 58 168 174 178 181 188 197 243 246 249 251 254 255 257 259 261 263 265 267 269 272 273 
3 29 40 58 171 175 180 184 187 221 242 246 249 251 254 255 258 259 261 264 266 267 269 272 273 
0 20 38 145 171 174 179 181 187 201 242 248 249 252 254 255 257 259 261 263 265 267 269 272 273 
0 29 38 80 170 175 179 184 186 228 242 248 249 252 254 255 257 259 261 263 265 267 269 272 273 
0 25 40 135 171 174 179 183 187 190 242 246 249 252 254 255 257 259 261 263 265 267 269 272 273 
1 29 38 73 171 176 178 183 185 211 242 247 250 252 254 255 257 259 261 263 266 268 269 271 273 
0 26 40 66 171 172 179 183 186 237 242 246 249 252 254 255 257 259 261 263 265 267 270 271 273 
3 28 40 63 171 175 179 184 187 201 243 248 249 251 254 255 257 260 262 263 265 267 269 271 273 
1 33 38 81 171 176 179 183 185 219 242 247 249 251 254 255 257 259 261 263 266 267 269 271 273 
0 28 38 47 171 175 177 181 186 234 242 248 249 251 254 255 257 259 261 263 265 267 269 272 273 
1 25 40 47 171 175 179 181 186 197 242 246 249 252 254 255 257 259 261 263 265 267 269 272 273 
3 12 40 88 168 175 180 182 186 197 242 246 249 251 254 255 257 259 261 263 265 267 269 272 273 
0 33 40 142 167 172 180 183 186 238 242 246 249 252 254 255 257 259 261 264 266 267 270 271 273 
0 28 38 135 170 174 178 183 186 189 242 248 249 251 254 256 257 259 261 263 265 267 269 272 273 
1 5 38 66 171 176 179 183 187 202 242 248 249 252 254 255 257 260 262 263 265 268 269 271 273 
2 12 39 45 171 173 178 182 186 241 242 246 249 252 254 255 257 259 261 263 265 268 269 271 273 
0 12 40 81 171 174 179 183 187 207 242 246 249 251 254 256 257 259 261 263 265 267 269 271 273 
1 12 40 136 171 175 178 184 188 206 242 246 249 252 254 255 257 260 262 263 265 267 269 272 273 
3 22 37 62 171 175 179 184 187 201 243 248 249 251 254 255 257 259 261 263 265 267 269 272 273 
0 12 40 142 171 174 179 183 187 215 243 246 250 252 254 255 257 259 261 263 265 267 270 271 273 
3 21 38 139 171 175 178 184 187 206 242 246 249 251 254 255 257 259 261 263 265 267 269 271 273 
0 25 38 73 168 174 178 183 188 215 242 248 249 252 254 255 257 259 261 264 266 267 270 271 273 
1 7 40 68 171 173 178 183 187 212 242 246 249 251 254 256 257 259 261 263 265 267 269 272 273 
3 34 40 62 171 175 179 181 186 239 242 246 249 252 254 255 257 260 261 263 265 267 269 272 273 
2 12 40 131 168 174 178 183 186 211 242 246 249 251 254 255 257 259 261 263 265 267 269 271 273 
3 36 37 88 170 175 180 184 188 218 244 248 249 252 254 255 257 259 261 263 265 267 269 272 273 
0 7 38 117 168 175 179 181 187 206 242 246 249 251 254 255 258 259 261 263 265 267 269 271 273 
0 33 40 127 171 175 178 182 186 201 242 246 249 252 254 255 257 259 261 263 265 267 269 272 273 
0 12 41 58 171 174 179 183 188 212 242 248 249 252 254 255 257 259 261 263 265 267 269 272 273 
0 28 40 145 171 174 179 183 187 239 242 246 249 251 254 255 258 259 261 263 265 267 269 271 273 
1 28 40 140 171 172 179 184 188 193 242 246 249 251 254 256 257 260 262 263 265 267 269 272 273 
0 28 40 145 171 173 178 182 185 201 242 246 249 251 254 255 258 259 261 263 265 267 269 271 273 
1 31 38 163 171 175 179 181 186 219 242 248 250 252 254 256 257 259 261 264 266 267 269 272 273 
1 12 40 66 171 174 179 183 185 239 242 246 249 251 254 255 258 259 261 263 266 267 269 272 273 
1 33 40 85 171 173 178 182 186 204 242 246 249 252 254 255 257 259 261 263 265 267 269 272 273 
0 29 40 96 171 173 179 181 187 209 242 246 249 251 254 255 257 259 261 263 265 267 269 272 273 
1 7 40 101 171 175 179 181 188 189 242 246 250 252 254 255 257 260 261 263 265 267 269 272 273 
1 36 40 87 171 173 179 184 186 219 242 246 249 252 254 256 257 259 261 263 265 267 269 272 273 
3 12 40 76 171 173 178 182 186 212 242 246 249 252 254 255 257 259 261 264 266 267 269 271 273 
3 12 40 118 168 174 179 183 188 223 242 248 249 252 254 255 257 259 261 263 265 267 269 272 273 
0 29 40 61 171 172 179 182 187 212 244 248 249 251 254 255 257 259 261 263 265 267 269 272 273 
1 28 40 77 171 175 179 183 185 210 243 246 250 251 254 255 258 260 261 263 265 267 269 272 273 
1 28 37 87 171 173 178 181 187 201 242 246 249 251 254 255 257 259 261 264 266 267 270 271 273 
0 21 37 99 168 174 179 184 187 209 243 248 250 252 254 255 257 259 261 263 265 267 269 272 273 
0 10 37 58 171 175 178 181 187 241 242 248 249 251 254 255 257 259 261 263 265 267 269 272 273 
0 28 37 55 171 172 179 184 187 239 242 248 249 251 254 255 258 259 261 263 265 267 270 271 273 
3 28 40 137 169 173 180 181 187 236 242 246 249 251 254 255 257 259 261 264 266 267 269 272 273 
1 33 40 108 171 173 178 183 188 238 242 246 249 252 254 255 257 259 261 263 265 267 269 272 273 
1 25 40 142 171 175 179 184 187 224 242 246 249 252 254 256 257 259 261 263 265 267 270 271 273 
0 33 40 73 168 176 179 183 188 219 242 246 250 251 254 255 257 259 261 263 265 267 269 271 273 
3 29 38 73 171 175 180 181 187 234 242 246 249 252 254 255 257 259 261 263 265 267 269 272 273 
1 29 41 137 171 173 178 183 188 241 242 246 249 252 254 255 257 259 261 264 266 267 269 272 273 
0 16 40 62 167 175 179 183 187 203 242 246 249 252 254 255 258 259 261 263 265 267 269 272 273 
2 28 40 51 171 172 179 181 187 197 243 246 249 252 254 255 257 259 261 263 265 267 269 272 273 
3 12 40 94 169 172 179 183 186 207 242 246 249 252 254 255 257 259 261 263 265 267 270 271 273 
1 36 38 88 171 174 179 183 187 198 242 248 250 251 254 255 257 259 261 263 265 267 269 272 273 
3 12 38 101 171 175 178 182 186 238 242 246 249 252 254 255 257 259 261 263 265 267 270 271 273 
3 28 40 73 171 173 179 182 188 241 242 246 249 252 254 256 257 259 261 263 265 267 269 272 273 
1 4 40 101 170 174 178 183 188 225 242 248 249 251 254 255 257 259 261 264 266 267 269 272 273 
0 36 37 94 170 172 178 181 188 206 242 248 249 252 254 255 257 259 261 263 265 267 269 272 273 
0 12 38 73 167 175 179 183 186 198 242 246 249 251 254 256 257 259 261 263 265 267 269 272 273 
3 33 37 73 171 176 179 183 188 205 242 246 249 251 254 256 257 259 261 263 265 267 269 271 273 
0 12 40 137 171 175 179 183 187 230 242 246 249 251 254 255 257 259 261 263 265 267 269 272 273 
0 28 40 103 171 174 178 183 185 194 242 246 249 251 254 256 257 260 262 263 266 267 269 272 273 
0 15 40 131 169 175 179 181 186 239 242 246 249 252 253 256 257 259 261 264 266 267 270 271 273 
0 33 40 114 171 175 179 184 188 241 242 246 249 252 254 256 257 260 261 264 266 267 269 272 273 
0 12 38 81 171 174 179 181 185 241 242 248 249 252 254 255 257 259 261 263 265 267 269 272 273 
3 17 41 90 171 174 178 183 185 191 242 248 249 251 254 255 257 259 261 263 266 267 269 271 273 
0 33 38 73 169 175 178 182 188 204 242 248 249 252 254 255 257 259 261 263 265 267 269 272 273 
3 33 40 108 168 174 179 183 188 223 242 246 249 252 254 255 257 259 261 263 265 267 269 272 273 
1 12 38 47 171 175 179 181 186 207 242 248 250 252 253 256 257 259 261 264 266 267 270 271 273 
1 28 40 76 168 175 180 183 187 190 242 246 249 252 254 255 257 259 261 263 265 267 269 272 273 
3 7 40 126 169 173 179 182 185 201 242 246 249 251 254 255 257 260 262 264 266 267 269 271 273 
0 28 38 136 171 172 179 184 188 235 242 248 249 252 254 255 257 259 261 263 265 267 269 272 273 
3 29 40 135 171 174 180 181 186 209 242 246 249 252 254 255 257 260 261 263 265 267 270 271 273 
2 33 38 135 169 174 177 183 187 224 242 248 250 251 254 256 257 259 261 263 265 267 269 272 273 
1 28 40 137 171 173 178 182 188 204 242 246 249 252 254 256 257 259 261 263 265 267 269 272 273 
1 7 40 86 171 174 179 183 185 191 242 246 250 252 254 255 258 259 261 263 266 267 269 272 273 
2 25 40 80 169 174 177 183 186 229 242 246 249 252 254 255 257 259 261 263 265 267 269 272 273 
3 28 38 73 169 173 179 183 185 223 243 248 250 252 254 255 257 259 261 263 265 267 269 272 273 
1 28 40 73 171 173 178 183 188 203 242 246 249 252 254 256 257 259 261 264 266 267 269 272 273 
0 15 40 135 168 175 179 183 188 204 242 246 249 252 254 256 257 260 261 263 265 267 270 271 273 
2 36 38 121 167 175 179 181 187 219 242 246 249 251 254 255 258 259 261 263 265 267 269 272 273 
3 36 39 52 169 176 179 181 188 212 242 246 250 251 254 256 257 259 261 263 265 267 269 271 273 
0 28 40 131 171 175 180 181 188 224 242 246 249 252 254 255 257 259 261 263 265 267 269 272 273 
0 16 40 84 169 174 179 181 187 199 242 246 249 251 254 255 258 259 261 263 265 267 269 271 273 
1 12 40 118 171 172 179 181 186 241 242 246 249 252 254 256 257 259 261 263 265 267 269 272 273 
0 7 40 55 171 175 179 181 185 209 242 246 249 251 254 255 258 259 261 263 266 267 269 271 273 
2 36 40 145 171 172 179 183 188 241 242 246 249 251 254 255 257 259 261 264 266 267 269 272 273 
3 12 37 45 171 175 180 183 186 190 242 248 249 252 254 255 257 260 262 264 266 267 269 272 273 
0 28 40 151 168 173 179 182 188 231 242 246 249 252 254 256 257 259 261 263 265 267 269 272 273 
1 33 38 45 171 172 178 184 188 189 242 248 249 252 253 256 257 259 261 263 265 267 269 272 273 
1 33 38 131 171 173 179 183 186 235 242 246 250 252 253 256 257 259 261 263 265 267 270 271 273 
0 7 38 48 171 173 178 183 188 238 242 248 249 251 254 255 257 259 261 264 266 267 269 272 273 
1 33 40 73 169 174 179 181 188 227 242 246 249 251 254 256 257 259 261 263 265 267 269 272 273 
0 33 38 142 168 174 179 183 185 219 242 248 249 252 254 255 257 259 261 263 266 267 269 272 273 
0 28 38 86 171 174 179 183 185 198 242 248 249 252 254 255 257 259 261 263 266 267 269 272 273 
1 29 40 100 171 175 178 181 186 203 242 246 249 252 254 255 257 259 261 263 265 267 269 272 273 
1 21 41 48 171 175 179 183 185 214 242 248 250 252 254 255 257 259 261 263 266 267 269 272 273 
0 28 40 114 169 172 178 183 187 238 242 246 249 252 254 255 258 259 261 263 265 267 269 272 273 
3 29 40 80 171 175 178 183 186 241 242 246 250 252 254 255 257 260 261 263 265 267 270 271 273 
3 19 40 104 171 173 179 184 187 206 242 248 249 252 254 255 258 259 261 263 265 267 269 272 273 
0 36 38 88 169 175 178 184 187 193 242 246 249 252 254 255 257 259 261 263 265 267 269 272 273 
0 6 38 88 171 172 179 182 186 191 242 248 250 252 254 255 257 259 261 263 265 267 270 271 273 
1 7 40 151 171 175 177 183 187 193 242 246 249 252 254 255 257 259 261 264 266 267 269 272 273 
1 33 40 142 171 173 179 183 186 215 242 246 250 251 254 256 257 259 261 263 265 267 270 271 273 
3 7 40 151 171 172 179 182 187 209 242 248 250 252 254 255 257 259 261 263 265 267 269 272 273 
3 36 40 62 169 175 178 183 187 224 242 248 249 251 254 256 257 259 261 264 266 267 269 272 273 
0 12 37 88 171 175 180 183 186 215 242 246 249 252 254 255 258 259 261 264 266 267 269 272 273 
0 28 40 135 169 172 180 184 188 241 242 246 249 251 254 255 257 259 261 263 265 267 269 272 273 
0 28 40 137 168 173 179 181 187 197 242 248 249 252 254 255 257 259 261 263 265 267 269 272 273 
2 23 38 151 171 173 177 182 187 234 242 246 249 252 254 255 257 259 261 264 266 267 269 272 273 
1 33 40 131 168 176 178 184 188 216 242 246 249 251 254 256 257 259 261 263 265 267 269 271 273 
3 29 38 101 171 174 178 183 188 189 242 246 249 251 254 255 257 259 261 263 265 267 269 272 273 
1 21 40 130 171 174 179 183 185 191 243 246 249 252 254 256 257 259 261 263 266 267 269 271 273 
2 29 40 76 171 173 178 182 188 199 244 246 249 252 254 255 257 259 261 263 265 267 270 271 273 
3 12 40 88 171 173 180 182 186 238 242 246 249 252 254 255 257 259 261 264 266 267 269 272 273 
0 28 37 61 171 174 179 183 185 240 242 248 249 251 254 256 257 259 261 263 266 267 269 272 273 
1 4 40 125 168 174 179 183 188 193 242 246 249 252 254 255 257 259 261 263 265 267 269 272 273 
2 29 40 77 171 175 179 182 186 212 242 246 250 252 254 255 257 259 261 263 265 267 270 271 273 
0 12 38 135 171 174 179 183 186 218 242 248 249 252 254 256 257 259 261 263 265 267 270 271 273 
1 28 37 135 171 176 179 181 186 227 242 248 250 252 254 256 257 259 261 263 266 267 269 272 273 
0 28 38 61 171 175 178 183 187 189 242 246 249 251 254 256 257 259 261 263 265 267 269 272 273 
0 28 40 136 171 172 179 182 187 209 243 246 250 252 254 255 257 259 261 263 265 267 269 272 273 
1 12 39 45 171 175 178 183 186 203 243 246 249 252 254 255 257 259 261 263 265 267 270 271 273 
0 21 38 71 168 172 179 182 185 239 242 248 249 251 254 255 258 259 261 263 266 267 269 272 273 
0 12 38 94 168 172 178 183 186 238 242 248 249 252 254 255 257 259 261 263 265 267 269 272 273 
0 33 39 68 167 174 179 183 188 199 243 246 250 252 254 255 257 259 261 263 265 267 270 271 273 
1 21 40 105 171 172 180 182 186 212 242 248 249 251 254 255 257 260 261 263 265 267 269 272 273 
3 12 38 61 169 173 179 182 187 204 242 246 249 252 254 256 257 259 261 263 265 267 269 272 273 
3 25 40 73 171 172 178 183 188 196 242 248 249 251 254 255 257 259 261 263 265 267 269 271 273 
3 12 40 135 171 173 179 182 187 236 244 246 249 252 254 255 257 259 261 263 265 267 269 272 273 
3 29 41 151 169 173 178 184 187 224 242 248 249 252 254 256 257 259 261 263 265 267 269 272 273 
0 23 41 107 168 175 178 183 188 201 243 248 249 251 254 256 257 259 261 263 265 267 269 272 273 
1 28 39 101 171 172 179 183 187 204 243 246 249 252 254 255 257 259 261 263 265 267 269 272 273 
3 29 38 81 171 173 179 181 186 193 242 248 249 252 254 255 257 259 261 263 265 267 270 271 273 
1 28 40 76 168 174 179 183 185 229 243 246 250 251 254 255 258 259 261 263 266 267 269 272 273 
1 28 39 88 171 172 179 183 187 203 243 246 249 252 254 255 257 260 261 264 266 267 270 271 273 
2 33 37 142 171 173 178 182 188 201 243 246 249 252 254 255 257 259 261 263 265 267 269 272 273 
3 7 40 44 168 175 179 183 185 189 242 246 249 251 254 256 257 259 261 263 266 267 269 272 273 
3 28 37 55 168 175 179 181 188 189 243 248 249 251 254 255 257 259 261 263 265 267 269 271 273 
3 28 37 136 169 172 178 181 188 238 242 248 249 251 254 255 257 259 261 264 266 267 269 272 273 
1 12 40 131 171 172 177 184 187 219 242 246 249 252 254 256 257 259 261 263 265 267 269 272 273 
0 28 38 62 170 174 179 181 187 212 242 246 249 252 254 255 257 259 261 263 265 267 269 272 273 
3 21 40 59 168 172 179 182 187 215 242 248 250 251 254 255 257 259 261 263 265 267 269 272 273 
1 21 40 52 171 175 178 181 187 193 242 246 249 251 254 255 257 259 261 263 265 267 269 272 273 
1 28 40 100 171 173 178 183 186 238 242 246 249 251 254 255 257 259 261 264 266 267 270 271 273 
0 4 38 133 171 172 179 181 187 223 242 246 249 252 254 255 257 260 262 263 265 267 269 272 273 
0 28 40 74 168 176 178 183 188 241 242 246 249 251 254 255 258 259 261 264 266 267 269 271 273 
1 36 40 118 171 175 178 183 188 236 242 246 249 252 254 255 257 259 261 263 265 267 270 271 273 
3 25 40 80 171 174 179 183 187 204 242 248 249 252 254 255 257 259 261 263 265 267 270 271 273 
0 36 38 58 171 172 178 184 187 203 243 248 249 252 254 255 257 260 262 263 265 267 269 272 273 
3 12 40 77 171 172 178 182 186 204 242 246 249 252 254 255 257 259 261 263 265 267 269 272 273 
0 28 38 81 168 175 178 181 187 234 242 248 249 251 254 255 257 259 261 263 265 267 269 272 273 
3 7 38 58 171 173 177 183 187 204 242 248 249 252 254 256 257 259 261 263 265 267 269 272 273 
0 28 40 147 171 173 180 184 187 204 242 248 249 252 254 255 257 259 261 263 265 267 270 271 273 
3 29 38 80 171 174 179 184 186 206 243 248 249 252 254 256 257 260 261 263 265 267 269 272 273 
3 12 38 137 171 173 179 184 186 229 243 248 250 252 254 256 257 259 261 263 265 267 270 271 273 
0 25 40 131 171 175 178 181 186 241 242 246 249 252 254 255 257 259 261 264 266 267 269 272 273 
3 7 40 121 171 173 179 182 185 234 242 246 249 252 254 255 257 259 261 264 266 267 270 271 273 
0 12 40 47 168 174 178 183 185 230 242 246 249 251 254 256 257 259 261 263 266 267 269 271 273 
1 29 40 61 171 175 178 183 186 190 243 246 249 252 254 255 257 259 261 264 266 267 269 272 273 
1 25 38 58 171 175 179 181 186 219 242 248 250 252 254 256 257 259 261 264 266 267 269 272 273 
1 12 40 135 171 175 179 182 188 221 242 246 249 252 254 255 257 260 261 263 265 267 270 271 273 
1 29 40 73 171 175 180 184 186 205 242 246 249 251 254 255 257 259 261 263 265 267 270 271 273 
1 12 38 92 171 174 179 184 188 240 242 248 249 252 254 255 257 259 261 263 265 267 269 272 273 
1 12 38 108 171 172 178 184 186 192 242 245 249 251 254 255 257 259 261 263 265 267 270 271 273 
3 28 37 61 168 175 178 183 187 191 242 248 249 251 254 256 257 259 261 264 266 267 269 272 273 
0 23 40 136 170 174 178 183 186 219 243 246 249 252 254 255 257 259 261 263 265 267 270 271 273 
3 28 40 145 171 175 178 183 188 190 242 246 249 251 254 256 257 259 261 264 266 267 270 271 273 
1 28 39 131 168 174 179 184 187 235 244 246 249 251 254 255 257 259 261 263 265 267 269 271 273 
3 33 39 147 169 173 178 182 188 209 244 246 249 252 254 256 257 259 261 263 265 267 270 271 273 
1 28 40 131 171 172 178 183 187 238 242 248 249 252 254 256 257 259 261 264 266 267 269 272 273 
3 28 41 159 171 175 179 183 186 219 242 247 249 251 254 255 257 259 261 263 265 267 270 271 273 
0 29 38 58 171 172 179 181 188 193 243 248 249 252 254 256 257 259 261 263 265 267 269 272 273 
0 28 37 163 171 175 179 181 185 209 242 246 249 252 254 255 257 259 261 263 266 267 269 272 273 
3 34 40 151 171 173 178 182 186 199 242 246 249 252 254 255 257 260 261 263 265 267 269 272 273 
3 25 40 147 171 175 178 182 188 206 242 246 249 252 254 255 257 259 261 263 265 267 269 272 273 
3 28 39 68 171 172 178 183 185 212 243 246 249 252 254 255 257 259 261 263 266 267 270 271 273 
0 7 40 113 171 175 178 181 187 224 242 246 249 251 254 255 257 259 261 263 265 267 269 271 273 
2 15 40 135 171 173 178 181 188 238 242 246 249 252 254 255 257 259 261 263 265 267 269 272 273 
1 28 39 58 167 175 179 183 186 236 244 246 249 251 254 255 257 259 261 263 265 267 269 272 273 
0 28 38 134 171 175 179 181 186 237 242 246 249 251 254 255 257 259 261 263 265 267 269 271 273 
3 7 40 145 169 175 178 183 185 222 242 246 249 252 254 255 257 260 262 263 266 267 269 272 273 
0 29 40 47 171 173 179 182 186 234 242 246 249 252 254 255 257 259 261 263 265 267 269 272 273 
0 36 40 135 168 174 179 183 185 199 243 246 250 252 254 255 258 259 261 263 266 267 269 272 273 
1 12 40 142 169 176 178 184 188 236 242 246 249 252 254 255 257 259 261 263 265 267 269 272 273 
2 15 40 73 169 174 178 183 185 200 242 246 250 252 254 256 257 259 261 263 266 267 270 271 273 
1 23 40 66 170 173 178 181 187 201 243 246 249 252 254 255 257 259 261 263 265 267 269 272 273 
1 28 39 101 171 175 178 183 187 236 243 246 249 252 253 255 258 260 261 264 266 267 269 272 273 
0 29 37 68 171 172 178 182 186 236 242 246 249 252 254 255 257 259 261 263 265 267 269 272 273 
3 21 41 120 168 175 179 181 187 200 243 246 249 251 254 255 257 259 261 263 265 267 269 271 273 
3 24 37 64 168 175 179 181 185 204 242 246 249 252 254 255 257 259 261 263 266 267 269 271 273 
1 33 38 162 171 175 179 184 186 189 242 247 250 252 254 256 257 259 261 264 266 267 269 272 273 
3 4 40 66 169 175 178 183 187 221 242 246 249 252 254 255 257 260 262 264 266 267 269 272 273 
0 12 40 45 171 175 177 181 186 229 242 246 249 252 254 256 257 259 261 263 265 267 270 271 273 
3 23 38 162 171 172 179 184 188 204 242 248 249 252 254 255 257 259 261 263 265 267 269 272 273 
0 29 38 88 171 175 179 181 188 209 243 248 249 252 254 256 257 259 261 263 265 267 269 272 273 
0 21 40 163 168 175 177 181 186 223 243 246 249 252 254 255 257 259 261 263 265 267 269 272 273 
1 12 40 81 171 173 178 182 187 236 242 246 249 252 254 255 257 259 261 264 266 267 269 272 273 
1 29 40 62 171 175 179 183 185 202 242 248 249 252 254 255 257 259 261 263 266 267 269 272 273 
0 36 40 61 168 174 179 181 187 239 242 246 249 252 254 255 257 259 261 263 265 267 269 272 273 
2 33 40 47 171 175 179 181 186 215 242 246 249 251 254 255 257 259 261 263 265 267 269 272 273 
3 25 39 131 169 172 179 184 185 201 242 246 249 252 254 256 257 259 261 263 265 267 269 272 273 
0 5 38 59 167 175 179 183 186 219 242 248 249 251 254 255 257 259 261 263 265 267 269 272 273 
0 25 40 103 168 174 179 183 186 232 242 246 249 252 254 255 257 259 261 263 265 267 270 271 273 
1 28 40 162 171 175 178 183 187 224 242 246 249 252 254 255 257 259 261 263 265 267 269 272 273 
1 29 39 136 171 175 179 184 187 198 243 246 249 252 254 255 257 259 261 263 265 267 269 272 273 
3 36 40 131 168 173 179 182 188 238 242 246 249 252 254 255 257 259 261 263 265 267 269 272 273 
0 25 40 61 171 173 178 181 187 233 242 248 249 252 254 255 257 260 262 264 266 267 269 272 273 
3 28 40 131 171 173 178 183 187 197 242 246 249 251 254 256 257 259 261 263 265 267 270 271 273 
0 12 40 131 171 174 179 183 188 205 243 247 250 251 254 255 257 259 261 263 265 267 269 272 273 
0 28 40 131 167 172 178 182 187 224 242 246 249 252 254 255 257 259 261 263 265 267 269 272 273 
0 24 37 160 171 172 179 183 187 221 242 248 249 251 254 255 257 259 261 263 265 267 269 272 273 
0 12 40 88 171 173 178 184 187 212 242 246 250 252 254 255 257 259 261 263 265 267 269 272 273 
1 5 37 144 171 172 179 181 188 241 243 248 250 251 254 255 257 259 261 263 265 267 269 272 273 
1 29 40 118 171 176 178 182 186 204 242 246 249 252 254 255 257 259 261 263 265 268 269 271 273 
3 36 40 135 171 174 179 183 187 223 242 248 249 252 254 255 257 259 261 263 265 267 270 271 273 
0 36 40 96 169 175 179 181 188 235 242 246 249 251 254 255 257 259 261 263 265 267 269 271 273 
0 28 38 81 171 172 180 181 187 234 242 248 249 251 254 255 257 260 261 263 265 267 269 272 273 
1 29 38 81 171 172 180 182 188 209 242 248 249 251 254 255 257 259 261 263 265 267 269 271 273 
0 7 37 104 168 173 179 183 187 204 242 248 249 251 254 255 257 259 261 264 266 267 269 272 273 
1 4 41 96 171 175 177 181 186 209 242 248 249 252 254 255 257 260 261 263 265 267 269 272 273 
0 12 40 131 167 175 178 181 188 241 242 246 249 252 254 256 257 259 261 263 265 267 269 272 273 
2 28 40 147 171 172 179 184 185 223 243 246 250 252 254 256 257 259 261 263 266 267 269 272 273 
1 12 40 142 171 175 179 183 187 235 242 246 250 252 254 255 257 259 261 264 266 267 270 271 273 
1 21 40 102 171 172 179 182 185 222 242 246 249 251 254 255 257 259 261 263 266 267 269 271 273 
3 12 40 81 171 175 179 181 188 189 242 246 249 252 254 255 257 259 261 263 265 267 270 271 273 
1 28 40 151 171 174 179 182 186 199 242 246 249 252 254 256 257 260 262 263 265 267 269 272 273 
3 7 37 154 169 174 179 183 187 191 242 245 249 251 254 256 257 259 261 263 265 267 269 271 273 
0 28 38 151 171 172 179 184 187 239 242 248 249 251 254 255 258 259 261 263 265 267 269 272 273 
1 14 40 59 171 176 179 183 185 236 242 246 249 252 254 256 257 259 261 263 266 267 269 272 273 
3 12 40 147 171 174 179 183 187 215 243 246 250 252 254 256 257 259 261 263 265 267 270 271 273 
0 21 40 158 168 172 179 184 187 189 244 246 249 251 254 255 257 259 261 263 265 267 269 272 273 
3 4 41 159 171 175 178 182 187 224 242 248 249 252 254 255 257 259 261 263 265 267 269 272 273 
3 29 38 125 171 174 179 182 185 215 242 246 249 251 254 255 257 259 261 263 265 267 269 272 273 
2 12 40 135 171 175 180 183 186 238 242 246 249 252 254 255 257 259 261 264 266 267 269 272 273 
1 12 40 147 168 175 180 181 187 238 242 246 249 252 254 256 257 259 261 263 265 267 269 272 273 
0 23 40 92 171 174 179 181 186 222 242 248 249 252 254 255 257 259 261 263 265 267 269 272 273 
3 33 37 94 171 176 179 182 188 239 244 248 249 251 254 255 257 259 261 263 265 267 269 271 273 
2 33 38 94 171 175 178 183 188 222 242 246 249 252 254 255 257 259 261 263 265 267 270 271 273 
0 28 38 54 171 176 179 181 185 204 243 248 249 251 254 255 257 260 262 263 265 267 269 271 273 
3 4 39 114 170 175 179 181 187 212 244 246 250 251 254 255 257 259 261 263 265 267 269 272 273 
0 21 39 101 171 175 178 182 186 204 244 246 249 252 254 255 257 259 261 263 265 267 269 272 273 
1 12 38 140 171 174 179 183 188 227 242 248 249 251 254 256 257 260 262 264 266 267 269 272 273 
2 4 38 76 171 174 179 183 188 205 242 246 249 252 254 255 257 259 261 263 265 267 269 272 273 
0 28 38 60 169 175 179 184 188 204 242 248 249 251 254 255 257 259 261 263 265 267 270 271 273 
0 7 40 111 169 172 179 181 187 193 242 248 249 251 254 255 257 259 261 263 265 267 269 272 273 
0 24 40 141 171 174 179 183 188 191 242 246 249 251 254 256 257 259 261 263 265 267 269 271 273 
0 33 38 47 167 175 180 181 187 203 242 246 249 252 254 256 257 259 261 263 265 267 269 272 273 
0 23 37 62 167 173 179 181 186 215 243 246 250 252 254 255 257 259 261 263 265 267 270 271 273 
0 4 38 134 171 172 178 183 187 241 242 246 249 251 254 255 257 259 261 264 266 267 269 271 273 
0 28 38 51 171 174 179 183 187 234 242 246 249 251 254 255 257 259 261 263 265 267 269 272 273 
3 35 40 112 169 175 180 181 187 203 242 246 249 252 254 255 257 259 261 263 265 267 269 272 273 
1 28 40 121 171 174 179 183 186 232 243 246 249 252 254 255 257 259 261 264 266 267 270 271 273 
0 29 40 88 171 173 178 182 186 241 242 246 249 252 254 255 257 259 261 263 265 267 269 272 273 
0 33 40 88 171 173 178 181 185 226 242 246 249 252 254 255 257 259 261 263 265 267 269 272 273 
0 12 40 151 168 175 179 183 185 189 242 246 249 251 254 255 257 259 261 263 266 267 269 272 273 
0 36 37 88 171 175 180 184 186 234 243 248 249 252 254 255 257 259 261 263 265 267 269 272 273 
0 28 38 139 171 173 180 184 185 205 242 247 249 251 254 255 257 259 261 263 266 267 269 272 273 
3 7 37 67 169 172 179 184 188 193 242 248 250 251 254 255 257 259 261 263 265 267 270 271 273 
0 24 40 138 168 175 179 183 185 212 242 246 250 251 254 256 257 259 261 263 266 267 269 272 273 
2 15 38 135 168 172 179 181 188 204 242 248 249 251 254 255 257 259 261 263 265 267 269 272 273 
3 7 37 77 169 174 179 184 185 206 242 246 249 252 254 256 257 259 261 263 266 267 269 272 273 
0 25 40 58 169 174 179 183 187 239 242 246 249 251 254 255 257 260 262 263 265 267 269 272 273 
1 12 40 162 170 175 179 184 188 193 242 246 250 252 254 256 257 259 261 263 265 267 269 272 273 
1 36 38 94 171 175 177 184 188 197 242 248 249 252 254 255 257 259 261 263 265 267 269 272 273 
3 36 40 62 169 175 178 181 186 197 242 246 249 252 254 255 257 259 261 263 265 267 270 271 273 
3 28 40 77 169 173 179 182 187 201 242 246 249 252 254 255 257 259 261 263 265 267 269 272 273 
1 33 38 55 168 173 179 184 186 198 242 248 250 252 254 256 257 259 261 263 265 267 270 271 273 
0 28 40 151 171 172 179 181 187 224 242 246 249 251 254 255 257 259 261 263 265 267 269 272 273 
0 33 40 73 167 175 179 183 188 222 242 246 249 252 254 255 258 259 261 264 266 267 269 272 273 
3 12 40 80 171 172 179 184 186 201 242 248 249 252 253 255 257 260 261 263 265 267 269 272 273 
0 12 38 147 171 176 178 181 188 223 242 246 249 252 254 256 257 259 261 263 265 268 269 271 273 
0 29 38 68 171 175 179 181 187 203 242 248 249 252 254 255 257 259 261 263 265 267 269 272 273 
2 36 40 81 171 174 179 183 187 235 242 246 249 251 254 255 257 259 261 264 266 267 269 271 273 
0 12 40 80 167 175 178 183 187 201 242 246 249 252 254 255 257 259 261 264 266 267 270 271 273 
1 21 38 54 171 174 179 183 185 228 242 248 249 251 254 255 258 259 261 263 266 267 269 272 273 
2 28 40 131 169 174 178 181 185 205 242 246 249 251 254 255 257 259 261 263 266 267 269 272 273 
3 4 37 50 169 174 179 181 188 215 244 248 249 252 254 255 257 259 261 263 265 267 269 272 273 
3 17 40 50 171 173 178 182 188 209 242 246 250 251 254 255 257 259 261 263 265 267 269 272 273 
0 36 40 65 167 174 178 183 185 239 242 246 249 252 254 256 257 259 261 263 266 267 269 272 273 
3 21 40 53 169 172 179 181 188 203 242 246 249 252 254 256 257 259 261 263 265 267 269 272 273 
3 12 41 76 171 173 178 184 188 197 242 248 249 252 254 255 257 259 261 264 266 267 269 272 273 
3 25 40 73 171 174 178 183 186 197 242 246 249 252 254 255 257 259 261 263 265 267 269 272 273 
3 25 40 47 171 175 179 181 186 189 242 246 250 252 254 255 257 259 261 263 265 267 270 271 273 
0 29 38 45 167 174 179 184 188 209 243 248 249 251 254 255 257 259 261 263 265 267 269 271 273 
1 33 39 73 171 174 178 183 185 239 242 246 249 252 254 255 257 259 261 263 266 267 269 272 273 
0 23 40 50 168 174 179 183 186 228 242 246 249 251 254 255 258 259 261 263 265 267 269 271 273 
1 25 38 80 171 175 179 183 186 197 242 248 249 252 254 255 257 259 261 263 265 267 270 271 273 
3 24 40 129 171 172 179 181 185 204 242 246 249 251 254 256 257 259 261 263 265 267 269 271 273 
0 4 38 56 168 174 179 183 187 210 242 248 249 252 254 255 258 259 261 263 265 267 269 272 273 
0 4 38 137 168 174 179 181 187 235 242 248 250 251 254 255 257 259 261 263 265 267 269 272 273 
0 29 40 88 171 175 179 181 185 209 242 246 249 251 254 255 257 259 261 263 266 267 269 271 273 
2 28 38 137 168 175 179 181 187 193 242 248 249 251 254 255 257 259 261 263 265 267 269 272 273 
3 22 41 46 169 174 180 183 187 193 243 248 249 251 254 255 258 259 261 263 265 267 269 272 273 
2 25 41 135 171 173 179 181 187 212 242 248 249 251 254 255 257 259 261 263 265 267 269 271 273 
3 33 39 108 170 173 178 181 188 203 243 246 250 252 254 255 257 259 261 264 266 267 269 272 273 
1 12 40 73 171 175 178 181 186 203 242 246 249 252 254 256 257 259 261 263 265 267 270 271 273 
3 25 40 118 167 175 178 184 186 195 242 246 249 252 254 255 257 259 261 263 265 267 270 271 273 
0 17 40 62 171 175 178 184 186 221 242 246 249 252 254 256 257 259 261 264 266 267 269 272 273 
0 33 38 123 170 175 178 181 186 215 243 248 249 252 254 256 257 259 261 263 265 267 270 271 273 
0 36 38 135 167 175 180 181 188 205 242 248 249 252 254 255 257 259 261 263 265 267 270 271 273 
1 29 40 81 171 175 178 183 187 197 243 248 249 252 254 255 257 259 261 264 266 267 269 272 273 
3 21 39 125 171 174 178 184 185 213 242 246 249 252 254 255 257 259 261 264 266 267 269 272 273 
2 28 38 135 170 175 177 183 186 219 242 248 249 251 254 255 257 259 261 263 265 267 269 272 273 
3 28 37 125 171 173 179 181 187 234 242 246 249 252 254 255 257 259 261 263 265 267 269 272 273 
1 28 40 61 171 175 179 183 186 221 242 246 250 252 254 255 257 259 261 264 266 267 270 271 273 
3 9 40 118 171 172 178 181 186 198 242 246 249 252 254 255 257 260 261 263 265 267 270 271 273 
0 28 40 62 170 175 178 183 187 224 242 246 249 251 254 255 258 259 261 264 266 267 269 272 273 
0 6 38 66 171 172 178 182 186 189 242 246 250 252 254 256 257 259 261 263 265 267 269 272 273 
3 7 39 59 168 173 178 181 185 201 243 246 249 252 254 255 257 259 261 263 265 268 269 271 273 
3 28 40 109 171 175 178 183 187 238 242 248 249 252 254 255 258 259 261 264 266 267 269 271 273 
1 29 40 144 169 175 179 183 187 239 242 246 250 251 254 256 257 259 261 263 265 267 270 271 273 
0 33 38 52 171 172 179 184 185 199 242 248 250 251 254 256 257 259 261 263 265 267 269 271 273 
3 4 41 149 169 175 178 183 187 241 242 248 249 252 254 255 257 259 261 264 266 267 270 271 273 
1 28 39 151 169 172 179 184 187 209 243 246 249 252 254 256 257 259 261 263 265 267 269 272 273 
3 15 39 94 171 175 179 183 186 238 244 246 249 252 254 255 257 259 261 263 265 267 270 271 273 
0 23 40 100 168 174 179 184 188 215 242 246 249 251 254 255 257 259 261 263 265 267 269 272 273 
1 28 39 50 167 175 179 183 186 236 244 246 249 251 254 255 257 259 261 263 265 267 269 272 273 
1 16 38 143 168 172 179 183 188 206 242 248 249 251 254 255 257 259 261 263 265 267 269 271 273 
1 30 38 68 171 173 179 182 188 224 243 248 249 252 254 255 257 259 261 263 265 267 270 271 273 
1 36 40 50 171 176 178 183 187 238 242 246 249 252 254 256 257 259 261 264 266 267 269 272 273 
1 12 40 135 171 173 178 182 186 189 242 246 249 252 254 256 257 259 261 263 265 267 270 271 273 
0 23 40 51 168 175 179 184 187 241 242 246 249 252 254 255 258 259 261 263 265 267 269 272 273 
0 36 40 76 171 172 179 181 187 234 242 246 249 252 254 255 258 259 261 263 265 267 269 272 273 
1 33 40 108 171 174 178 182 188 229 243 246 249 251 254 255 257 259 261 263 265 267 269 272 273 
1 29 40 94 171 173 178 181 187 238 242 246 249 252 254 256 257 259 261 263 265 267 270 271 273 
3 12 40 118 169 172 178 183 186 238 242 246 249 252 254 255 257 259 261 264 266 267 270 271 273 
0 4 38 72 171 172 178 181 187 197 242 248 249 252 254 255 257 259 261 263 265 267 269 272 273 
0 12 37 136 170 174 179 183 185 211 242 248 250 252 254 255 257 259 261 263 266 267 269 272 273 
1 28 40 135 168 172 178 183 185 209 242 246 249 252 254 256 257 259 261 264 266 267 269 272 273 
2 33 38 135 171 175 179 182 186 237 242 247 250 252 253 256 257 259 261 263 265 268 269 271 273 
2 36 38 135 168 175 179 183 185 207 242 248 249 251 254 255 257 259 261 263 266 267 269 272 273 
0 28 40 131 171 175 179 181 186 193 242 246 249 251 254 256 257 260 261 263 265 267 269 272 273 
1 12 38 142 171 174 179 184 188 239 242 248 249 252 254 256 257 259 261 263 265 267 269 272 273 
0 36 38 107 168 174 178 183 187 213 242 246 249 251 254 256 257 259 261 263 265 267 269 272 273 
1 29 38 47 171 175 178 183 186 203 242 248 249 252 254 255 257 259 261 264 266 267 269 272 273 
1 12 40 92 171 175 179 184 188 203 242 246 249 252 254 255 257 259 261 263 265 267 270 271 273 
0 23 38 150 168 174 179 183 185 206 242 246 249 251 254 256 257 259 261 263 266 267 269 271 273 
0 28 38 50 169 172 180 184 188 204 242 248 249 251 254 256 257 259 261 263 265 267 269 272 273 
3 12 40 73 171 174 180 184 186 235 243 248 249 252 254 255 257 260 261 263 265 267 270 271 273 
1 4 40 137 171 173 177 183 188 193 242 246 249 252 254 255 257 259 261 263 265 267 270 271 273 
0 15 40 77 168 173 178 183 186 193 242 246 249 252 254 255 258 259 261 264 266 267 269 272 273 
3 12 38 101 171 174 179 183 187 224 242 247 249 251 254 255 257 259 261 264 266 267 269 272 273 
0 12 38 87 171 174 179 183 186 210 242 248 249 251 254 255 257 259 261 263 265 267 270 271 273 
1 28 40 58 168 174 178 183 186 241 242 246 249 252 254 255 258 259 261 264 266 267 269 272 273 
1 7 38 154 171 175 178 181 185 197 242 248 249 251 254 255 257 259 261 263 265 267 269 271 273 
0 23 38 113 171 174 179 183 187 219 242 246 249 251 254 255 258 259 261 263 265 267 269 271 273 
0 28 38 92 169 174 179 183 188 230 243 248 249 252 254 255 257 259 261 263 265 267 269 272 273 
2 12 38 88 167 176 179 183 185 195 243 247 249 252 254 256 257 259 261 263 266 268 269 271 273 
1 28 40 131 168 175 178 183 186 197 242 246 249 252 254 256 257 259 261 264 266 267 269 272 273 
0 7 38 114 171 172 179 183 187 189 242 248 249 251 254 256 257 259 261 263 265 267 269 272 273 
1 29 40 114 171 172 178 182 186 197 242 246 249 252 254 255 257 260 261 263 265 267 269 272 273 
0 7 38 111 170 174 179 181 187 223 242 248 249 251 254 255 258 259 261 263 265 267 269 271 273 
3 29 40 163 171 176 178 183 187 196 242 246 249 251 254 255 257 259 261 263 265 267 269 272 273 
3 16 38 124 171 172 179 181 186 197 242 248 249 252 254 255 257 260 261 263 265 267 269 272 273 
0 28 38 81 170 174 179 183 186 240 242 246 249 251 254 256 257 259 261 263 265 267 269 272 273 
3 12 41 131 171 175 179 181 186 193 242 246 249 251 254 255 257 259 261 263 265 267 270 271 273 
3 12 40 118 169 173 178 181 188 238 243 246 249 252 254 256 257 259 261 263 265 267 270 271 273 
3 22 40 138 168 176 177 183 186 240 242 246 249 251 254 255 258 259 261 263 265 267 269 271 273 
3 29 40 81 170 175 179 181 188 239 242 246 249 251 254 255 257 259 261 263 265 267 270 271 273 
0 27 40 145 167 174 179 183 187 235 242 246 249 252 254 255 257 259 261 263 265 267 269 272 273 
0 21 38 58 168 174 179 184 187 223 242 248 250 251 254 255 258 259 261 263 265 267 269 272 273 
3 21 37 132 171 174 179 183 185 222 242 246 249 252 254 255 257 259 261 263 266 267 269 272 273 
1 8 38 133 171 175 179 184 185 204 243 246 249 251 254 255 257 259 261 263 265 267 269 272 273 
3 23 40 73 171 174 178 183 188 207 242 246 250 252 254 255 257 259 261 263 265 267 269 272 273 
0 28 40 54 168 174 179 183 187 215 242 246 250 251 254 255 258 259 261 263 265 267 269 271 273 
0 33 38 73 168 175 180 181 188 204 242 248 249 252 254 255 257 259 261 263 265 267 269 272 273 
2 28 40 77 171 174 177 183 185 217 242 246 249 252 254 255 257 259 261 263 266 267 269 272 273 
0 28 40 137 167 174 179 184 185 209 242 246 249 251 254 255 257 259 261 264 266 267 269 272 273 
0 25 40 151 169 173 178 183 188 236 242 246 249 252 254 255 257 259 261 264 266 267 269 272 273 
1 29 40 102 168 174 179 183 188 217 242 246 250 251 254 255 258 259 261 263 266 267 269 272 273 
0 12 38 135 171 173 178 183 188 236 242 248 249 252 254 255 257 259 261 264 266 267 270 271 273 
0 28 37 142 168 174 180 183 187 231 242 248 249 251 254 256 257 259 261 263 265 267 269 272 273 
3 25 40 88 168 173 179 181 186 239 242 246 249 252 254 256 257 259 261 263 265 268 269 271 273 
0 28 38 136 171 174 179 183 185 231 242 248 250 252 254 255 257 259 261 263 266 267 269 272 273 
3 29 38 68 171 174 178 183 186 200 243 248 249 251 254 255 257 260 261 264 266 267 270 271 273 
1 22 38 149 171 174 178 183 188 203 242 248 249 252 254 255 257 259 261 263 265 267 269 272 273 
0 12 38 94 168 174 179 183 187 239 242 248 249 252 254 255 257 259 261 263 265 267 269 272 273 
3 12 40 102 168 176 178 181 186 203 242 246 249 252 254 256 257 259 261 264 266 268 269 271 273 
1 7 40 98 171 172 179 182 187 203 242 246 249 251 254 256 257 259 261 263 265 267 269 272 273 
3 33 40 45 171 173 180 184 186 241 242 246 249 252 253 255 257 259 261 263 265 267 270 271 273 
0 12 38 147 168 174 179 183 186 202 242 245 249 252 254 255 257 259 261 263 265 267 269 272 273 
3 5 39 98 171 176 179 181 185 211 243 246 249 251 254 255 258 259 261 263 266 267 269 271 273 
3 36 41 68 171 173 178 182 186 241 242 248 249 252 254 256 257 259 261 264 266 268 269 271 273 
3 9 40 147 171 173 180 181 186 241 242 246 249 251 254 255 257 259 261 263 265 267 269 272 273 
3 33 40 127 171 172 180 184 186 224 243 246 249 252 254 255 257 260 261 263 265 267 270 271 273 
1 7 38 95 171 172 179 183 187 203 242 248 249 251 254 255 258 259 261 263 265 267 269 272 273 
1 21 40 137 171 175 179 183 187 231 242 246 249 252 254 255 257 259 261 263 265 267 269 272 273 
1 21 40 163 171 172 179 183 185 228 242 246 250 252 254 256 257 259 261 263 266 267 269 272 273 
3 7 37 164 171 175 178 181 188 231 242 246 249 252 254 256 257 259 261 264 266 267 269 272 273 
0 33 40 135 167 175 177 183 186 194 242 246 249 252 254 255 257 259 261 263 265 267 269 272 273 
0 33 38 136 171 172 178 181 187 203 242 248 249 251 254 255 257 259 261 264 266 267 269 272 273 
1 7 40 128 171 176 177 184 187 227 242 246 249 252 254 255 257 260 262 263 265 267 269 271 273 
1 29 40 135 171 175 180 184 186 241 243 246 249 252 254 255 257 259 261 263 265 267 269 272 273 
0 12 40 80 171 175 180 181 186 204 242 248 249 251 254 256 257 259 261 263 265 267 269 272 273 
2 12 40 76 171 175 180 182 187 203 242 246 249 252 254 255 257 259 261 263 265 267 269 272 273 
1 7 40 145 171 174 179 181 188 215 243 246 250 252 254 255 257 259 261 263 265 267 269 272 273 
1 9 38 142 171 174 179 183 186 205 242 248 249 252 254 256 257 259 261 263 265 267 270 271 273 
0 29 38 103 171 173 177 181 187 239 242 248 249 251 254 255 257 259 261 263 265 267 269 271 273 
1 23 38 136 171 174 180 184 187 206 242 248 249 251 254 256 257 259 261 263 265 267 269 272 273 
1 29 38 59 171 174 178 183 186 234 243 247 249 251 254 256 257 259 261 264 266 267 269 272 273 
0 29 41 159 171 175 179 181 187 219 244 248 250 252 254 255 257 259 261 263 265 267 269 272 273 
1 7 40 90 168 174 179 183 185 205 242 246 249 252 254 255 258 259 261 263 266 267 269 272 273 
3 21 37 122 168 175 179 183 185 223 242 246 250 251 254 255 257 259 261 263 266 267 269 272 273 
0 28 37 121 167 175 179 181 187 198 242 248 250 251 254 255 257 259 261 263 265 267 269 272 273 
1 29 40 73 171 173 178 184 187 238 242 246 249 251 254 256 257 259 261 264 266 267 269 272 273 
1 13 41 165 171 174 179 183 187 201 242 248 249 252 254 255 257 259 261 264 266 267 269 272 273 
3 28 40 139 168 174 178 183 187 191 242 246 249 251 254 255 257 259 261 263 265 267 269 272 273 
2 36 40 151 171 173 178 184 186 197 242 246 249 252 254 255 257 259 261 263 265 267 270 271 273 
1 12 41 80 171 175 179 183 187 200 243 248 249 252 254 256 257 259 261 263 265 267 269 272 273 
0 12 40 147 168 175 178 181 187 221 242 246 249 252 254 255 257 259 261 263 265 267 269 272 273 
0 6 40 45 171 173 178 184 186 238 242 246 250 252 254 255 257 259 261 264 266 267 270 271 273 
1 28 38 76 171 174 179 183 188 210 242 248 249 251 254 255 258 259 261 263 265 267 269 272 273 
0 28 38 62 171 174 180 184 186 228 242 248 249 252 254 255 257 260 262 263 265 267 269 272 273 
1 7 40 51 171 172 179 181 188 201 242 246 249 252 254 255 257 259 261 263 265 267 269 272 273 
0 23 37 76 171 175 179 181 186 224 244 248 249 252 254 255 258 259 261 263 265 267 270 271 273 
0 29 40 81 171 173 178 183 186 238 242 246 249 252 254 255 257 259 261 263 265 267 269 272 273 
0 28 39 136 171 172 179 183 187 222 243 246 249 251 254 255 257 259 261 263 265 267 269 272 273 
0 29 40 66 171 174 179 183 188 205 243 247 250 251 254 255 257 259 261 263 265 267 269 272 273 
3 23 40 59 168 172 179 184 187 239 242 246 249 251 254 255 257 259 261 263 265 267 269 272 273 
0 29 40 52 168 175 179 183 187 208 242 248 249 252 254 256 257 259 261 264 266 267 269 272 273 
0 28 40 73 171 173 180 181 186 224 242 246 249 252 254 256 257 259 261 263 265 267 269 272 273 
1 25 40 131 171 172 179 183 186 213 242 246 249 252 254 255 257 259 261 263 265 267 269 272 273 
1 12 40 142 171 174 179 183 186 225 244 246 249 252 254 255 257 259 261 263 265 267 270 271 273 
1 22 38 92 171 175 180 181 188 234 243 248 249 252 253 256 257 260 261 264 266 267 269 272 273 
0 28 38 59 168 172 179 183 188 227 242 248 249 251 254 255 258 259 261 263 265 267 269 272 273 
0 36 38 88 171 175 179 183 185 239 242 248 249 251 254 255 257 259 261 263 266 267 269 272 273 
1 29 39 131 171 172 179 183 185 209 242 248 250 252 254 256 257 259 261 263 266 267 270 271 273 
0 7 37 43 171 174 179 181 187 199 242 248 250 251 254 256 257 259 261 263 265 267 269 272 273 
0 28 40 88 169 173 180 184 186 234 242 246 249 251 254 256 257 259 261 263 265 267 269 272 273 
0 15 40 147 168 172 178 184 188 235 242 246 249 251 254 255 257 259 261 263 265 267 269 272 273 
0 36 38 113 171 175 179 181 185 224 242 246 249 251 254 255 257 259 261 263 266 267 269 272 273 
1 36 40 59 171 175 178 181 188 201 242 246 249 251 254 256 257 259 261 263 265 267 269 272 273 
0 25 40 101 169 175 179 181 186 241 242 246 250 252 253 256 257 260 261 264 266 267 269 272 273 
0 28 38 72 170 175 179 181 186 204 242 248 249 252 254 255 258 259 261 263 265 267 269 272 273 
0 29 37 92 171 175 180 181 187 224 242 246 249 251 254 255 257 259 261 263 265 267 269 272 273 
1 28 40 121 171 173 178 183 186 239 242 246 249 251 254 255 257 259 261 263 265 267 269 272 273 
0 17 38 134 170 173 179 181 186 209 244 248 250 251 254 255 257 259 261 263 265 267 270 271 273 
0 15 40 92 171 175 179 181 186 197 243 246 249 252 254 255 257 259 261 264 266 267 270 271 273 
0 36 40 92 167 175 178 183 187 190 242 246 249 252 254 255 257 259 261 264 266 267 269 272 273 
1 29 40 121 171 173 178 182 187 204 244 246 249 252 254 255 257 259 261 263 265 267 269 272 273 
0 12 38 113 171 174 179 183 188 191 244 246 249 252 254 255 257 259 261 263 265 267 269 272 273 
0 7 40 164 168 174 179 181 188 189 242 248 249 252 254 255 257 259 261 263 265 267 269 272 273 
1 12 40 142 171 174 178 183 188 203 242 246 249 252 254 255 257 259 261 264 266 267 269 272 273 
0 7 37 166 167 172 178 183 187 235 242 248 249 251 254 255 257 259 261 263 265 267 269 272 273 
2 33 38 135 171 174 179 183 186 228 242 248 250 252 253 256 257 259 261 263 265 267 269 272 273 
1 28 38 131 169 172 179 182 186 241 242 248 249 251 254 255 257 259 261 263 265 267 269 272 273 
0 36 40 147 168 173 178 182 186 203 242 246 249 252 254 255 257 259 261 263 265 267 269 272 273 
1 12 40 101 171 175 179 181 188 201 242 246 250 252 254 255 257 260 262 263 265 267 270 271 273 
3 31 38 135 170 175 178 183 187 235 242 248 249 252 254 256 257 259 261 263 265 267 269 272 273 
1 29 39 81 171 173 179 183 185 219 243 246 249 251 254 255 257 260 262 263 266 267 269 271 273 
0 7 40 101 171 174 179 181 187 224 242 246 249 252 254 255 257 259 261 263 265 267 269 272 273 
1 25 40 131 171 173 179 181 185 204 242 246 249 251 254 256 257 259 261 263 266 267 269 271 273 
0 4 38 122 168 172 179 184 188 219 242 248 249 252 254 255 257 259 261 263 265 267 269 272 273 
0 28 40 130 171 172 179 184 187 223 242 246 249 251 254 255 258 259 261 263 265 267 269 271 273 
0 28 40 98 168 175 177 183 185 200 242 246 249 251 254 255 258 259 261 263 266 267 269 272 273 
3 4 38 92 168 174 179 183 186 219 242 248 249 252 254 256 257 259 261 263 265 267 269 272 273 
0 29 38 80 171 176 178 183 187 202 242 248 249 252 254 255 257 259 261 263 265 268 269 271 273 
3 28 40 60 171 172 177 184 187 227 242 246 249 251 254 255 257 259 261 263 265 267 269 272 273 
1 12 40 118 171 173 178 183 188 214 242 246 249 252 254 255 257 259 261 263 265 267 269 272 273 
3 28 38 58 168 172 179 184 185 212 242 248 250 251 254 255 257 259 261 263 265 267 269 272 273 
3 21 40 160 171 175 179 181 187 238 242 246 249 251 254 255 257 259 261 263 265 267 269 272 273 
0 7 38 53 171 174 179 183 187 212 242 248 249 251 254 256 257 259 261 263 265 267 269 271 273 
0 20 39 130 168 173 179 183 186 235 243 248 250 251 254 255 258 260 261 264 266 267 269 272 273 
1 17 38 121 171 174 179 183 187 227 244 245 250 251 254 255 257 259 261 263 265 267 269 271 273 
0 36 38 68 171 174 179 183 187 228 242 248 249 251 254 255 257 259 261 263 265 267 269 272 273 
1 12 38 92 171 175 179 183 188 223 243 248 249 252 253 256 257 259 261 263 265 267 270 271 273 
3 7 38 72 171 175 179 183 187 212 242 248 249 251 254 255 258 259 261 263 265 267 269 272 273 
0 29 38 73 168 175 179 184 188 201 242 248 249 251 254 255 257 259 261 263 265 267 269 272 273 
0 7 37 71 168 172 179 181 187 193 244 246 250 251 254 255 258 259 261 263 265 267 269 271 273 
1 23 40 62 171 173 178 183 188 224 242 246 249 251 254 255 257 259 261 264 266 267 269 271 273 
0 12 38 136 170 172 178 181 188 239 242 246 249 252 253 255 257 259 261 263 265 267 269 272 273 
0 36 40 92 168 172 178 183 186 234 243 246 249 252 254 255 257 259 261 264 266 267 270 271 273 
1 29 40 159 171 175 179 184 187 191 242 246 249 252 254 255 257 260 262 263 265 267 269 272 273 
1 18 38 62 171 174 179 183 188 227 243 246 249 251 254 256 257 260 261 264 266 267 269 272 273 
0 22 38 114 168 173 177 183 186 198 242 248 249 251 254 256 257 259 261 263 265 267 269 272 273 
0 7 38 152 168 174 179 183 185 191 242 248 249 252 254 255 258 259 261 263 266 267 269 272 273 
0 36 40 131 168 175 180 181 186 235 242 246 249 251 254 255 257 259 261 264 266 267 269 272 273 
0 28 40 135 171 174 179 182 186 219 242 246 249 251 254 255 257 259 261 263 265 267 269 271 273 
1 12 40 80 171 175 179 181 186 190 242 246 250 251 254 255 257 259 261 264 266 267 269 271 273 
1 23 40 103 168 172 179 181 186 203 242 246 249 252 253 256 257 260 262 263 265 267 270 271 273 
3 7 40 162 168 175 180 181 187 204 242 246 249 252 254 255 257 259 261 263 265 267 269 272 273 
0 36 37 101 171 173 178 181 188 228 242 248 249 252 254 255 258 259 261 263 265 267 270 271 273 
3 25 40 100 168 175 178 181 186 234 242 246 249 252 254 256 257 259 261 263 265 267 270 271 273 
0 7 37 134 171 175 178 183 186 212 242 248 249 252 254 255 257 259 261 263 265 267 269 272 273 
3 28 38 55 171 173 178 183 187 197 243 246 249 252 254 255 257 259 261 263 265 267 270 271 273 
3 4 40 76 168 174 178 183 187 197 242 246 249 252 254 255 257 259 261 263 265 267 269 272 273 
0 31 40 47 170 174 177 181 186 224 242 246 249 251 254 255 257 259 261 263 265 267 269 272 273 
1 28 39 100 171 175 179 181 188 193 242 246 249 251 254 255 257 259 261 264 266 267 269 272 273 
3 21 41 75 171 175 178 181 188 209 243 246 249 251 253 255 257 259 261 263 265 267 269 271 273 
0 15 40 58 169 175 179 181 186 209 242 246 250 252 254 255 258 260 262 263 265 267 269 272 273 
1 33 40 156 171 174 179 183 185 208 243 246 249 251 254 256 257 259 261 263 265 267 269 271 273 
1 28 40 121 169 176 177 182 188 234 242 246 249 252 254 255 257 259 261 263 265 267 269 272 273 
1 28 40 113 171 174 179 181 188 207 242 246 249 251 254 255 257 259 261 264 266 267 269 271 273 
0 29 38 68 171 175 178 181 185 224 242 248 249 252 254 255 257 259 261 263 265 267 269 272 273 
0 21 37 150 167 172 179 182 187 189 242 246 249 251 254 255 257 259 261 263 265 267 269 271 273 
1 25 40 131 171 173 178 183 188 236 242 246 249 252 254 255 257 259 261 264 266 267 269 272 273 
3 12 40 61 171 172 179 183 188 206 242 246 250 251 254 256 257 259 261 264 266 267 269 272 273 
1 28 39 119 171 173 177 182 188 211 243 246 249 251 254 255 257 259 261 263 265 267 269 272 273 
1 12 39 142 171 173 179 181 187 228 243 248 249 251 254 256 257 259 261 263 265 267 269 272 273 
1 29 38 94 171 173 178 183 188 221 242 246 249 252 254 255 257 259 261 264 266 267 269 272 273 
1 21 40 146 171 172 179 183 185 207 244 247 250 251 254 255 258 259 261 263 266 267 269 272 273 
0 4 40 81 168 174 179 183 187 192 242 246 249 251 254 255 257 259 261 263 265 267 269 272 273 
1 12 37 135 171 175 179 181 186 227 242 248 250 252 254 256 257 259 261 263 265 267 270 271 273 
1 28 40 87 171 173 179 182 188 203 242 246 249 252 253 255 257 260 262 263 265 267 270 271 273 
3 25 40 87 171 173 178 181 187 236 242 246 249 251 254 255 257 259 261 263 265 267 269 272 273 
0 25 38 73 171 175 179 182 186 206 242 248 249 252 254 256 257 259 261 263 265 267 269 272 273 
0 12 38 127 167 174 179 183 188 191 242 248 250 251 254 255 257 259 261 263 265 267 269 272 273 
1 12 40 88 171 175 178 182 187 238 243 246 249 252 254 255 257 259 261 263 265 267 269 272 273 
3 4 37 81 169 173 179 184 185 206 244 248 249 252 254 255 257 259 261 263 265 267 269 271 273 
2 25 40 142 171 175 178 181 186 224 242 246 249 252 254 255 257 259 261 263 265 267 270 271 273 
3 33 40 47 171 173 180 184 187 206 242 246 249 251 254 255 257 259 261 264 266 267 269 271 273 
3 24 40 54 171 175 179 183 185 191 242 246 249 252 254 255 257 259 261 263 266 267 269 272 273 
0 28 38 52 168 175 179 183 188 228 242 248 250 251 254 255 258 259 261 263 265 267 269 271 273 
0 12 40 114 168 173 179 184 188 199 242 246 250 251 254 256 257 259 261 263 265 267 269 271 273 
0 15 40 88 171 175 179 181 186 193 242 246 250 252 253 256 257 259 261 263 265 267 270 271 273 
0 28 40 147 168 172 179 181 187 193 244 246 249 251 254 255 257 259 261 263 265 267 269 272 273 
0 6 38 88 171 172 179 182 186 191 242 247 250 252 254 256 257 259 261 263 265 267 270 271 273 
1 36 40 68 171 173 178 182 188 228 242 246 249 252 254 255 257 260 261 264 266 267 269 272 273 
3 21 41 79 167 173 178 182 187 206 242 248 249 252 254 256 257 259 261 263 265 267 269 272 273 
1 28 39 113 167 173 179 183 185 206 242 246 250 251 254 255 257 259 261 263 266 267 269 272 273 
0 12 40 77 168 176 179 183 185 223 242 246 249 251 254 256 257 259 261 263 265 267 269 271 273 
0 29 40 88 171 173 180 182 188 227 242 246 250 252 254 255 257 260 262 263 265 267 270 271 273 
0 28 40 101 169 174 179 183 187 193 242 248 249 252 254 255 257 259 261 263 265 267 269 272 273 
3 29 38 101 171 176 180 184 187 235 242 247 250 251 254 255 257 259 261 263 265 268 269 271 273 
1 7 37 47 171 172 179 182 187 203 242 248 249 251 254 255 257 259 261 263 265 267 269 272 273 
3 28 40 60 167 173 178 183 187 224 242 246 249 252 254 255 258 259 261 264 266 267 269 272 273 
0 7 40 161 171 176 178 181 187 241 242 248 249 251 254 255 257 259 261 263 265 267 269 271 273 
1 12 40 81 171 175 178 183 188 201 242 246 249 251 254 256 257 260 261 263 265 267 269 272 273 
1 28 38 73 170 174 178 183 188 225 242 248 249 251 254 255 257 259 261 264 266 267 269 271 273 
2 4 38 162 168 174 179 183 188 229 244 248 249 252 254 255 257 259 261 263 265 267 270 271 273 
3 25 38 73 171 174 179 183 186 189 242 247 249 252 254 255 257 259 261 263 265 267 270 271 273 
1 20 40 59 171 175 179 181 187 199 242 246 249 252 254 256 257 259 261 263 265 267 270 271 273 
3 28 40 137 169 174 179 183 185 206 242 246 249 252 254 255 257 259 261 263 266 267 269 272 273 
0 33 38 87 171 174 180 181 186 206 242 248 249 252 254 255 257 259 261 264 266 267 269 272 273 
3 23 37 121 171 175 177 183 188 205 242 248 249 252 254 256 257 259 261 263 265 267 269 272 273 
0 36 40 101 168 175 179 181 185 201 242 246 249 252 254 256 257 259 261 263 265 267 269 272 273 
0 28 40 121 167 174 179 181 187 239 243 248 249 251 254 255 257 259 261 263 265 267 269 272 273 
3 33 40 127 171 173 180 182 188 236 242 246 249 252 254 255 257 259 261 263 265 267 270 271 273 
3 4 40 87 168 175 178 182 187 241 242 246 249 252 254 255 257 259 261 263 265 267 269 272 273 
3 17 38 50 167 175 179 181 188 238 242 248 249 252 254 255 257 259 261 263 265 267 270 271 273 
0 36 40 101 171 174 178 181 187 231 243 246 249 251 254 255 257 259 261 264 266 267 269 271 273 
0 5 40 99 168 172 180 183 188 201 242 246 249 251 254 255 257 259 261 264 266 267 269 272 273 
1 31 38 163 171 175 179 181 186 235 242 248 250 252 254 256 257 259 261 263 265 267 270 271 273 
3 36 40 88 169 175 179 181 186 236 242 246 249 252 254 255 257 260 261 263 265 267 269 272 273 
0 28 40 164 171 175 179 183 188 227 242 246 250 252 254 256 257 259 261 263 265 267 270 271 273 
1 28 39 73 171 176 178 183 185 201 242 248 249 252 254 256 257 260 262 264 266 268 269 271 273 
1 24 40 49 171 174 179 183 185 219 242 246 249 252 254 255 257 260 262 264 266 267 269 272 273 
0 4 38 58 171 175 178 181 187 234 242 246 249 251 254 255 257 259 261 263 265 267 269 272 273 
2 28 40 135 167 175 178 184 187 225 242 246 249 252 254 255 257 259 261 263 265 267 270 271 273 
3 33 40 118 171 175 178 184 186 232 242 246 249 252 254 255 257 260 261 263 265 267 269 272 273 
3 29 37 121 168 174 179 181 188 191 242 248 249 252 254 255 257 259 261 263 265 267 269 272 273 
0 28 37 50 171 174 179 183 187 205 242 248 250 252 254 256 257 259 261 263 265 267 270 271 273 
3 36 39 135 169 175 180 181 188 197 242 246 249 252 254 256 257 259 261 264 266 267 269 272 273 
3 4 38 79 171 172 179 181 188 229 242 246 249 252 254 255 257 259 261 263 265 267 269 272 273 
0 21 40 140 171 176 179 181 187 234 243 246 249 251 254 255 257 259 261 264 266 267 269 271 273 
2 23 40 77 169 175 178 182 187 224 243 246 249 251 254 256 257 259 261 263 265 267 269 271 273 
1 7 40 106 171 175 179 181 188 241 242 246 250 252 254 255 258 259 261 263 265 267 269 272 273 
0 28 38 61 171 172 179 181 188 206 242 248 249 252 254 255 257 259 261 263 265 267 270 271 273 
1 36 38 131 171 175 178 184 188 197 242 248 249 252 254 255 257 259 261 264 266 267 269 272 273 
2 5 41 54 171 173 177 182 188 234 242 248 249 252 254 255 257 259 261 263 265 267 269 272 273 
0 30 40 131 169 176 178 183 186 232 242 246 249 252 254 255 257 259 261 263 265 267 269 272 273 
1 28 40 53 171 176 179 181 185 201 242 246 249 251 254 255 258 259 261 263 266 267 269 271 273 
3 28 38 87 171 174 179 181 188 200 242 248 249 252 254 255 257 259 261 263 265 267 270 271 273 
0 12 38 101 168 173 179 182 188 189 242 248 250 252 254 255 257 259 261 263 265 267 270 271 273 
0 36 39 136 169 174 179 183 187 212 243 246 250 252 254 255 257 259 261 263 265 267 270 271 273 
1 29 40 81 168 172 180 183 187 238 242 248 249 252 254 255 257 259 261 264 266 267 270 271 273 
1 7 40 59 171 176 179 184 188 206 242 246 249 251 254 255 257 259 261 263 265 267 269 271 273 
0 12 40 121 168 174 179 184 187 222 242 246 249 251 254 256 257 259 261 263 265 267 269 272 273 
0 12 40 87 171 172 178 183 186 193 242 246 249 252 254 255 257 259 261 263 265 267 270 271 273 
1 4 40 163 171 175 177 183 188 235 242 246 249 251 254 255 258 259 261 263 265 267 269 271 273 
0 12 40 118 171 174 179 183 187 223 242 246 249 252 254 255 257 259 261 263 265 267 269 272 273 
1 13 40 68 171 175 179 183 185 238 242 246 249 251 254 255 257 259 261 263 266 267 269 272 273 
3 13 38 96 169 176 179 183 187 204 242 246 249 252 254 255 258 259 261 263 265 267 269 272 
