0 4 208 491 574 819 1093 1107 1296 1600 1867 2034 2220 2418 2626 2668 2963 3236 3337 3565 3798 3908 4191 4390 4521 4796 4954 5099 5270 5488 5687 5989 6123 6225 
0 117 263 371 722 825 974 1107 1441 1630 1785 2048 2256 2372 2552 2801 2979 3170 3428 3555 3775 3863 4194 4296 4487 4652 4978 5087 5434 5517 5699 5848 6199 6225 
0 117 354 400 655 849 930 1166 1454 1645 1771 1885 2173 2447 2576 2686 3006 3110 3435 3478 3666 3871 4097 4374 4468 4669 4932 5049 5395 5602 5715 5882 6059 6225 
0 117 322 454 717 866 916 1242 1427 1591 1721 1931 2227 2380 2531 2718 2865 3114 3251 3539 3650 3900 4173 4375 4575 4817 5039 5213 5269 5493 5688 5956 6211 6225 
0 101 340 441 651 832 1053 1177 1379 1553 1697 2011 2269 2313 2472 2698 2891 3074 3412 3547 3816 3969 4126 4290 4608 4830 4897 5145 5402 5556 5713 5887 6150 6225 
0 25 222 400 565 849 1056 1107 1291 1576 1835 1948 2194 2358 2560 2732 3010 3079 3299 3496 3708 3869 4136 4397 4605 4768 4890 5226 5318 5545 5757 5991 6223 6225 
0 117 267 400 693 849 1105 1107 1438 1568 1733 1911 2163 2405 2655 2656 3011 3223 3277 3577 3684 3886 4064 4299 4599 4731 4888 5111 5412 5526 5653 5981 6029 6225 
0 117 214 400 669 849 1008 1107 1328 1568 1797 1968 2134 2325 2599 2737 2910 3129 3440 3624 3818 4019 4202 4419 4602 4663 5013 5135 5416 5454 5775 5858 6047 6225 
0 117 217 400 536 874 1073 1107 1452 1616 1754 1936 2198 2301 2539 2782 2906 3154 3316 3508 3771 3939 4175 4335 4503 4775 4964 5051 5241 5463 5788 5934 6055 6225 
0 117 236 400 711 860 923 1107 1372 1568 1715 1968 2208 2325 2481 2737 2863 3129 3428 3494 3655 4019 4092 4419 4570 4663 5028 5135 5249 5454 5722 5858 6117 6225 
0 117 247 400 597 849 1041 1107 1320 1568 1692 1968 2088 2325 2475 2737 3035 3129 3393 3624 3805 4019 4133 4419 4450 4663 5012 5207 5339 5454 5798 5858 6034 6225 
0 54 276 400 668 871 934 1135 1302 1540 1848 1980 2086 2406 2585 2742 2914 3131 3376 3464 3739 3961 4098 4425 4621 4665 4993 5173 5273 5521 5814 5876 6167 6225 
0 114 349 431 686 829 1077 1129 1470 1677 1722 1958 2174 2415 2640 2689 2892 3247 3413 3631 3689 3940 4078 4246 4613 4779 4925 5141 5314 5440 5817 5858 6189 6225 
0 117 245 400 627 849 952 1107 1301 1568 1773 1968 2187 2325 2635 2792 2922 3176 3263 3571 3773 4013 4099 4364 4637 4689 4895 5062 5413 5460 5791 6000 6165 6225 
0 112 306 400 724 849 1009 1131 1368 1621 1756 1955 2221 2345 2544 2677 3005 3124 3396 3616 3686 4025 4059 4286 4595 4803 4998 5143 5390 5496 5705 5890 6115 6225 
0 117 223 400 589 849 1084 1107 1297 1568 1681 2062 2226 2297 2526 2841 2976 3081 3301 3569 3680 3901 4066 4357 4496 4757 4943 5222 5428 5497 5668 6016 6183 6225 
0 117 308 400 669 849 1008 1107 1289 1568 1837 1968 2199 2325 2599 2737 2863 3129 3428 3624 3718 4019 4174 4419 4609 4663 4971 5135 5416 5454 5775 5858 6047 6225 
0 117 289 400 583 752 1018 1270 1477 1656 1874 1992 2179 2364 2507 2846 3029 3136 3428 3563 3758 4036 4200 4281 4627 4716 4989 5231 5298 5507 5697 5939 6047 6225 
0 117 326 400 682 849 948 1237 1351 1568 1684 1968 2077 2325 2506 2737 2885 3129 3291 3624 3818 3973 4202 4328 4618 4709 4903 5155 5313 5539 5804 5975 6200 6225 
0 117 367 400 663 849 992 1107 1400 1568 1767 1968 2089 2325 2541 2737 2909 3129 3339 3624 3846 4019 4151 4419 4525 4719 5015 5135 5353 5454 5755 5858 6058 6225 
0 3 183 443 624 744 1082 1204 1389 1565 1863 1951 2250 2422 2584 2763 3013 3214 3326 3594 3743 4021 4149 4363 4537 4760 4921 5169 5288 5599 5638 5856 6188 6225 
0 127 181 438 705 770 1060 1241 1423 1568 1725 1986 2134 2331 2599 2830 2991 3178 3432 3582 3807 3925 4221 4394 4538 4653 5021 5084 5397 5598 5766 5984 6047 6225 
0 117 165 471 671 863 1069 1107 1373 1568 1862 1889 2126 2280 2581 2737 2966 3129 3341 3643 3649 3896 4089 4419 4556 4663 4880 5135 5426 5454 5787 5858 6099 6225 
0 115 259 400 684 849 913 1185 1353 1568 1837 1968 2117 2325 2498 2767 2988 3129 3284 3624 3843 4019 4174 4419 4523 4663 4844 5162 5419 5454 5654 5858 6057 6225 
0 117 323 400 602 849 1038 1107 1479 1646 1724 1968 2149 2353 2618 2678 2847 3083 3329 3608 3730 3936 4119 4332 4573 4777 4956 5083 5347 5553 5670 6014 6042 6225 
0 31 218 435 539 885 909 1198 1394 1584 1755 2004 2078 2443 2562 2810 2854 3211 3439 3477 3719 4033 4077 4257 4439 4674 4908 5120 5427 5514 5792 5999 6172 6225 
0 117 269 388 630 747 1094 1245 1289 1636 1813 1934 2211 2289 2617 2845 2911 3129 3323 3516 3697 4028 4187 4426 4615 4829 5000 5159 5290 5575 5830 5858 6200 6225 
0 117 200 400 619 849 1091 1223 1333 1662 1873 2010 2206 2420 2525 2723 3024 3092 3290 3556 3671 3930 4112 4302 4576 4701 4859 5127 5263 5561 5691 5878 6154 6225 
0 111 352 477 729 849 982 1212 1378 1666 1820 2046 2192 2355 2537 2711 2990 3100 3271 3597 3806 3910 4153 4269 4636 4730 4839 5184 5410 5471 5784 5974 6138 6225 
0 55 259 400 723 849 1008 1107 1365 1568 1793 1968 2106 2325 2599 2737 3034 3129 3428 3624 3827 3880 4202 4368 4604 4663 4903 5135 5416 5454 5775 5858 6047 6225 
0 36 238 418 710 736 927 1260 1325 1631 1884 1890 2125 2342 2464 2695 2957 3227 3357 3481 3832 3979 4186 4309 4557 4746 4912 5050 5350 5481 5741 5870 6046 6225 
0 117 185 400 617 837 1098 1246 1314 1577 1804 1982 2139 2312 2632 2708 2944 3160 3442 3486 3808 3963 4065 4338 4598 4713 4977 5140 5343 5552 5760 5992 6033 6225 
0 87 163 476 661 790 1066 1111 1298 1568 1736 2001 2098 2414 2491 2663 2953 3129 3261 3498 3779 4029 4216 4285 4531 4762 4913 5135 5324 5487 5768 5884 6109 6225 
0 161 225 517 638 740 936 1268 1366 1526 1689 2063 2158 2359 2567 2839 3038 3163 3342 3552 3790 3937 4111 4385 4476 4736 4899 5110 5278 5567 5657 5839 6104 6225 
0 44 206 456 662 844 1070 1215 1493 1528 1698 2002 2234 2316 2520 2733 3028 3138 3450 3624 3818 4007 4158 4342 4491 4827 5017 5161 5401 5616 5803 5900 6056 6225 
0 117 187 400 684 856 907 1154 1393 1499 1833 2003 2134 2399 2463 2714 2918 3064 3410 3588 3834 3865 4174 4323 4609 4663 4971 5135 5416 5454 5795 5858 6105 6225 
0 23 259 476 684 849 1064 1233 1289 1589 1837 1968 2134 2416 2599 2714 2879 3147 3402 3624 3834 4015 4174 4292 4618 4663 4971 5147 5416 5577 5804 5858 6198 6225 
0 95 261 526 540 858 967 1267 1463 1515 1766 1933 2090 2376 2630 2720 2950 3139 3352 3456 3753 3932 4162 4334 4559 4691 5002 5131 5284 5441 5822 6009 6175 6225 
0 131 316 476 684 761 907 1189 1397 1498 1738 2003 2199 2399 2555 2702 2943 3099 3453 3519 3834 4015 4148 4272 4633 4663 4971 5147 5375 5577 5775 5899 6146 6225 
0 117 249 400 579 849 1068 1107 1385 1568 1710 1968 2145 2325 2600 2737 3046 3129 3355 3559 3695 4000 4208 4419 4480 4712 5030 5063 5274 5515 5723 5911 6170 6225 
0 117 333 412 672 781 938 1107 1421 1547 1708 1978 2254 2409 2650 2842 2874 3216 3397 3596 3694 4012 4110 4424 4614 4753 4946 5112 5367 5607 5761 5978 6187 6225 
0 117 199 400 707 849 961 1172 1447 1567 1782 1926 2133 2292 2536 2834 3000 3144 3404 3546 3714 4039 4214 4415 4458 4698 4858 5094 5327 5516 5692 5862 6100 6225 
0 117 228 518 537 779 917 1147 1288 1574 1693 1946 2099 2395 2607 2697 2999 3234 3421 3620 3759 3991 4105 4277 4638 4814 4862 5152 5266 5540 5716 5923 6209 6225 
0 65 187 485 669 849 907 1159 1466 1635 1833 1898 2091 2346 2639 2822 2863 3230 3417 3618 3710 4015 4202 4391 4609 4663 4939 5135 5313 5464 5775 5858 6200 6225 
0 117 270 400 727 759 941 1107 1307 1626 1699 1930 2087 2325 2533 2727 3030 3167 3264 3613 3698 4019 4073 4381 4461 4781 4842 5135 5253 5618 5686 5959 6130 6225 
0 148 177 400 714 849 1008 1114 1407 1568 1735 1968 2233 2325 2466 2737 2994 3135 3311 3624 3736 3860 4236 4336 4580 4663 5008 5232 5341 5454 5772 5858 6222 6225 
0 117 358 400 728 849 911 1107 1341 1521 1790 1968 2262 2325 2488 2748 2917 3165 3260 3624 3754 3965 4150 4419 4524 4780 5026 5142 5422 5566 5796 5896 6220 6225 
0 117 292 487 535 739 907 1257 1352 1641 1833 1993 2243 2399 2547 2657 2866 3189 3423 3636 3691 4010 4096 4402 4609 4679 4955 5189 5416 5534 5800 6001 6197 6225 
0 117 368 400 690 849 1097 1107 1313 1568 1694 1968 2118 2325 2637 2737 2929 3129 3274 3624 3814 4019 4152 4310 4590 4647 4983 5060 5333 5510 5652 5970 6174 6225 
0 91 240 514 700 751 937 1168 1409 1650 1826 1916 2225 2408 2529 2756 3023 3116 3399 3606 3723 3906 4224 4351 4630 4697 4974 5056 5403 5542 5816 5883 6026 6225 
0 117 331 400 636 849 932 1107 1490 1568 1695 1968 2255 2425 2646 2825 2982 3141 3384 3473 3817 4038 4074 4404 4577 4699 4916 5071 5435 5529 5820 5995 6087 6225 
0 117 315 400 659 849 905 1107 1403 1573 1719 1960 2069 2436 2634 2752 2875 3193 3319 3525 3797 3966 4114 4305 4565 4833 4896 5179 5291 5456 5718 5833 6147 6225 
1 117 187 400 669 849 907 1107 1393 1568 1833 1968 2134 2325 2555 2737 2863 3064 3402 3588 3818 4015 4202 4419 4609 4663 4903 5147 5313 5577 5775 5899 6200 6225 
0 117 229 400 680 849 1103 1107 1393 1568 1833 1968 2134 2325 2462 2737 2879 3129 3402 3518 3818 3898 4202 4399 4618 4765 4903 5134 5313 5551 5804 5849 6200 6225 
0 117 178 400 704 849 1092 1107 1415 1568 1837 1968 2148 2325 2572 2737 2899 3129 3389 3624 3717 4019 4174 4419 4540 4663 4945 5135 5416 5454 5751 5858 6196 6225 
1 117 259 400 684 849 907 1107 1393 1568 1833 1968 2199 2325 2599 2737 2879 3129 3428 3624 3818 4019 4202 4419 4609 4663 4903 5135 5416 5454 5804 5858 6047 6225 
0 48 362 451 590 833 998 1251 1359 1674 1768 1972 2182 2428 2612 2760 2956 3188 3272 3488 3762 4035 4137 4354 4512 4667 4907 5154 5408 5563 5631 5844 6064 6225 
0 16 272 419 634 879 1021 1224 1449 1568 1869 1965 2244 2401 2587 2802 2996 3202 3444 3510 3690 3944 4189 4427 4549 4707 4915 5176 5384 5562 5756 5875 6063 6225 
0 150 313 384 557 738 983 1146 1388 1542 1855 1959 2237 2430 2528 2671 2968 3112 3336 3617 3791 4011 4069 4258 4481 4722 5035 5237 5380 5524 5752 5949 6110 6225 
0 93 242 376 587 849 907 1271 1292 1527 1731 1962 2092 2403 2527 2750 3037 3094 3433 3466 3672 3987 4163 4379 4555 4793 4884 5068 5368 5462 5762 5928 6101 6225 
0 105 195 437 679 875 1019 1247 1380 1504 1800 1938 2239 2385 2517 2745 2985 3067 3381 3627 3682 3881 4049 4378 4527 4727 4874 5156 5407 5580 5651 5905 6079 6225 
0 26 196 407 556 849 940 1162 1315 1506 1842 2006 2252 2306 2555 2798 2949 3199 3452 3624 3711 3921 4174 4376 4552 4720 4866 5075 5319 5519 5680 5858 6200 6225 
0 132 347 509 569 890 1057 1109 1439 1530 1718 1985 2259 2302 2454 2684 2923 3203 3330 3621 3794 3913 4211 4331 4445 4751 4981 5147 5416 5513 5672 5854 6054 6225 
0 47 264 400 609 775 1106 1269 1331 1627 1870 1892 2156 2392 2483 2667 3025 3080 3398 3549 3757 4019 4234 4430 4499 4695 4988 5149 5239 5505 5655 5948 6091 6225 
0 12 351 473 530 889 926 1264 1312 1653 1871 2023 2165 2294 2523 2783 3050 3168 3340 3576 3838 3877 4232 4407 4584 4706 4922 5138 5376 5621 5769 5850 6168 6225 
0 49 212 463 580 870 973 1253 1416 1596 1778 1900 2072 2433 2625 2778 2931 3215 3293 3534 3799 3903 4122 4308 4493 4797 4853 5107 5398 5596 5749 6017 6060 6225 
0 92 246 434 607 900 1032 1226 1422 1555 1815 1977 2082 2333 2624 2703 2907 3175 3445 3529 3733 4002 4231 4419 4644 4690 4841 5057 5250 5452 5728 5840 6134 6225 
0 61 258 500 726 760 1029 1176 1491 1658 1717 1977 2247 2412 2532 2676 3016 3225 3348 3550 3707 3851 4230 4275 4639 4708 4940 5053 5305 5604 5639 5868 6122 6225 
0 143 355 453 635 771 942 1148 1482 1678 1742 2037 2105 2368 2492 2740 2974 3061 3414 3458 3755 3942 4196 4294 4606 4763 4878 5211 5247 5506 5734 5871 6045 6225 
0 30 250 472 566 877 1002 1265 1433 1571 1847 2055 2175 2336 2615 2787 3042 3196 3257 3612 3763 3996 4108 4382 4642 4726 4942 5101 5289 5494 5707 5964 6184 6225 
0 117 300 381 666 849 1100 1107 1451 1572 1878 2000 2068 2325 2505 2737 2862 3244 3369 3624 3741 4019 4235 4318 4447 4832 4891 5126 5246 5504 5708 5946 6108 6225 
0 80 328 433 689 801 915 1222 1442 1500 1779 1949 2071 2325 2583 2776 3053 3115 3346 3624 3756 3894 4042 4419 4509 4816 4963 5067 5334 5498 5632 5843 6195 6225 
0 38 314 400 675 753 985 1116 1469 1568 1796 1968 2191 2325 2548 2737 2857 3129 3287 3624 3848 4019 4205 4419 4548 4663 4959 5135 5392 5454 5827 5858 6126 6225 
0 147 296 393 718 859 958 1261 1450 1508 1714 2047 2267 2445 2471 2768 2897 3102 3374 3535 3764 3857 4222 4243 4518 4835 4893 5223 5299 5597 5700 5944 6074 6225 
0 117 232 469 560 745 1067 1107 1387 1568 1854 2043 2242 2325 2589 2737 3003 3106 3386 3492 3834 3971 4076 4320 4472 4684 4846 5235 5416 5454 5775 6015 6075 6225 
0 6 348 481 652 756 944 1188 1399 1560 1679 2028 2223 2334 2620 2669 2960 3077 3331 3522 3693 4018 4155 4245 4634 4742 5003 5227 5417 5560 5821 5834 6212 6225 
0 117 364 468 567 828 1005 1130 1344 1623 1740 2005 2180 2404 2538 2672 2876 3142 3411 3573 3842 3923 4095 4252 4596 4836 4984 5117 5406 5592 5739 5914 6051 6225 
0 18 312 478 605 823 1086 1217 1358 1517 1798 2009 2270 2348 2608 2786 2882 3069 3378 3591 3826 3985 4217 4282 4479 4770 4968 5078 5257 5548 5767 5933 6061 6225 
0 10 215 400 596 849 1065 1118 1453 1628 1759 1968 2109 2325 2598 2799 2936 3190 3288 3624 3724 4019 4139 4392 4504 4663 4987 5128 5374 5454 5704 5858 6081 6225 
0 83 243 493 629 847 984 1140 1294 1518 1730 1940 2157 2394 2510 2687 2938 3113 3367 3484 3705 3938 4057 4423 4507 4759 4901 5215 5424 5508 5693 5894 6207 6225 
0 122 334 498 528 886 1004 1180 1412 1611 1757 1904 2253 2271 2622 2812 2951 3127 3403 3614 3750 3972 4229 4408 4541 4662 5022 5070 5313 5474 5771 6011 6116 6225 
0 156 281 505 581 894 918 1160 1391 1640 1807 1920 2258 2327 2574 2805 2878 3071 3425 3467 3700 3970 4117 4276 4449 4663 5041 5148 5348 5573 5633 5872 6205 6225 
0 63 197 400 712 734 969 1282 1369 1599 1836 1905 2265 2325 2603 2737 2871 3229 3320 3472 3662 3968 4088 4333 4589 4792 4875 5080 5294 5454 5645 5968 6176 6225 
0 79 226 400 553 884 1087 1165 1414 1671 1801 1968 2238 2325 2553 2737 2995 3184 3426 3624 3722 4019 4176 4291 4641 4823 5038 5218 5311 5454 5649 5979 6216 6225 
0 73 318 440 611 826 1059 1179 1405 1619 1775 1939 2112 2343 2569 2829 3012 3104 3424 3530 3787 3858 4170 4293 4437 4651 4926 5166 5415 5525 5765 5971 6085 6225 
0 85 198 495 573 741 976 1138 1480 1589 1833 2057 2137 2287 2521 2832 2965 3248 3405 3566 3687 3927 4100 4272 4477 4645 4906 5147 5378 5479 5727 5983 6171 6225 
0 135 173 476 695 761 919 1149 1293 1561 1741 2003 2075 2399 2549 2700 2859 3088 3385 3641 3656 3876 4159 4387 4473 4661 4930 5121 5379 5577 5763 5899 6069 6225 
0 138 171 496 568 867 950 1279 1483 1536 1838 1995 2204 2383 2514 2771 2930 3149 3307 3526 3715 3884 4195 4401 4515 4658 4970 5181 5280 5555 5717 5908 6082 6225 
0 22 203 512 623 840 1042 1248 1360 1514 1822 1906 2268 2335 2591 2826 2848 3058 3353 3462 3768 3978 4145 4295 4551 4743 4909 5052 5271 5601 5702 5940 6139 6225 
0 28 194 425 527 888 1089 1287 1317 1649 1868 2025 2224 2367 2467 2682 2998 3166 3267 3572 3699 4008 4193 4327 4530 4718 5024 5137 5240 5589 5703 5873 6052 6225 
0 117 301 400 571 849 947 1192 1316 1660 1707 1981 2102 2325 2638 2693 2997 3076 3418 3624 3716 4019 4072 4380 4535 4787 4938 5135 5404 5454 5810 5858 6025 6225 
0 113 266 400 600 849 907 1171 1418 1664 1744 1968 2079 2325 2555 2696 2908 3185 3324 3624 3783 4019 4174 4369 4539 4663 5027 5151 5351 5454 5710 5858 6200 6225 
0 141 290 521 572 848 966 1221 1311 1539 1709 1913 2205 2424 2476 2694 2886 3089 3446 3625 3712 4020 4041 4314 4560 4790 4991 5095 5312 5465 5673 5835 6112 6225 
0 76 268 470 701 791 995 1127 1299 1675 1830 2019 2168 2435 2590 2699 2905 3233 3280 3512 3822 3967 4101 4244 4625 4724 4857 5170 5387 5583 5774 5912 6163 6225 
0 53 335 395 725 773 931 1173 1327 1552 1781 1945 2241 2396 2623 2658 3002 3213 3328 3602 3737 3899 4212 4388 4629 4680 4887 5144 5272 5541 5681 5960 6169 6225 
0 43 303 510 715 824 939 1266 1323 1655 1839 1935 2215 2298 2613 2679 2928 3164 3451 3465 3819 3960 4228 4307 4601 4676 4972 5221 5433 5603 5831 5980 6158 6225 
0 144 213 450 694 821 962 1191 1339 1570 1814 2014 2107 2448 2485 2759 2919 3104 3448 3532 3651 3878 4185 4411 4484 4711 4889 5066 5279 5544 5650 5990 6155 6225 
0 34 180 436 563 880 960 1167 1343 1639 1696 2030 2228 2318 2480 2821 3051 3217 3455 3623 3748 3934 4239 4298 4456 4756 5020 5059 5400 5572 5773 5957 6157 6225 
0 117 259 400 684 761 907 1107 1289 1568 1837 2003 2199 2399 2555 2737 2879 3129 3402 3588 3818 4019 4174 4419 4609 4663 4903 5135 5313 5577 5804 5899 6200 6225 
0 81 233 457 677 834 990 1286 1489 1597 1752 1996 2128 2397 2461 2706 2904 3098 3366 3493 3648 3988 4180 4250 4454 4749 4894 5171 5344 5533 5754 5885 6062 6225 
0 117 284 428 684 904 907 1169 1374 1638 1702 2003 2132 2356 2643 2729 2942 3220 3325 3581 3834 4031 4218 4393 4553 4826 4848 5214 5275 5476 5737 5869 6036 6225 
0 117 186 400 603 849 1022 1107 1375 1568 1806 1968 2132 2325 2586 2737 2981 3129 3387 3624 3795 4019 4140 4419 4436 4663 5025 5135 5306 5454 5706 5858 6181 6225 
0 117 309 400 625 792 980 1107 1404 1667 1743 1967 2096 2290 2518 2765 2978 3126 3297 3567 3804 3928 4190 4396 4510 4828 5018 5167 5372 5495 5730 5845 6186 6225 
0 117 207 429 542 883 1071 1216 1408 1559 1849 1983 2138 2375 2524 2659 2983 3085 3334 3637 3778 3947 4240 4265 4571 4754 4965 5220 5360 5565 5698 5859 6098 6225 
0 68 278 430 610 768 945 1239 1402 1657 1682 1963 2164 2288 2654 2728 2952 3231 3347 3598 3677 3895 4075 4325 4498 4702 4876 5103 5394 5458 5782 5977 6050 6225 
0 130 360 522 613 785 943 1133 1396 1558 1872 1956 2123 2354 2564 2680 3041 3171 3434 3551 3766 3948 4061 4412 4593 4822 4910 5077 5259 5449 5826 5947 6111 6225 
0 133 343 467 632 783 1095 1209 1386 1505 1860 2054 2172 2438 2611 2685 2935 3130 3306 3644 3703 3904 4125 4315 4448 4789 4883 5065 5292 5451 5743 5924 6190 6225 
0 117 339 382 548 797 1051 1205 1435 1614 1823 2008 2080 2282 2647 2736 2961 3143 3255 3560 3802 4027 4085 4324 4513 4748 4850 5136 5431 5470 5740 5967 6127 6225 
0 117 338 476 669 761 1008 1107 1457 1676 1859 2003 2199 2399 2555 2823 2879 3129 3402 3523 3834 4015 4174 4330 4635 4663 4903 5135 5308 5577 5667 5899 6125 6225 
0 126 342 379 647 878 1052 1281 1488 1569 1688 1901 2251 2276 2563 2803 2850 3140 3298 3607 3831 3897 4188 4339 4465 4821 4843 5055 5283 5590 5626 5966 6076 6225 
0 117 164 400 657 849 929 1107 1420 1568 1705 1907 2110 2325 2535 2836 2896 3179 3373 3545 3729 3905 4179 4419 4463 4715 4961 5233 5316 5454 5674 5998 6201 6225 
0 158 259 476 669 784 907 1107 1303 1502 1818 2003 2085 2314 2555 2713 2920 3242 3441 3570 3735 4016 4201 4270 4587 4682 4927 5187 5265 5511 5801 5937 6182 6225 
0 121 234 515 616 849 975 1283 1304 1642 1857 1893 2232 2369 2649 2737 2890 3086 3422 3624 3792 3866 4132 4419 4532 4663 4994 5096 5293 5454 5763 5858 6218 6225 
0 117 202 400 667 803 1026 1107 1350 1632 1883 2017 2153 2296 2557 2820 2940 3062 3370 3634 3786 3998 4121 4343 4588 4670 5033 5119 5429 5491 5823 6018 6028 6225 
0 85 187 476 592 887 907 1280 1393 1589 1837 1968 2134 2399 2452 2757 2863 3129 3402 3639 3834 4015 4174 4419 4609 4824 5046 5135 5416 5577 5828 6003 6200 6225 
1 117 187 400 669 849 907 1107 1393 1568 1833 1968 2199 2325 2555 2737 2863 3129 3428 3624 3818 4019 4202 4419 4609 4663 4903 5135 5313 5454 5804 5858 6200 6225 
0 84 341 399 720 757 951 1195 1481 1673 1687 2012 2197 2431 2577 2844 2860 3095 3296 3517 3774 4009 4144 4386 4514 4815 5011 5160 5329 5564 5764 5996 6219 6225 
1 117 259 400 684 849 1008 1107 1393 1568 1837 1968 2199 2325 2599 2737 2879 3129 3402 3624 3818 4019 4174 4419 4618 4663 4903 5135 5313 5454 5804 5858 6047 6225 
0 103 298 444 699 898 1012 1200 1410 1546 1880 1970 2076 2377 2642 2744 2913 3161 3375 3490 3835 3873 4062 4341 4533 4664 5040 5164 5393 5531 5777 5926 6149 6225 
0 160 310 424 688 891 949 1182 1321 1598 1879 1961 2162 2351 2490 2747 2945 3134 3379 3635 3781 3995 4171 4274 4624 4755 4904 5064 5370 5570 5658 6006 6114 6225 
0 155 293 465 576 743 972 1208 1430 1507 1686 1957 2222 2299 2500 2675 3009 3156 3358 3479 3829 3920 4060 4337 4544 4758 4923 5124 5358 5585 5738 5954 6159 6225 
1 117 259 400 684 849 1008 1107 1393 1568 1837 1968 2134 2325 2599 2737 2863 3129 3402 3624 3818 4019 4174 4419 4609 4663 4971 5135 5313 5454 5775 5858 6200 6225 
0 41 305 455 561 800 1001 1254 1428 1551 1841 2013 2184 2304 2543 2833 2881 3246 3278 3521 3833 3953 4116 4356 4508 4703 4900 5190 5277 5444 5634 5880 6039 6225 
0 145 224 439 585 746 965 1244 1458 1519 1810 1919 2217 2426 2597 2835 3056 3128 3409 3501 3810 4014 4227 4422 4622 4650 5023 5153 5356 5483 5802 5962 6141 6225 
0 77 204 524 533 845 1055 1207 1495 1582 1760 1921 2263 2309 2508 2731 2921 3228 3416 3457 3837 3931 4156 4377 4516 4745 4864 5146 5267 5528 5719 5927 6191 6225 
1 117 259 400 684 849 907 1107 1393 1568 1833 1968 2199 2325 2555 2737 2879 3129 3428 3624 3834 4019 4174 4419 4609 4663 4903 5135 5416 5454 5804 5858 6200 6225 
0 110 210 504 676 893 914 1184 1472 1568 1748 1987 2177 2277 2487 2773 3044 3073 3344 3470 3824 3983 4081 4348 4545 4750 4928 5091 5313 5527 5799 5969 6027 6225 
0 58 274 423 641 735 1081 1113 1459 1615 1858 1928 2264 2284 2470 2785 2954 3157 3395 3632 3746 4024 4166 4371 4585 4685 4979 5163 5381 5443 5628 5858 6086 6225 
0 33 190 507 591 873 993 1141 1300 1601 1716 1990 2170 2387 2456 2673 2901 3148 3408 3592 3702 3962 4040 4344 4485 4783 4911 5191 5369 5623 5669 5985 6180 6225 
0 134 187 409 595 774 970 1178 1467 1549 1852 1950 2201 2350 2619 2735 2872 3133 3317 3509 3823 3982 4143 4419 4489 4771 5029 5130 5399 5454 5726 5838 6135 6225 
0 136 169 400 543 849 1101 1132 1326 1613 1811 1968 2231 2325 2503 2817 2883 3187 3286 3601 3841 4019 4130 4254 4574 4738 4877 5069 5405 5475 5661 5858 6044 6225 
0 11 201 519 550 815 1085 1136 1440 1581 1763 1908 2185 2417 2504 2712 2849 3145 3262 3574 3659 3907 4103 4431 4542 4834 4933 5105 5252 5501 5676 5861 6177 6225 
0 139 304 404 642 780 1076 1126 1356 1587 1749 2022 2266 2391 2479 2683 2948 3150 3390 3579 3675 3989 4154 4287 4517 4687 4982 5073 5391 5455 5696 5994 6224 6225 
0 27 251 386 640 795 1014 1259 1417 1668 1803 1886 2120 2338 2540 2701 2858 3191 3360 3515 3849 3924 4135 4280 4546 4764 4937 5113 5411 5480 5779 5902 6194 6225 
0 118 188 413 562 814 986 1263 1443 1585 1827 1899 2186 2340 2610 2837 2969 3065 3253 3585 3812 3935 4160 4259 4569 4772 5036 5210 5268 5490 5812 5889 6024 6225 
0 142 330 377 644 895 957 1250 1432 1622 1739 1902 2144 2310 2489 2662 3026 3075 3249 3575 3727 3975 4051 4410 4459 4810 4957 5158 5286 5614 5783 5955 6103 6225 
0 117 168 400 646 765 907 1277 1342 1633 1737 2041 2130 2382 2652 2751 3004 3180 3327 3469 3803 3984 4184 4249 4617 4769 4948 5209 5377 5611 5647 5851 6107 6225 
0 72 319 391 633 835 964 1175 1349 1629 1875 2024 2209 2291 2641 2769 3018 3186 3268 3506 3696 4023 4215 4300 4572 4784 4902 5208 5325 5581 5712 6004 6161 6225 
0 9 166 383 614 798 1079 1156 1384 1513 1812 1896 2261 2370 2575 2804 3027 3241 3335 3460 3785 3964 4146 4312 4451 4808 4951 5058 5330 5576 5758 5916 6037 6225 
0 107 280 398 703 892 981 1273 1496 1634 1780 1894 2235 2440 2568 2813 2893 3109 3304 3595 3713 3872 4052 4373 4632 4672 4860 5074 5304 5537 5825 5918 6097 6225 
0 14 317 513 559 818 925 1170 1471 1556 1783 1979 2141 2378 2474 2827 2964 3121 3372 3475 3742 3870 4090 4350 4582 4714 4870 5118 5396 5500 5671 5898 6102 6225 
0 13 287 488 692 855 1099 1234 1436 1541 1685 1952 2213 2293 2644 2737 2916 3105 3256 3584 3652 3955 4167 4263 4619 4786 5001 5114 5352 5593 5677 5860 6152 6225 
0 52 260 426 599 788 910 1134 1336 1617 1777 1964 2140 2328 2542 2716 3054 3111 3300 3544 3660 4037 4050 4429 4495 4692 4960 5216 5355 5445 5635 5931 6083 6225 
0 94 345 387 637 899 1027 1183 1324 1575 1720 2042 2116 2326 2550 2807 2975 3070 3362 3609 3658 3958 4082 4268 4567 4659 4934 5104 5251 5485 5641 5913 6213 6225 
0 64 179 403 691 777 955 1115 1456 1544 1846 2050 2124 2363 2468 2690 3047 3119 3401 3590 3767 3868 4183 4289 4519 4675 4871 5125 5287 5568 5733 5952 6049 6225 
0 117 175 400 708 852 906 1197 1419 1583 1853 1944 2189 2321 2609 2755 2987 3192 3365 3558 3728 4032 4192 4322 4579 4734 4967 5230 5420 5530 5735 5919 6080 6225 
0 125 369 378 719 857 1007 1150 1437 1532 1816 2015 2083 2330 2645 2766 2853 3159 3279 3520 3688 4004 4045 4297 4623 4825 4855 5203 5423 5612 5646 5986 6202 6225 
0 162 191 475 622 869 977 1152 1361 1524 1746 1927 2084 2323 2614 2788 2855 3122 3259 3593 3664 4030 4048 4372 4492 4801 4849 5201 5365 5588 5742 5917 6068 6225 
0 21 192 417 588 850 1058 1123 1462 1661 1850 1897 2160 2419 2602 2722 3019 3221 3371 3605 3667 3992 4157 4365 4446 4791 4929 5200 5389 5558 5732 5936 6067 6225 
0 60 227 397 575 737 1039 1190 1484 1538 1840 1914 2207 2446 2570 2717 3043 3103 3363 3554 3685 3957 4127 4256 4568 4837 4863 5193 5310 5523 5786 5953 6215 6225 
0 117 307 458 733 767 1030 1230 1390 1511 1844 1988 2074 2337 2573 2824 2958 3096 3356 3531 3749 3892 4134 4278 4607 4773 4919 5088 5337 5453 5729 5941 6048 6225 
0 56 252 525 608 772 991 1284 1475 1548 1802 2029 2131 2439 2601 2749 2939 3222 3305 3557 3777 3912 4169 4340 4529 4737 5047 5076 5346 5448 5797 5929 6023 6225 
0 117 241 483 577 811 988 1144 1383 1568 1769 1941 2249 2315 2511 2758 2903 3226 3283 3497 3692 3977 4142 4248 4442 4656 4892 5135 5282 5439 5759 6005 6090 6225 
0 149 248 482 702 822 1028 1193 1340 1545 1706 1910 2095 2275 2534 2819 3021 3068 3382 3633 3752 3874 4094 4271 4443 4705 4969 5180 5331 5484 5663 5976 6021 6225 
0 35 205 479 593 802 956 1249 1486 1659 1701 1969 2210 2344 2493 2734 2877 3063 3275 3640 3793 3943 4068 4264 4586 4752 4997 5219 5328 5482 5684 5853 6043 6225 
0 70 182 464 604 813 1011 1163 1487 1604 1791 2016 2103 2320 2497 2800 2959 3235 3273 3527 3676 3915 4123 4319 4457 4809 4852 5133 5315 5559 5794 5874 6132 6225 
0 151 170 511 549 881 979 1161 1329 1503 1704 1994 2152 2278 2633 2704 2924 3177 3308 3476 3720 4017 4213 4267 4520 4681 5010 5150 5414 5489 5690 5836 6089 6225 
0 74 283 392 639 769 1010 1137 1345 1652 1831 2033 2159 2322 2596 2791 2934 3120 3361 3483 3657 4026 4204 4359 4464 4744 4992 5183 5303 5617 5790 5886 6221 6225 
0 98 327 503 620 853 1102 1201 1426 1612 1747 1922 2121 2373 2604 2738 2864 3091 3368 3514 3782 3883 4199 4433 4474 4818 4873 5234 5359 5615 5806 5897 6140 6225 
0 45 297 462 706 804 928 1199 1411 1592 1794 1903 2178 2347 2482 2790 3017 3093 3321 3491 3721 3990 4131 4421 4631 4696 5043 5182 5418 5477 5789 5863 6041 6225 
0 119 174 385 538 896 1047 1155 1401 1609 1729 2020 2108 2441 2559 2815 2989 3224 3437 3553 3830 3999 4104 4389 4441 4774 4851 5202 5364 5469 5744 5893 6035 6225 
0 8 285 390 653 776 922 1252 1464 1533 1851 2038 2111 2421 2627 2809 2867 3123 3430 3540 3701 3952 4087 4432 4611 4668 4898 5048 5307 5518 5721 5865 6137 6225 
0 40 365 411 598 796 989 1145 1355 1557 1683 2032 2113 2432 2558 2779 3049 3087 3429 3541 3760 3941 4109 4405 4500 4693 4879 5165 5302 5472 5637 6010 6040 6225 
0 75 244 508 654 755 1049 1196 1485 1643 1753 1976 2070 2362 2595 2753 3015 3072 3266 3630 3683 3879 4124 4417 4543 4766 4886 5195 5300 5547 5724 5950 6192 6225 
0 153 325 452 670 763 1046 1187 1429 1618 1774 2027 2097 2341 2580 2772 2869 3060 3303 3536 3681 3853 4106 4306 4643 4740 4990 5225 5338 5595 5644 5987 6124 6225 
0 37 256 460 555 782 971 1143 1338 1672 1690 2040 2127 2411 2458 2761 2856 3101 3343 3586 3669 3949 4237 4247 4578 4678 4845 5122 5322 5503 5745 5925 6143 6225 
0 5 220 400 534 786 1036 1218 1371 1529 1680 1895 2200 2361 2453 2794 2984 3152 3447 3503 3668 3909 4055 4416 4511 4741 4966 5199 5301 5450 5753 5922 6145 6225 
0 159 262 447 578 748 968 1153 1309 1644 1711 2060 2229 2423 2512 2688 3022 3243 3302 3538 3740 3917 4043 4428 4462 4799 4985 5098 5320 5520 5811 5965 6096 6225 
0 88 216 501 681 882 1037 1206 1431 1512 1824 2018 2230 2413 2651 2664 3007 3232 3392 3629 3761 3986 4241 4353 4497 4767 4999 5178 5309 5478 5636 5951 6120 6225 
0 39 211 410 664 793 1090 1110 1330 1637 1829 1966 2196 2349 2502 2796 2927 3207 3420 3578 3726 3945 4177 4304 4488 4700 4953 5168 5332 5446 5682 5881 6153 6225 
0 51 344 489 730 750 1054 1142 1354 1579 1770 1984 2171 2295 2629 2674 2915 3108 3313 3489 3654 3994 4182 4251 4452 4795 5009 5237 5371 5606 5694 5945 6053 6225 
0 17 271 408 532 843 1031 1240 1476 1625 1832 1929 2188 2357 2522 2661 2992 3210 3345 3589 3663 3864 4079 4284 4628 4660 4917 5217 5430 5546 5656 5910 6072 6225 
0 59 311 373 546 862 1000 1203 1392 1509 1762 2044 2101 2400 2561 2665 2941 3183 3338 3603 3731 3902 4128 4370 4522 4782 4914 5228 5244 5605 5666 5841 6142 6225 
0 128 255 389 696 817 1025 1128 1478 1501 1799 2039 2260 2324 2594 2789 3055 3240 3310 3562 3821 3933 4220 4262 4526 4831 5042 5090 5326 5608 5770 5921 6193 6225 
0 66 277 446 687 830 1006 1202 1335 1554 1788 2058 2219 2374 2621 2828 3032 3209 3281 3502 3800 3914 4226 4361 4626 4761 4885 5236 5335 5622 5805 5930 6144 6225 
0 97 286 396 643 836 963 1124 1446 1647 1821 2036 2146 2429 2484 2814 2933 3151 3292 3626 3801 3993 4056 4311 4536 4717 5032 5206 5409 5594 5629 5842 6206 6225 
0 89 257 432 645 742 1043 1119 1492 1606 1876 2045 2119 2360 2513 2840 3020 3237 3419 3461 3840 3950 4219 4266 4597 4813 4980 5157 5321 5502 5659 5943 6179 6225 
0 90 350 520 698 749 997 1228 1393 1607 1764 1924 2104 2427 2515 2764 2888 3064 3431 3500 3704 3862 4093 4316 4554 4788 4976 5194 5432 5538 5689 5847 6203 6225 
0 124 363 370 552 766 1023 1125 1434 1603 1865 1888 2135 2434 2571 2746 2851 3200 3295 3511 3679 4006 4238 4434 4563 4646 5034 5224 5361 5512 5747 5877 6121 6225 
0 20 275 492 648 876 1015 1235 1448 1534 1795 2031 2100 2365 2545 2774 2895 3117 3407 3459 3732 3893 4165 4317 4444 4739 4865 5082 5385 5600 5776 5942 6032 6225 
0 57 235 394 594 839 1017 1151 1346 1525 1732 2051 2136 2402 2631 2811 2873 3169 3436 3611 3709 3852 4209 4362 4471 4802 4918 5192 5262 5619 5701 5867 6077 6225 
0 24 239 497 615 849 933 1158 1305 1523 1713 2052 2093 2390 2592 2838 2962 3090 3312 3600 3745 4003 4203 4414 4470 4785 4947 5123 5242 5467 5736 5920 6118 6225 
0 157 172 415 554 897 1088 1262 1334 1543 1843 1974 2246 2384 2628 2808 2986 3078 3350 3615 3815 3926 4113 4283 4562 4798 5016 5116 5297 5620 5679 5907 6185 6225 
0 2 230 499 631 902 1035 1139 1413 1563 1761 1942 2073 2449 2530 2780 2912 3066 3406 3624 3646 3890 4091 4303 4483 4649 4975 5212 5349 5571 5695 5891 6217 6225 
0 100 295 445 531 901 920 1157 1473 1605 1734 1909 2181 2305 2499 2797 2852 3201 3270 3548 3725 3859 4138 4413 4505 4812 5031 5205 5436 5586 5665 6012 6070 6225 
0 99 329 420 586 787 1061 1174 1381 1596 1772 2007 2094 2329 2588 2726 2870 3137 3380 3524 3776 3922 4242 4355 4558 4686 4995 5229 5276 5582 5648 5909 6128 6225 
0 140 187 400 529 846 1020 1232 1357 1586 1833 1998 2134 2410 2555 2781 2861 3174 3402 3628 3845 3867 4086 4272 4612 4824 4931 5147 5425 5577 5678 5993 6106 6225 
0 78 167 405 564 794 921 1112 1347 1537 1700 2049 2143 2379 2546 2660 2900 3238 3354 3619 3788 3875 4172 4349 4460 4657 4949 5139 5238 5522 5819 5973 6210 6225 
0 120 366 416 544 789 1045 1214 1363 1550 1866 2021 2193 2272 2636 2770 3001 3197 3438 3474 3811 3997 4083 4261 4486 4735 4861 5109 5383 5447 5780 5888 6160 6225 
0 146 294 427 713 903 954 1274 1395 1648 1745 1937 2240 2398 2616 2719 2889 3172 3269 3528 3847 3954 4047 4326 4475 4820 4996 5061 5261 5492 5709 5988 6020 6225 
0 154 253 459 650 778 1080 1236 1306 1594 1751 2053 2202 2388 2593 2843 2993 3064 3314 3610 3820 4022 4053 4301 4594 4654 4941 5097 5256 5578 5748 6013 6066 6225 
0 117 337 400 716 849 999 1107 1406 1568 1825 1968 2166 2325 2486 2737 3031 3129 3443 3624 3839 4019 4046 4419 4440 4663 4854 5135 5354 5454 5778 5858 6178 6225 
0 109 357 461 697 807 1062 1121 1367 1602 1784 1968 2190 2371 2494 2795 2932 3182 3318 3624 3706 3946 4080 4367 4583 4721 4882 5129 5366 5442 5818 5852 6065 6225 
0 62 302 374 551 762 978 1181 1348 1651 1817 1915 2216 2317 2496 2725 2946 3181 3250 3507 3747 3918 4054 4253 4566 4776 4936 5186 5245 5499 5714 5906 6133 6225 
0 108 209 375 674 764 1016 1194 1370 1624 1864 1912 2176 2319 2501 2762 2925 3198 3332 3468 3673 3916 4233 4346 4482 4728 4868 5108 5285 5587 5627 5963 6092 6225 
0 46 321 421 584 865 946 1117 1332 1520 1877 2035 2257 2300 2469 2705 3040 3162 3315 3487 3809 3885 4161 4418 4490 4677 4856 5198 5296 5466 5685 5857 6214 6225 
0 117 282 400 626 799 1096 1272 1425 1568 1776 2064 2122 2303 2478 2806 2884 3059 3294 3587 3738 4019 4071 4352 4534 4807 5019 5135 5345 5584 5813 6007 6078 6225 
0 71 265 442 709 854 987 1227 1318 1516 1726 1887 2151 2381 2495 2709 2955 3204 3427 3561 3734 4034 4063 4358 4603 4666 4881 5196 5373 5610 5731 5866 6208 6225 
0 117 288 400 732 849 953 1107 1376 1568 1881 1968 2150 2273 2509 2710 2980 3218 3364 3624 3784 4019 4223 4419 4478 4710 4952 5085 5388 5557 5662 6002 6084 6225 
0 106 189 400 570 810 935 1231 1494 1568 1792 2059 2195 2407 2473 2737 2880 3153 3449 3495 3647 4019 4206 4366 4453 4838 4920 5185 5386 5454 5781 5961 6204 6225 
0 15 346 484 545 842 1072 1276 1424 1593 1727 1925 2214 2281 2582 2691 2947 3132 3265 3638 3678 3888 4115 4383 4581 4778 5044 5100 5363 5459 5711 5879 6136 6225 
0 29 279 486 547 868 1083 1275 1382 1620 1765 1999 2248 2442 2455 2741 2972 3212 3258 3542 3769 3889 4102 4321 4592 4794 5045 5054 5438 5574 5643 5903 6093 6225 
0 102 359 449 658 816 1013 1255 1322 1510 1808 1989 2155 2308 2459 2692 3045 3097 3322 3499 3670 3891 4044 4260 4455 4800 4905 5092 5258 5468 5664 5904 6031 6225 
0 117 187 516 665 805 1050 1122 1444 1522 1728 1917 2183 2389 2516 2793 2973 3206 3351 3543 3796 4005 4197 4273 4591 4655 5037 5135 5313 5509 5815 5982 6030 6225 
0 50 237 523 558 812 996 1229 1337 1535 1834 2026 2147 2386 2565 2670 2926 3194 3394 3583 3770 3974 4210 4409 4467 4723 4950 5081 5357 5554 5809 5932 6071 6225 
0 116 320 494 685 849 1033 1278 1460 1497 1789 1954 2212 2325 2460 2818 2898 3107 3388 3533 3661 3959 4198 4420 4506 4725 4869 5177 5340 5579 5630 6019 6119 6225 
0 117 184 400 606 849 1034 1238 1290 1669 1750 1943 2167 2325 2519 2831 2971 3239 3309 3505 3780 3929 4058 4395 4502 4688 5006 5093 5264 5549 5625 5837 6073 6225 
0 117 254 400 612 849 959 1107 1295 1588 1786 1891 2142 2325 2451 2707 2977 3129 3349 3580 3828 3956 4178 4419 4438 4648 4958 5132 5323 5454 5683 5858 6173 6225 
0 82 221 502 649 809 1024 1225 1308 1608 1703 1975 2245 2339 2579 2739 2894 3057 3282 3537 3645 3911 4120 4403 4550 4671 4962 5197 5437 5535 5746 5832 6113 6225 
0 86 332 448 582 806 912 1186 1362 1595 1828 1997 2114 2366 2648 2715 2887 3205 3359 3642 3772 3855 4070 4279 4528 4747 5005 5172 5243 5550 5793 5997 6148 6225 
0 152 356 401 683 838 1003 1120 1445 1564 1819 2065 2236 2274 2556 2754 3052 3084 3383 3568 3751 4001 4181 4360 4466 4805 5007 5175 5362 5591 5725 5892 6022 6225 
0 32 273 422 541 841 994 1213 1398 1590 1691 1973 2169 2437 2450 2743 2902 3155 3276 3564 3850 3854 4107 4255 4616 4804 4867 5102 5260 5613 5675 5895 6156 6225 
0 69 176 406 601 864 924 1211 1455 1663 1809 2061 2161 2311 2477 2775 3039 3219 3400 3463 3844 3980 4147 4400 4547 4732 5004 5188 5382 5461 5829 5915 6094 6225 
0 104 353 506 628 851 1075 1220 1400 1654 1861 1953 2066 2393 2606 2777 2868 3245 3254 3622 3653 3951 4168 4384 4501 4673 4935 5106 5342 5532 5785 5938 6162 6225 
0 137 361 402 660 827 1040 1210 1364 1566 1787 1958 2203 2444 2578 2666 2970 3195 3333 3513 3674 3981 4141 4406 4610 4729 4973 5204 5255 5473 5640 6008 6164 6225 
0 129 291 480 673 758 1078 1164 1461 1665 1805 2056 2218 2307 2653 2681 3014 3158 3285 3485 3836 3887 4225 4329 4494 4704 4986 5072 5295 5624 5642 5855 6129 6225 
0 67 324 490 731 820 1063 1258 1474 1578 1856 1991 2129 2279 2551 2721 3048 3082 3377 3604 3825 4019 4129 4345 4620 4806 4944 5086 5336 5536 5824 5864 6166 6225 
0 96 336 372 678 861 1044 1285 1377 1580 1712 1923 2115 2285 2465 2737 2937 3146 3252 3471 3765 3882 4207 4435 4564 4694 4840 5135 5281 5486 5750 5972 6131 6225 
0 7 219 414 618 831 1104 1219 1310 1531 1758 1947 2154 2352 2566 2784 3033 3173 3454 3599 3813 3856 4067 4347 4469 4733 4872 5079 5317 5457 5660 5958 6095 6225 
0 42 193 466 621 754 908 1243 1468 1610 1723 1971 2067 2286 2605 2816 2967 3208 3289 3504 3665 3976 4164 4313 4600 4683 5014 5115 5248 5569 5807 5846 6151 6225 
0 123 299 474 721 808 1048 1256 1465 1670 1845 1932 2249 2332 2457 2724 3036 3125 3391 3480 3744 3861 4118 4398 4561 4819 4847 5089 5421 5543 5720 5935 6038 6225 
0 19 231 380 656 872 1074 1108 1319 1562 1882 1918 2081 2283 2554 2730 3008 3118 3415 3482 3789 3919 4084 4288 4640 4811 4924 5174 5254 5609 5808 5901 6088 
