4 37 140 179 254 
18 100 130 192 273 
18 40 148 217 297 
6 88 141 196 281 
15 79 136 182 244 
0 52 109 185 285 
21 100 138 192 285 
15 29 164 191 283 
22 92 136 182 275 
14 40 111 196 297 
1 43 130 212 275 
0 40 112 209 247 
0 77 138 192 251 
1 90 130 196 263 
10 87 134 173 297 
6 102 160 206 266 
5 60 160 196 268 
15 79 112 179 244 
14 53 107 182 266 
17 80 170 173 243 
6 67 133 206 222 
15 49 143 183 275 
18 103 130 181 247 
1 99 138 206 266 
3 91 163 182 251 
22 77 143 209 284 
1 58 163 190 223 
5 92 120 202 252 
18 35 143 181 298 
10 30 141 202 297 
3 34 120 182 274 
0 92 157 196 266 
15 94 111 190 286 
15 40 160 182 308 
3 103 115 189 273 
15 84 159 181 267 
22 88 130 181 251 
15 80 153 201 223 
6 77 141 196 297 
17 32 130 184 281 
18 53 115 181 222 
22 72 130 196 305 
9 26 140 191 230 
18 103 112 207 285 
0 100 129 213 268 
15 65 112 192 274 
0 94 141 179 247 
15 97 107 190 283 
18 45 136 182 265 
0 47 115 214 284 
1 80 142 190 274 
1 42 152 183 275 
1 30 138 198 281 
6 103 148 209 256 
5 94 157 202 275 
6 80 169 197 268 
11 79 157 189 276 
1 94 136 197 285 
6 100 142 181 249 
11 66 109 201 285 
15 62 142 182 258 
14 67 137 197 249 
11 100 124 199 228 
6 100 130 190 268 
1 94 136 197 285 
6 77 137 191 288 
6 41 132 174 300 
2 34 111 189 241 
17 74 152 182 222 
14 78 129 190 257 
15 100 141 181 304 
6 46 107 192 305 
15 40 158 171 259 
2 34 111 189 241 
6 41 141 194 218 
6 92 146 195 254 
5 92 150 205 310 
10 32 155 200 277 
3 93 136 181 265 
18 54 112 202 231 
10 71 115 196 285 
2 100 138 206 244 
6 73 136 196 231 
21 72 115 183 231 
18 50 163 184 285 
11 92 119 201 304 
18 46 157 202 295 
1 67 153 182 267 
20 88 115 183 231 
1 101 128 197 263 
22 77 142 194 265 
1 35 160 189 219 
0 57 112 201 308 
15 84 133 190 297 
15 85 153 184 266 
0 57 152 191 275 
4 77 138 180 273 
4 55 119 197 284 
13 26 133 202 254 
18 90 159 181 274 
0 27 138 179 281 
6 40 112 183 231 
0 48 115 200 265 
1 97 134 207 247 
25 91 152 179 260 
1 40 120 197 283 
1 80 148 182 265 
6 79 112 183 266 
1 79 120 201 295 
5 30 143 189 247 
17 57 149 191 221 
3 34 152 196 267 
22 78 133 183 275 
22 103 143 185 304 
18 59 163 192 284 
15 61 143 214 254 
18 26 137 185 271 
5 85 107 192 222 
19 59 152 181 276 
10 30 108 179 284 
1 34 105 189 297 
15 33 130 196 251 
1 88 136 189 308 
3 88 110 214 246 
6 40 117 201 265 
19 48 163 197 293 
6 28 165 173 224 
2 46 149 187 291 
5 68 134 209 220 
5 53 133 202 266 
11 39 108 182 285 
9 76 132 199 238 
19 103 145 177 259 
6 80 169 197 268 
1 58 152 190 231 
1 52 126 191 253 
5 67 113 213 256 
3 33 162 182 261 
19 81 143 185 254 
1 86 140 181 250 
6 91 142 189 234 
9 93 157 185 248 
19 92 161 174 301 
1 53 115 197 265 
19 74 106 204 242 
4 29 156 191 246 
22 88 152 209 220 
1 43 159 185 249 
3 67 105 194 247 
19 33 109 192 284 
1 89 123 215 291 
4 88 170 173 267 
24 63 144 182 273 
4 73 136 197 230 
0 94 133 196 221 
17 37 154 205 236 
0 53 157 171 223 
0 48 107 184 283 
22 97 107 201 251 
4 30 136 201 275 
18 61 153 181 283 
6 54 144 209 247 
11 66 111 184 258 
1 93 133 189 297 
20 95 111 184 221 
0 50 153 190 251 
4 29 133 189 297 
6 58 124 203 309 
10 72 134 190 232 
3 52 148 182 230 
4 30 112 214 285 
17 57 148 181 266 
18 31 130 189 266 
14 40 157 197 249 
15 94 133 185 253 
15 51 152 200 274 
15 89 144 183 275 
1 33 168 180 283 
1 52 117 189 297 
0 40 139 192 265 
4 65 157 185 246 
23 93 153 213 283 
15 94 121 181 265 
3 69 149 194 278 
14 89 143 182 230 
1 33 151 184 251 
11 43 115 184 230 
6 48 159 213 271 
0 65 110 189 250 
1 74 129 173 251 
10 59 148 202 222 
6 79 119 179 287 
10 59 148 202 222 
18 49 152 197 252 
6 30 138 184 273 
25 61 120 205 226 
0 70 112 202 240 
0 30 157 202 249 
6 93 157 197 253 
4 102 136 196 261 
6 61 107 206 306 
18 90 111 196 258 
3 62 141 178 273 
3 76 143 190 304 
3 38 157 190 284 
18 80 133 184 284 
15 35 159 193 299 
22 40 134 183 295 
6 95 153 196 304 
4 79 138 181 265 
0 69 117 192 261 
1 58 117 209 251 
14 33 104 171 223 
24 48 138 179 246 
15 64 144 196 265 
0 62 144 181 253 
18 41 111 179 254 
15 40 169 209 251 
6 84 133 181 250 
1 33 143 194 291 
20 51 153 181 283 
15 50 153 201 267 
22 43 170 171 302 
2 78 116 204 239 
3 102 117 182 231 
22 78 148 217 285 
3 29 121 196 253 
6 58 148 190 267 
15 67 136 190 272 
9 102 138 182 297 
21 54 131 175 224 
6 57 115 185 234 
15 94 105 197 304 
18 96 151 183 251 
8 79 111 190 228 
19 68 160 190 255 
1 50 118 211 227 
6 85 106 184 236 
5 74 162 200 250 
15 89 138 182 266 
2 41 148 196 289 
5 66 107 184 284 
15 58 130 197 256 
6 62 163 194 248 
18 33 153 192 265 
0 94 133 214 252 
5 97 132 188 290 
1 26 136 184 311 
5 102 138 196 265 
6 45 135 216 292 
15 66 157 189 226 
1 100 156 188 225 
22 103 141 185 222 
19 58 163 200 257 
11 80 167 208 270 
6 82 127 173 296 
2 37 141 194 294 
17 56 110 196 293 
10 48 110 196 226 
18 98 111 189 275 
18 83 160 214 223 
17 36 143 184 308 
15 77 107 183 253 
3 26 141 197 297 
16 94 153 196 265 
15 29 105 192 265 
4 59 107 185 251 
18 75 110 179 249 
22 43 125 214 290 
21 50 108 194 250 
22 59 162 179 229 
10 54 119 202 274 
3 58 119 213 267 
19 50 114 186 262 
10 93 130 184 221 
20 53 138 196 269 
5 54 136 181 256 
7 30 107 181 267 
6 30 136 196 254 
6 59 144 209 283 
22 59 121 190 246 
4 100 117 206 267 
22 58 109 196 283 
22 88 157 213 283 
15 94 140 185 235 
3 37 148 189 234 
20 43 163 182 307 
11 100 133 190 265 
5 102 110 213 250 
1 78 107 202 246 
3 93 142 182 233 
10 71 119 197 261 
18 73 144 183 247 
0 42 157 184 274 
3 102 142 179 260 
5 59 130 190 275 
18 58 151 183 251 
1 29 148 192 222 
18 49 160 197 256 
21 89 163 196 288 
4 59 166 193 279 
19 66 115 184 226 
22 100 111 181 222 
0 72 120 189 265 
21 53 130 189 273 
20 67 138 182 246 
14 67 148 197 304 
10 44 158 172 241 
5 51 134 201 304 
5 31 115 181 252 
17 84 113 191 264 
1 94 138 192 237 
15 58 163 202 234 
3 51 153 206 251 
1 53 144 196 266 
22 33 111 174 310 
1 76 125 188 241 
18 98 117 173 270 
4 52 141 190 260 
0 89 152 179 270 
11 102 112 202 266 
10 68 122 210 280 
14 54 108 197 246 
15 52 169 192 231 
10 51 130 209 231 
9 38 144 181 294 
5 99 170 190 234 
10 34 136 197 254 
6 84 152 200 307 
14 50 115 184 232 
11 41 148 179 282 
22 42 121 189 276 
1 98 119 185 264 
12 57 159 176 238 
4 66 105 202 265 
21 33 107 190 236 
11 84 130 184 245 
2 80 138 196 226 
8 32 136 185 276 
18 71 147 174 303 
22 81 130 184 246 
1 41 160 200 234 
3 85 117 190 297 
3 54 125 187 270 
14 26 127 187 238 
