0 1946
142 1947
260 1948
387 1949
487 1950
590 1951
690 1952
812 1953
899 1954
997 1955
1103 1956
1230 1957
1385 1958
1524 1959
1660 1960
1799 1961
1917 1962
2075 1963
2258 1964
2392 1965
2533 1966
2680 1967
2877 1968
3017 1969
3158 1970
3302 1971
3481 1972
3667 1973
3840 1974
3994 1975
4176 1976
4355 1977
4510 1978
4670 1979
4826 1980
4978 1981
5155 1982
5321 1983
5494 1984
5659 1985
5824 1986
5985 1987
6138 1988
6290 1989
6430 1990
6559 1991
6679 1992
6798 1993
6894 1994
6986 1995
7077 1996
7173 1997
7273 1998
7365 1999
7450 2000
7537 2001
7621 2002
7705 2003
7784 2004
7864 2005
7951 2006
8026 2007
8099 2008
8182 2009
8274 2010
8358 2011
8435 2012
8514 2013
8589 2014
8659 2015
0 1946
142 1947
260 1948
387 1949
487 1950
590 1951
690 1952
812 1953
899 1954
997 1955
1103 1956
1230 1957
1385 1958
1524 1959
1660 1960
1799 1961
1917 1962
2075 1963
2258 1964
2392 1965
2533 1966
2680 1967
2877 1968
3017 1969
3158 1970
3302 1971
3481 1972
3667 1973
3840 1974
3994 1975
4176 1976
4355 1977
4510 1978
4670 1979
4826 1980
4978 1981
5155 1982
5321 1983
5494 1984
5659 1985
5824 1986
5985 1987
6138 1988
6290 1989
6430 1990
6559 1991
6679 1992
6798 1993
6894 1994
6986 1995
7077 1996
7173 1997
7273 1998
7365 1999
7450 2000
7537 2001
7621 2002
7705 2003
7784 2004
7864 2005
7951 2006
8026 2007
8099 2008
8182 2009
8274 2010
8358 2011
8435 2012
8514 2013
8589 2014
8659 2015
0 1946
142 1947
260 1948
387 1949
487 1950
590 1951
690 1952
812 1953
899 1954
997 1955
1103 1956
1230 1957
1385 1958
1524 1959
1660 1960
1799 1961
1917 1962
2075 1963
2258 1964
2392 1965
2533 1966
2680 1967
2877 1968
3017 1969
3158 1970
3302 1971
3481 1972
3667 1973
3840 1974
3994 1975
4176 1976
4355 1977
4510 1978
4670 1979
4826 1980
4978 1981
5155 1982
5321 1983
5494 1984
5659 1985
5824 1986
5985 1987
6138 1988
6290 1989
6430 1990
6559 1991
6679 1992
6798 1993
6894 1994
6986 1995
7077 1996
7173 1997
7273 1998
7365 1999
7450 2000
7537 2001
7621 2002
7705 2003
7784 2004
7864 2005
7951 2006
8026 2007
8099 2008
8182 2009
8274 2010
8358 2011
8435 2012
8514 2013
8589 2014
8659 2015
0 1946
142 1947
260 1948
387 1949
487 1950
590 1951
690 1952
812 1953
899 1954
997 1955
1103 1956
1230 1957
1385 1958
1524 1959
1660 1960
1799 1961
1917 1962
2075 1963
2258 1964
2392 1965
2533 1966
2680 1967
2877 1968
3017 1969
3158 1970
3302 1971
3481 1972
3667 1973
3840 1974
3994 1975
4176 1976
4355 1977
4510 1978
4670 1979
4826 1980
4978 1981
5155 1982
5321 1983
5494 1984
5659 1985
5824 1986
5985 1987
6138 1988
6290 1989
6430 1990
6559 1991
6679 1992
6798 1993
6894 1994
6986 1995
7077 1996
7173 1997
7273 1998
7365 1999
7450 2000
7537 2001
7621 2002
7705 2003
7784 2004
7864 2005
7951 2006
8026 2007
8099 2008
8182 2009
8274 2010
8358 2011
8435 2012
8514 2013
8589 2014
8659 2015
0 1946
142 1947
260 1948
387 1949
487 1950
590 1951
690 1952
812 1953
899 1954
997 1955
1103 1956
1230 1957
1385 1958
1524 1959
1660 1960
1799 1961
1917 1962
2075 1963
2258 1964
2392 1965
2533 1966
2680 1967
2877 1968
3017 1969
3158 1970
3302 1971
3481 1972
3667 1973
3840 1974
3994 1975
4176 1976
4355 1977
4510 1978
4670 1979
4826 1980
4978 1981
5155 1982
5321 1983
5494 1984
5659 1985
5824 1986
5985 1987
6138 1988
6290 1989
6430 1990
6559 1991
6679 1992
6798 1993
6894 1994
6986 1995
7077 1996
7173 1997
7273 1998
7365 1999
7450 2000
7537 2001
7621 2002
7705 2003
7784 2004
7864 2005
7951 2006
8026 2007
8099 2008
8182 2009
8274 2010
8358 2011
8435 2012
8514 2013
8589 2014
8659 2015
0 1946
142 1947
260 1948
387 1949
487 1950
590 1951
690 1952
812 1953
899 1954
997 1955
1103 1956
1230 1957
1385 1958
1524 1959
1660 1960
1799 1961
1917 1962
2075 1963
2258 1964
2392 1965
2533 1966
2680 1967
2877 1968
3017 1969
3158 1970
3302 1971
3481 1972
3667 1973
3840 1974
3994 1975
4176 1976
4355 1977
4510 1978
4670 1979
4826 1980
4978 1981
5155 1982
5321 1983
5494 1984
5659 1985
5824 1986
5985 1987
6138 1988
6290 1989
6430 1990
6559 1991
6679 1992
6798 1993
6894 1994
6986 1995
7077 1996
7173 1997
7273 1998
7365 1999
7450 2000
7537 2001
7621 2002
7705 2003
7784 2004
7864 2005
7951 2006
8026 2007
8099 2008
8182 2009
8274 2010
8358 2011
8435 2012
8514 2013
8589 2014
8659 2015
0 1946
142 1947
260 1948
387 1949
487 1950
590 1951
690 1952
812 1953
899 1954
997 1955
1103 1956
1230 1957
1385 1958
1524 1959
1660 1960
1799 1961
1917 1962
2075 1963
2258 1964
2392 1965
2533 1966
2680 1967
2877 1968
3017 1969
3158 1970
3302 1971
3481 1972
3667 1973
3840 1974
3994 1975
4176 1976
4355 1977
4510 1978
4670 1979
4826 1980
4978 1981
5155 1982
5321 1983
5494 1984
5659 1985
5824 1986
5985 1987
6138 1988
6290 1989
6430 1990
6559 1991
6679 1992
6798 1993
6894 1994
6986 1995
7077 1996
7173 1997
7273 1998
7365 1999
7450 2000
7537 2001
7621 2002
7705 2003
7784 2004
7864 2005
7951 2006
8026 2007
8099 2008
8182 2009
8274 2010
8358 2011
8435 2012
8514 2013
8589 2014
8659 2015
0 1946
142 1947
260 1948
387 1949
487 1950
590 1951
690 1952
812 1953
899 1954
997 1955
1103 1956
1230 1957
1385 1958
1524 1959
1660 1960
1799 1961
1917 1962
2075 1963
2258 1964
2392 1965
2533 1966
2680 1967
2877 1968
3017 1969
3158 1970
3302 1971
3481 1972
3667 1973
3840 1974
3994 1975
4176 1976
4355 1977
4510 1978
4670 1979
4826 1980
4978 1981
5155 1982
5321 1983
5494 1984
5659 1985
5824 1986
5985 1987
6138 1988
6290 1989
6430 1990
6559 1991
6679 1992
6798 1993
6894 1994
6986 1995
7077 1996
7173 1997
7273 1998
7365 1999
7450 2000
7537 2001
7621 2002
7705 2003
7784 2004
7864 2005
7951 2006
8026 2007
8099 2008
8182 2009
8274 2010
8358 2011
8435 2012
8514 2013
8589 2014
8659 2015
0 1946
142 1947
260 1948
387 1949
487 1950
590 1951
690 1952
812 1953
899 1954
997 1955
1103 1956
1230 1957
1385 1958
1524 1959
1660 1960
1799 1961
1917 1962
2075 1963
2258 1964
2392 1965
2533 1966
2680 1967
2877 1968
3017 1969
3158 1970
3302 1971
3481 1972
3667 1973
3840 1974
3994 1975
4176 1976
4355 1977
4510 1978
4670 1979
4826 1980
4978 1981
5155 1982
5321 1983
5494 1984
5659 1985
5824 1986
5985 1987
6138 1988
6290 1989
6430 1990
6559 1991
6679 1992
6798 1993
6894 1994
6986 1995
7077 1996
7173 1997
7273 1998
7365 1999
7450 2000
7537 2001
7621 2002
7705 2003
7784 2004
7864 2005
7951 2006
8026 2007
8099 2008
8182 2009
8274 2010
8358 2011
8435 2012
8514 2013
8589 2014
8659 2015
0 1946
142 1947
260 1948
387 1949
487 1950
590 1951
690 1952
812 1953
899 1954
997 1955
1103 1956
1230 1957
1385 1958
1524 1959
1660 1960
1799 1961
1917 1962
2075 1963
2258 1964
2392 1965
2533 1966
2680 1967
2877 1968
3017 1969
3158 1970
3302 1971
3481 1972
3667 1973
3840 1974
3994 1975
4176 1976
4355 1977
4510 1978
4670 1979
4826 1980
4978 1981
5155 1982
5321 1983
5494 1984
5659 1985
5824 1986
5985 1987
6138 1988
6290 1989
6430 1990
6559 1991
6679 1992
6798 1993
6894 1994
6986 1995
7077 1996
7173 1997
7273 1998
7365 1999
7450 2000
7537 2001
7621 2002
7705 2003
7784 2004
7864 2005
7951 2006
8026 2007
8099 2008
8182 2009
8274 2010
8358 2011
8435 2012
8514 2013
8589 2014
8659 2015
0 1946
142 1947
260 1948
387 1949
487 1950
590 1951
690 1952
812 1953
899 1954
997 1955
1103 1956
1230 1957
1385 1958
1524 1959
1660 1960
1799 1961
1917 1962
2075 1963
2258 1964
2392 1965
2533 1966
2680 1967
2877 1968
3017 1969
3158 1970
3302 1971
3481 1972
3667 1973
3840 1974
3994 1975
4176 1976
4355 1977
4510 1978
4670 1979
4826 1980
4978 1981
5155 1982
5321 1983
5494 1984
5659 1985
5824 1986
5985 1987
6138 1988
6290 1989
6430 1990
6559 1991
6679 1992
6798 1993
6894 1994
6986 1995
7077 1996
7173 1997
7273 1998
7365 1999
7450 2000
7537 2001
7621 2002
7705 2003
7784 2004
7864 2005
7951 2006
8026 2007
8099 2008
8182 2009
8274 2010
8358 2011
8435 2012
8514 2013
8589 2014
8659 2015
0 1946
142 1947
260 1948
387 1949
487 1950
590 1951
690 1952
812 1953
899 1954
997 1955
1103 1956
1230 1957
1385 1958
1524 1959
1660 1960
1799 1961
1917 1962
2075 1963
2258 1964
2392 1965
2533 1966
2680 1967
2877 1968
3017 1969
3158 1970
3302 1971
3481 1972
3667 1973
3840 1974
3994 1975
4176 1976
4355 1977
4510 1978
4670 1979
4826 1980
4978 1981
5155 1982
5321 1983
5494 1984
5659 1985
5824 1986
5985 1987
6138 1988
6290 1989
6430 1990
6559 1991
6679 1992
6798 1993
6894 1994
6986 1995
7077 1996
7173 1997
7273 1998
7365 1999
7450 2000
7537 2001
7621 2002
7705 2003
7784 2004
7864 2005
7951 2006
8026 2007
8099 2008
8182 2009
8274 2010
8358 2011
8435 2012
8514 2013
8589 2014
8659 2015
0 1946
142 1947
260 1948
387 1949
487 1950
590 1951
690 1952
812 1953
899 1954
997 1955
1103 1956
1230 1957
1385 1958
1524 1959
1660 1960
1799 1961
1917 1962
2075 1963
2258 1964
2392 1965
2533 1966
2680 1967
2877 1968
3017 1969
3158 1970
3302 1971
3481 1972
3667 1973
3840 1974
3994 1975
4176 1976
4355 1977
4510 1978
4670 1979
4826 1980
4978 1981
5155 1982
5321 1983
5494 1984
5659 1985
5824 1986
5985 1987
6138 1988
6290 1989
6430 1990
6559 1991
6679 1992
6798 1993
6894 1994
6986 1995
7077 1996
7173 1997
7273 1998
7365 1999
7450 2000
7537 2001
7621 2002
7705 2003
7784 2004
7864 2005
7951 2006
8026 2007
8099 2008
8182 2009
8274 2010
8358 2011
8435 2012
8514 2013
8589 2014
8659 2015
0 1946
142 1947
260 1948
387 1949
487 1950
590 1951
690 1952
812 1953
899 1954
997 1955
1103 1956
1230 1957
1385 1958
1524 1959
1660 1960
1799 1961
1917 1962
2075 1963
2258 1964
2392 1965
2533 1966
2680 1967
2877 1968
3017 1969
3158 1970
3302 1971
3481 1972
3667 1973
3840 1974
3994 1975
4176 1976
4355 1977
4510 1978
4670 1979
4826 1980
4978 1981
5155 1982
5321 1983
5494 1984
5659 1985
5824 1986
5985 1987
6138 1988
6290 1989
6430 1990
6559 1991
6679 1992
6798 1993
6894 1994
6986 1995
7077 1996
7173 1997
7273 1998
7365 1999
7450 2000
7537 2001
7621 2002
7705 2003
7784 2004
7864 2005
7951 2006
8026 2007
8099 2008
8182 2009
8274 2010
8358 2011
8435 2012
8514 2013
8589 2014
8659 2015
0 1946
142 1947
260 1948
387 1949
487 1950
590 1951
690 1952
812 1953
899 1954
997 1955
1103 1956
1230 1957
1385 1958
1524 1959
1660 1960
1799 1961
1917 1962
2075 1963
2258 1964
2392 1965
2533 1966
2680 1967
2877 1968
3017 1969
3158 1970
3302 1971
3481 1972
3667 1973
3840 1974
3994 1975
4176 1976
4355 1977
4510 1978
4670 1979
4826 1980
4978 1981
5155 1982
5321 1983
5494 1984
5659 1985
5824 1986
5985 1987
6138 1988
6290 1989
6430 1990
6559 1991
6679 1992
6798 1993
6894 1994
6986 1995
7077 1996
7173 1997
7273 1998
7365 1999
7450 2000
7537 2001
7621 2002
7705 2003
7784 2004
7864 2005
7951 2006
8026 2007
8099 2008
8182 2009
8274 2010
8358 2011
8435 2012
8514 2013
8589 2014
8659 2015
0 1946
142 1947
260 1948
387 1949
487 1950
590 1951
690 1952
812 1953
899 1954
997 1955
1103 1956
1230 1957
1385 1958
1524 1959
1660 1960
1799 1961
1917 1962
2075 1963
2258 1964
2392 1965
2533 1966
2680 1967
2877 1968
3017 1969
3158 1970
3302 1971
3481 1972
3667 1973
3840 1974
3994 1975
4176 1976
4355 1977
4510 1978
4670 1979
4826 1980
4978 1981
5155 1982
5321 1983
5494 1984
5659 1985
5824 1986
5985 1987
6138 1988
6290 1989
6430 1990
6559 1991
6679 1992
6798 1993
6894 1994
6986 1995
7077 1996
7173 1997
7273 1998
7365 1999
7450 2000
7537 2001
7621 2002
7705 2003
7784 2004
7864 2005
7951 2006
8026 2007
8099 2008
8182 2009
8274 2010
8358 2011
8435 2012
8514 2013
8589 2014
8659 2015
0 1946
142 1947
260 1948
387 1949
487 1950
590 1951
690 1952
812 1953
899 1954
997 1955
1103 1956
1230 1957
1385 1958
1524 1959
1660 1960
1799 1961
1917 1962
2075 1963
2258 1964
2392 1965
2533 1966
2680 1967
2877 1968
3017 1969
3158 1970
3302 1971
3481 1972
3667 1973
3840 1974
3994 1975
4176 1976
4355 1977
4510 1978
4670 1979
4826 1980
4978 1981
5155 1982
5321 1983
5494 1984
5659 1985
5824 1986
5985 1987
6138 1988
6290 1989
6430 1990
6559 1991
6679 1992
6798 1993
6894 1994
6986 1995
7077 1996
7173 1997
7273 1998
7365 1999
7450 2000
7537 2001
7621 2002
7705 2003
7784 2004
7864 2005
7951 2006
8026 2007
8099 2008
8182 2009
8274 2010
8358 2011
8435 2012
8514 2013
8589 2014
8659 2015
