170 264 454 680 788 1004 1144 1338 1654 1711 1923 2187 2445 2571 2768 2956 3254 3352 3676 3778 4105 4179 4509 4657 4755 4948 5128 5405 5649 5857 5937 6169 6461 6687 6830 7065 7225 7349 7643 7917 8068 8222 8380 8706 8903 8989 9355 9539 9625 9877 9971 10104 10260 10390 10492 10614 10833 10913 11053 11202 11206 
135 245 462 582 737 1109 1162 1434 1670 1725 2026 2236 2438 2658 2816 3026 3220 3450 3648 3749 3943 4240 4445 4621 4784 4994 5251 5337 5615 5772 5950 6293 6411 6590 6907 6984 7134 7513 7583 7767 8004 8298 8548 8754 8787 9067 9257 9417 9647 9875 10023 10119 10244 10482 10518 10727 10757 10856 11048 11174 11206 
45 323 484 628 906 1089 1261 1476 1681 1820 1974 2268 2381 2652 2841 3045 3249 3364 3634 3792 4077 4157 4469 4716 4768 5112 5152 5316 5665 5764 5911 6236 6519 6661 6770 6945 7133 7467 7741 7835 8077 8346 8451 8662 8780 8966 9278 9550 9624 9873 10009 10091 10247 10350 10580 10686 10782 10901 10985 11125 11206 
57 272 524 703 765 923 1226 1335 1603 1892 1932 2134 2460 2562 2799 2986 3201 3370 3727 3832 4132 4267 4345 4572 4739 5010 5296 5386 5684 5828 6000 6277 6403 6523 6909 6949 7179 7527 7590 7873 8013 8305 8551 8725 8884 9121 9228 9506 9713 9804 9962 10128 10293 10409 10569 10622 10814 10977 11058 11121 11206 
11 195 513 645 885 988 1199 1356 1679 1749 2012 2191 2398 2632 2877 2932 3307 3349 3579 3825 4066 4239 4355 4579 4877 5093 5289 5375 5653 5859 5925 6227 6363 6620 6794 7088 7141 7525 7743 7914 8051 8195 8452 8688 8840 9012 9243 9542 9669 9770 9935 10185 10233 10359 10584 10708 10780 10858 10998 11128 11206 
110 293 366 648 862 1100 1224 1502 1604 1761 1992 2231 2483 2608 2784 3020 3153 3478 3531 3886 4023 4293 4460 4696 4847 4943 5127 5486 5511 5852 6017 6235 6493 6527 6764 7094 7290 7355 7617 7909 8081 8190 8557 8585 8928 9078 9234 9453 9687 9781 10053 10154 10337 10369 10530 10678 10846 10915 11029 11150 11206 
46 315 391 575 852 1042 1253 1367 1671 1826 1925 2233 2325 2688 2800 3032 3218 3372 3646 3835 4018 4168 4435 4734 4913 5095 5224 5385 5518 5846 6042 6261 6385 6538 6751 7032 7258 7485 7562 7900 7976 8301 8514 8744 8803 9077 9200 9512 9727 9902 10032 10124 10261 10371 10504 10674 10764 10859 11008 11176 11206 
16 318 475 585 916 1037 1192 1331 1644 1800 1982 2300 2484 2633 2891 3089 3316 3340 3667 3746 4040 4151 4454 4542 4762 4959 5205 5356 5586 5756 6041 6163 6336 6555 6748 7121 7175 7509 7704 7927 8144 8319 8442 8638 8826 9033 9249 9373 9751 9905 9986 10197 10217 10362 10557 10631 10806 10886 10984 11179 11206 
129 266 503 583 826 940 1155 1328 1562 1856 1995 2153 2454 2631 2765 3052 3161 3491 3718 3803 4059 4218 4516 4651 4810 5069 5218 5471 5611 5750 5967 6248 6466 6640 6850 7014 7212 7538 7655 7856 8022 8216 8502 8624 8869 9019 9216 9381 9686 9794 9942 10155 10292 10449 10502 10615 10762 10910 11084 11107 11206 
118 211 518 653 770 1033 1300 1380 1709 1833 1976 2320 2430 2704 2757 3048 3177 3467 3663 3760 3967 4280 4532 4553 4819 5070 5314 5423 5673 5769 6109 6190 6409 6567 6874 7051 7287 7472 7645 7748 7981 8317 8364 8594 8878 8995 9324 9374 9589 9845 10068 10158 10249 10447 10515 10719 10794 10917 11087 11152 11206 
6 233 361 678 913 1067 1124 1495 1572 1839 1988 2119 2324 2715 2858 3083 3149 3521 3534 3916 4031 4148 4375 4661 4794 5125 5179 5465 5650 5777 5962 6175 6394 6632 6883 7105 7311 7360 7614 7901 8085 8278 8476 8607 8819 9005 9274 9404 9731 9907 10044 10175 10217 10477 10538 10712 10803 10870 11026 11186 11206 
143 257 385 569 785 1045 1176 1440 1701 1720 2042 2271 2337 2583 2830 3097 3230 3436 3647 3893 3959 4287 4513 4569 4905 4947 5149 5352 5549 5734 6090 6150 6486 6570 6880 7063 7216 7461 7692 7902 8099 8308 8538 8643 8818 9000 9280 9367 9655 9860 10021 10077 10326 10372 10576 10703 10766 10958 11036 11174 11206 
144 306 468 557 868 942 1125 1479 1704 1748 1975 2278 2472 2708 2842 2975 3238 3417 3573 3874 4090 4205 4491 4647 4855 5044 5234 5364 5568 5795 5960 6217 6393 6709 6886 7127 7298 7393 7622 7944 8059 8277 8472 8609 8880 9132 9255 9551 9612 9836 9918 10137 10314 10387 10508 10656 10819 10976 11084 11202 11206 
58 217 446 666 731 941 1227 1468 1687 1719 1986 2245 2420 2549 2863 2932 3162 3382 3575 3776 3953 4322 4356 4625 4917 5075 5185 5398 5699 5774 6070 6298 6378 6652 6736 6983 7254 7495 7723 7934 8120 8233 8445 8675 8870 9047 9248 9483 9670 9885 9949 10214 10275 10425 10493 10704 10773 10942 11088 11101 11206 
25 336 528 719 771 1110 1114 1454 1663 1716 2088 2299 2515 2554 2866 2945 3217 3394 3631 3841 3939 4292 4394 4699 4843 5009 5184 5350 5543 5732 5976 6302 6417 6537 6859 7081 7181 7438 7636 7885 8012 8288 8370 8645 8844 9075 9176 9508 9673 9889 10019 10118 10281 10355 10551 10621 10739 10946 11041 11150 11206 
104 271 438 552 911 1005 1259 1387 1565 1878 2058 2255 2401 2557 2922 3031 3289 3391 3702 3929 3985 4300 4364 4547 4793 4954 5277 5457 5683 5889 6065 6287 6421 6559 6813 7079 7233 7354 7677 7787 8011 8244 8474 8578 8866 9133 9282 9531 9646 9786 9945 10185 10263 10471 10510 10709 10745 10856 11031 11130 11206 
85 342 390 609 849 1059 1258 1485 1622 1866 2024 2189 2448 2546 2728 3063 3244 3401 3639 3865 4080 4243 4483 4690 4915 5080 5140 5326 5700 5824 5913 6300 6322 6604 6726 7004 7172 7400 7744 7769 8036 8303 8366 8736 8813 9145 9361 9370 9667 9820 10036 10156 10319 10422 10565 10694 10799 10923 11043 11117 11206 
154 242 440 549 842 1096 1135 1337 1628 1893 1960 2157 2375 2717 2914 3108 3190 3469 3629 3755 3948 4177 4455 4706 4895 4949 5278 5492 5595 5873 6083 6296 6422 6669 6799 7037 7242 7481 7544 7868 8060 8335 8383 8592 8805 8981 9299 9565 9611 9843 9912 10126 10322 10405 10501 10728 10836 10868 11057 11189 11206 
166 214 425 598 884 1049 1249 1368 1665 1754 1997 2165 2393 2617 2795 2968 3170 3342 3552 3920 3998 4237 4387 4682 4813 5053 5173 5341 5584 5727 6013 6118 6402 6667 6788 7023 7183 7439 7619 7897 8016 8257 8391 8741 8763 8992 9334 9476 9603 9767 9936 10119 10295 10435 10513 10639 10760 10909 11050 11184 11206 
94 331 371 619 876 977 1280 1432 1635 1858 2029 2137 2354 2698 2836 3075 3283 3337 3574 3928 4116 4209 4531 4574 4909 5099 5145 5467 5677 5715 6016 6126 6414 6693 6752 6981 7137 7370 7612 7753 8027 8291 8397 8750 8824 9024 9229 9460 9693 9828 9963 10082 10324 10389 10557 10677 10775 10872 10988 11144 11206 
78 241 472 657 912 1009 1184 1435 1532 1757 1951 2264 2350 2551 2919 3007 3133 3517 3596 3852 4108 4163 4353 4598 4879 5110 5275 5473 5532 5902 6062 6131 6377 6542 6860 6955 7314 7407 7627 7915 8063 8302 8492 8712 8768 8964 9319 9377 9581 9844 10014 10209 10269 10393 10583 10621 10759 10968 10999 11102 11206 
10 282 475 596 900 1051 1161 1412 1697 1825 1985 2243 2348 2666 2839 3095 3241 3524 3651 3806 4005 4144 4424 4695 4863 5087 5261 5433 5604 5809 5985 6135 6442 6648 6815 6999 7274 7443 7676 7838 7992 8166 8498 8651 8957 8999 9333 9514 9652 9846 10003 10097 10280 10356 10488 10620 10737 10918 11092 11126 11206 
142 229 408 555 779 1077 1191 1374 1706 1813 2051 2285 2456 2573 2828 2979 3165 3367 3696 3909 3978 4211 4372 4544 4786 5109 5257 5367 5519 5832 5934 6225 6497 6697 6785 7020 7221 7344 7669 7752 8005 8266 8493 8647 8937 8997 9306 9406 9696 9823 9952 10186 10321 10446 10537 10616 10825 10966 11024 11112 11206 
69 275 389 625 858 949 1151 1441 1650 1885 1926 2224 2458 2674 2758 3004 3156 3494 3541 3870 4109 4160 4342 4638 4889 4960 5242 5362 5619 5871 6032 6283 6498 6681 6861 7008 7316 7515 7566 7761 7986 8354 8462 8743 8775 9091 9297 9425 9639 9889 10014 10199 10315 10430 10550 10620 10825 10868 11050 11153 11206 
68 348 374 584 839 1084 1212 1401 1705 1723 1970 2301 2471 2692 2783 3046 3225 3526 3583 3748 3983 4184 4388 4673 4770 5022 5180 5389 5565 5752 5921 6241 6407 6670 6866 7119 7174 7391 7684 7919 8049 8342 8524 8685 8891 9161 9199 9434 9683 9849 10027 10170 10223 10427 10558 10701 10781 10966 10985 11142 11206 
21 352 467 725 749 1050 1273 1393 1558 1888 2108 2229 2488 2615 2861 3070 3274 3345 3560 3805 4096 4165 4363 4555 4886 5054 5126 5431 5510 5896 5998 6218 6440 6699 6856 6997 7247 7352 7555 7928 8017 8304 8422 8612 8854 9027 9362 9561 9635 9892 10043 10184 10243 10413 10543 10652 10817 10970 11021 11174 11206 
162 184 507 594 854 986 1301 1456 1672 1883 2052 2121 2382 2522 2920 3088 3266 3399 3710 3888 4086 4138 4410 4677 4916 5076 5147 5450 5655 5810 6098 6171 6395 6639 6767 7066 7286 7470 7637 7840 8018 8173 8373 8748 8791 9030 9237 9497 9587 9859 9932 10086 10328 10430 10490 10621 10827 10938 11049 11150 11206 
90 232 380 645 878 979 1158 1334 1524 1778 2115 2281 2329 2680 2829 2989 3309 3502 3557 3787 4010 4212 4441 4697 4912 4999 5292 5504 5579 5876 5989 6288 6370 6582 6834 7060 7163 7346 7596 7845 8047 8281 8395 8700 8939 9059 9193 9414 9694 9805 10007 10206 10216 10351 10561 10723 10801 10881 11034 11175 11206 
57 208 444 638 816 1087 1221 1385 1691 1789 2082 2253 2328 2626 2793 3109 3197 3392 3719 3736 4089 4247 4409 4629 4777 5039 5311 5338 5556 5853 5957 6213 6359 6706 6897 7056 7305 7540 7670 7860 8111 8185 8540 8723 8954 8986 9245 9372 9575 9851 10068 10072 10271 10349 10484 10698 10774 10957 11081 11171 11206 
145 287 383 675 823 1069 1172 1340 1710 1729 2027 2181 2449 2578 2819 2962 3138 3474 3691 3750 4135 4154 4528 4685 4795 5120 5220 5500 5599 5827 6057 6210 6316 6552 6854 6998 7324 7463 7702 7870 7960 8256 8418 8588 8919 9132 9189 9405 9742 9816 10048 10171 10344 10386 10546 10706 10801 10958 11048 11189 11206 
67 260 533 562 730 1001 1170 1346 1659 1872 2063 2261 2464 2654 2857 3103 3159 3356 3658 3899 4068 4223 4478 4566 4796 5077 5223 5419 5703 5753 6101 6255 6324 6713 6898 7073 7288 7512 7571 7880 8070 8316 8541 8613 8834 9028 9277 9439 9733 9878 9942 10176 10342 10408 10609 10667 10769 10938 11014 11168 11206 
40 268 482 668 887 1102 1174 1452 1643 1742 2003 2169 2385 2671 2782 3059 3298 3393 3592 3894 4063 4140 4379 4709 4803 5092 5137 5329 5667 5895 5922 6185 6367 6619 6925 7026 7224 7486 7693 7772 8149 8287 8491 8721 8881 9039 9301 9379 9570 9767 9985 10109 10311 10375 10486 10641 10787 10963 11042 11097 11206 
65 308 379 722 822 1064 1250 1490 1576 1886 2068 2127 2510 2555 2773 3060 3179 3466 3540 3884 4039 4178 4405 4674 4874 5002 5208 5347 5597 5844 6056 6266 6413 6602 6875 7040 7147 7433 7664 7883 7974 8239 8488 8589 8835 9146 9310 9402 9725 9822 9923 10182 10345 10465 10588 10678 10799 10924 11010 11179 11206 
89 273 519 683 893 1076 1121 1358 1512 1894 2000 2274 2417 2624 2808 3077 3227 3373 3721 3924 4013 4316 4439 4630 4760 5021 5155 5353 5570 5738 6008 6140 6375 6691 6822 7100 7243 7511 7554 7800 7961 8249 8457 8698 8862 9002 9162 9540 9617 9893 9943 10142 10231 10474 10577 10622 10741 10940 11084 11195 11206 
0 310 508 696 766 1024 1167 1446 1594 1751 2105 2240 2441 2701 2842 3115 3318 3336 3683 3872 4075 4173 4464 4592 4927 4989 5254 5434 5574 5839 5956 6250 6462 6649 6744 7083 7315 7430 7595 7822 8019 8182 8463 8661 8922 9101 9214 9462 9573 9885 10046 10120 10242 10406 10551 10731 10851 10862 11019 11135 11206 
119 351 510 562 826 1080 1156 1505 1613 1889 2090 2294 2400 2682 2804 3057 3173 3428 3578 3802 3976 4147 4447 4731 4759 5098 5141 5453 5628 5835 5981 6212 6397 6563 6923 7126 7200 7445 7613 7778 8073 8246 8510 8652 8885 8983 9215 9504 9659 9850 9927 10139 10284 10435 10533 10687 10750 10888 11092 11181 11206 
53 251 413 590 805 976 1145 1436 1633 1902 2022 2192 2334 2706 2826 2947 3126 3440 3589 3919 4128 4221 4468 4639 4812 4980 5255 5346 5689 5707 5943 6251 6346 6574 6918 7130 7217 7444 7652 7925 8048 8161 8456 8751 8792 9127 9311 9418 9757 9884 9966 10097 10228 10449 10539 10612 10829 10903 11070 11104 11206 
36 290 521 662 753 969 1281 1426 1568 1791 2095 2143 2425 2597 2899 3093 3181 3496 3593 3784 4123 4242 4411 4587 4817 4965 5248 5377 5619 5814 5990 6128 6330 6673 6757 7035 7259 7507 7573 7863 7980 8261 8526 8574 8801 9049 9263 9552 9610 9885 9955 10110 10242 10443 10522 10666 10820 10909 11029 11153 11206 
143 303 502 573 883 945 1150 1494 1586 1741 2087 2175 2453 2691 2807 2981 3300 3500 3586 3911 4041 4182 4416 4626 4811 5079 5186 5333 5514 5730 6046 6311 6391 6594 6754 7045 7169 7397 7715 7836 8041 8250 8517 8622 8917 9009 9344 9511 9585 9837 10035 10116 10215 10373 10603 10685 10747 10976 10980 11191 11206 
43 308 500 610 902 1046 1265 1400 1630 1908 2084 2315 2389 2710 2737 3097 3262 3347 3652 3770 4126 4180 4492 4650 4857 5088 5298 5474 5657 5786 5980 6240 6439 6663 6782 7103 7269 7430 7546 7906 8128 8159 8542 8674 8845 9040 9187 9531 9657 9909 10045 10166 10288 10424 10562 10631 10796 10969 11037 11197 11206 
56 256 542 706 780 937 1269 1412 1548 1758 2102 2135 2499 2650 2762 2924 3275 3460 3539 3804 4106 4141 4422 4591 4754 5063 5281 5396 5619 5866 6068 6182 6453 6646 6893 6943 7313 7424 7693 7879 8006 8197 8390 8678 8847 9112 9345 9422 9582 9787 10047 10186 10307 10415 10498 10719 10792 10971 11027 11195 11206 
134 192 410 611 841 968 1120 1498 1690 1915 2092 2204 2347 2564 2776 3058 3322 3506 3606 3822 3987 4326 4396 4718 4749 4963 5309 5413 5633 5780 5987 6142 6345 6636 6811 7107 7139 7501 7628 7796 8147 8251 8436 8577 8829 9107 9254 9562 9755 9841 9919 10144 10227 10367 10545 10621 10848 10930 10981 11111 11206 
35 298 367 588 802 921 1157 1473 1560 1807 2034 2284 2473 2649 2873 2967 3245 3459 3605 3777 3956 4142 4392 4687 4792 5058 5215 5379 5675 5856 5926 6191 6518 6556 6872 7112 7280 7417 7564 7898 8052 8181 8513 8645 8868 9029 9180 9516 9754 9847 10041 10158 10258 10353 10602 10672 10781 10856 11050 11164 11206 
134 316 359 608 896 994 1180 1482 1583 1911 2114 2249 2514 2606 2756 3094 3222 3429 3625 3848 4076 4146 4430 4702 4826 5015 5268 5455 5676 5884 6015 6231 6495 6664 6758 7074 7302 7376 7633 7785 8129 8330 8416 8732 8914 8993 9240 9369 9665 9780 9959 10205 10290 10411 10571 10654 10824 10905 11000 11103 11206 
136 311 465 630 798 1097 1296 1438 1606 1750 1967 2303 2474 2689 2885 2963 3194 3409 3598 3855 4003 4320 4362 4723 4821 4985 5130 5506 5613 5831 5963 6223 6481 6595 6846 7070 7196 7480 7729 7891 8145 8169 8413 8660 8842 8969 9346 9444 9718 9765 9938 10213 10263 10467 10499 10653 10850 10972 11001 11122 11206 
92 353 473 581 774 1023 1200 1376 1592 1814 2057 2248 2360 2625 2844 3113 3315 3475 3653 3759 3997 4152 4504 4593 4741 4970 5288 5442 5687 5771 6087 6284 6464 6645 6771 7013 7310 7535 7569 7938 8084 8237 8408 8701 8848 8974 9358 9499 9743 9846 9916 10175 10222 10363 10528 10653 10744 10931 11050 11127 11206 
141 295 485 724 728 975 1239 1455 1559 1857 2006 2282 2396 2721 2911 3085 3294 3492 3716 3879 4116 4196 4433 4602 4854 5043 5214 5448 5530 5808 5978 6237 6472 6711 6741 7016 7189 7415 7594 7790 8126 8175 8437 8648 8863 9061 9178 9475 9626 9784 9973 10147 10314 10463 10599 10724 10825 10883 11087 11145 11206 
4 328 378 616 757 1010 1141 1445 1593 1796 1943 2168 2468 2620 2897 2992 3151 3486 3566 3763 4119 4194 4399 4715 4918 5111 5287 5409 5682 5775 5914 6133 6371 6576 6729 6948 7323 7477 7620 7905 8046 8223 8386 8579 8849 9032 9185 9496 9632 9856 9916 10132 10250 10377 10548 10622 10800 10878 11060 11198 11206 
138 222 427 671 869 965 1211 1360 1583 1790 2001 2279 2332 2697 2767 3111 3280 3438 3608 3771 4114 4334 4527 4681 4912 5049 5240 5321 5660 5838 5997 6208 6424 6656 6857 7098 7230 7508 7683 7946 8093 8174 8535 8572 8817 8970 9232 9437 9603 9879 10010 10125 10269 10404 10518 10706 10780 10953 11023 11104 11206 
124 323 524 626 797 967 1153 1327 1653 1735 1950 2136 2497 2569 2778 3052 3221 3412 3623 3881 3952 4149 4377 4552 4912 5106 5131 5381 5691 5766 5966 6285 6474 6616 6734 6967 7283 7374 7556 7854 7955 8270 8371 8596 8861 9021 9261 9536 9746 9837 9913 10149 10259 10379 10514 10664 10853 10857 11013 11166 11206 
12 201 412 570 764 1090 1255 1322 1537 1896 1931 2312 2399 2534 2921 3123 3130 3427 3577 3868 4038 4283 4473 4536 4872 5082 5238 5330 5670 5865 6001 6264 6355 6705 6806 7112 7275 7533 7709 7774 8001 8350 8419 8740 8907 8980 9181 9394 9627 9760 9937 10141 10301 10356 10537 10725 10811 10869 11005 11179 11206 
55 277 504 624 898 1071 1161 1504 1529 1817 2030 2184 2412 2718 2878 2931 3204 3434 3595 3782 4065 4159 4446 4662 4776 5107 5313 5322 5704 5890 6054 6130 6333 6700 6781 6944 7192 7381 7674 7894 7966 8279 8487 8614 8912 9147 9242 9493 9742 9801 9983 10175 10252 10428 10561 10639 10838 10875 11048 11168 11206 
149 285 509 592 846 1083 1212 1311 1695 1904 1945 2212 2411 2535 2745 3106 3175 3422 3695 3786 4125 4238 4357 4633 4738 4953 5149 5317 5635 5882 6048 6196 6473 6600 6838 7076 7256 7357 7649 7890 8127 8184 8504 8641 8953 9013 9322 9478 9724 9869 9915 10081 10310 10394 10545 10684 10734 10880 10981 11185 11206 
68 294 421 725 776 1112 1175 1369 1631 1875 1990 2208 2511 2714 2854 3061 3140 3463 3679 3871 4118 4192 4415 4648 4746 4987 5170 5406 5585 5725 5912 6146 6357 6543 6916 7001 7214 7401 7679 7875 8000 8238 8502 8653 8808 9114 9269 9526 9608 9872 9967 10127 10235 10456 10574 10717 10792 10887 11040 11140 11206 
168 263 411 589 804 1027 1243 1372 1595 1901 2091 2247 2342 2587 2918 3054 3196 3495 3641 3741 4042 4285 4515 4618 4736 4952 5198 5456 5634 5875 5977 6222 6406 6694 6847 7129 7336 7383 7638 7874 7962 8344 8529 8621 8916 8979 9329 9534 9603 9887 9948 10195 10252 10376 10512 10694 10847 10890 10999 11161 11206 
21 342 474 689 758 973 1283 1315 1571 1859 2018 2195 2501 2623 2893 2964 3199 3335 3591 3897 3966 4164 4428 4726 4851 5122 5149 5491 5685 5721 5983 6164 6410 6608 6899 7075 7236 7359 7682 7877 8069 8337 8563 8602 8905 9160 9244 9403 9615 9791 9994 10183 10250 10411 10561 10658 10836 10950 11045 11173 11206 
33 230 363 679 848 1108 1168 1318 1637 1882 1938 2234 2343 2567 2814 3011 3277 3400 3567 3883 3944 4301 4483 4578 4890 5066 5149 5395 5642 5816 5930 6215 6368 6626 6900 7041 7226 7489 7724 7750 8088 8176 8479 8677 8810 9088 9268 9365 9689 9841 9999 10152 10338 10349 10530 10646 10811 10882 11016 11188 11206 
73 340 382 660 794 1078 1190 1324 1527 1773 1943 2276 2512 2539 2788 2949 3263 3378 3612 3789 4032 4250 4520 4691 4839 5067 5295 5438 5602 5885 5961 6267 6505 6522 6864 7006 7310 7378 7557 7849 7996 8358 8508 8634 8832 9007 9219 9407 9588 9839 9997 10081 10341 10467 10592 10632 10818 10914 10982 11168 11206 
109 338 401 641 793 1003 1302 1506 1589 1764 1939 2146 2355 2719 2771 3072 3271 3519 3580 3903 4016 4195 4373 4590 4869 5029 5149 5382 5664 5878 5973 6148 6380 6569 6797 6936 7193 7396 7730 7817 8037 8320 8532 8619 8785 9130 9312 9400 9649 9907 9984 10115 10222 10453 10529 10675 10734 10917 11010 11102 11206 
47 190 436 718 729 1106 1129 1361 1573 1797 2092 2305 2509 2603 2909 2929 3284 3411 3600 3863 4017 4185 4512 4545 4779 4945 5149 5472 5548 5893 6104 6195 6428 6642 6913 7003 7321 7429 7624 7775 8094 8248 8505 8735 8867 9056 9174 9436 9699 9774 10034 10093 10345 10388 10519 10694 10758 10939 11089 11171 11206 
147 270 453 646 835 1029 1228 1363 1511 1829 1963 2225 2435 2529 2818 3024 3242 3516 3585 3834 3968 4257 4436 4664 4919 5096 5243 5463 5695 5744 5964 6244 6389 6575 6843 7053 7164 7428 7726 7756 8019 8284 8515 8595 8828 9058 9304 9522 9577 9771 9977 10200 10338 10438 10532 10730 10821 10953 11049 11116 11206 
153 343 435 580 881 1013 1202 1342 1702 1783 1935 2217 2431 2635 2811 3096 3253 3473 3734 3774 4060 4241 4447 4665 4883 5035 5193 5436 5641 5869 6025 6226 6508 6525 6840 7007 7306 7457 7582 7851 7987 8179 8362 8707 8915 9113 9292 9544 9629 9862 10031 10163 10273 10424 10610 10728 10811 10866 11013 11185 11206 
82 216 545 634 909 1051 1237 1405 1699 1819 2094 2316 2371 2565 2817 3116 3186 3396 3547 3935 3938 4203 4354 4724 4820 4990 5149 5464 5528 5710 6110 6254 6512 6660 6818 6933 7329 7387 7731 7852 8137 8253 8411 8589 8798 9103 9327 9393 9663 9803 9981 10208 10233 10436 10605 10679 10787 10930 11077 11185 11206 
113 314 394 621 855 1007 1290 1422 1536 1870 1930 2155 2327 2699 2851 3107 3295 3421 3724 3773 4111 4330 4535 4538 4906 5030 5258 5403 5619 5724 5942 6194 6347 6683 6742 6961 7240 7410 7733 7777 8002 8227 8473 8758 8772 9073 9246 9431 9631 9903 9993 10133 10225 10442 10564 10656 10756 10973 11029 11115 11206 
169 267 369 687 773 984 1182 1391 1609 1776 2039 2163 2494 2629 2754 2959 3219 3510 3604 3930 4030 4288 4500 4655 4910 5117 5228 5493 5559 5823 6036 6303 6372 6524 6866 7106 7142 7418 7673 7780 8064 8228 8430 8678 8825 9149 9307 9447 9678 9865 9928 10161 10245 10401 10547 10681 10769 10893 11043 11144 11206 
161 350 491 551 836 957 1298 1492 1684 1766 2008 2266 2443 2675 2874 3014 3205 3339 3672 3859 4084 4225 4408 4611 4914 5059 5256 5335 5562 5850 6079 6114 6318 6584 6814 7128 7255 7504 7608 7829 8134 8178 8403 8628 8774 8996 9351 9554 9644 9833 10017 10131 10312 10361 10559 10684 10815 10962 11047 11144 11206 
128 297 497 566 896 921 1139 1371 1668 1785 2106 2313 2495 2528 2903 3056 3236 3482 3668 3915 3958 4323 4393 4659 4888 5065 5300 5340 5680 5886 6005 6161 6513 6627 6740 6965 7326 7456 7700 7830 7973 8310 8461 8716 8931 9044 9188 9519 9653 9911 10016 10171 10332 10420 10513 10631 10765 10935 11089 11141 11206 
3 334 372 654 830 971 1305 1470 1545 1727 1919 2227 2446 2661 2845 2925 3255 3435 3617 3785 4127 4230 4493 4581 4903 5019 5213 5447 5537 5760 6094 6313 6373 6585 6842 7108 7282 7361 7660 7910 8071 8306 8495 8691 8950 9116 9321 9543 9684 9844 10022 10199 10282 10407 10595 10626 10777 10925 11091 11170 11206 
65 255 499 554 746 1044 1208 1472 1510 1912 2013 2213 2469 2594 2859 3003 3203 3359 3545 3811 4045 4193 4489 4584 4928 4944 5183 5400 5578 5780 6049 6246 6465 6662 6862 7089 7184 7541 7736 7846 8130 8217 8377 8617 8927 9010 9209 9383 9613 9833 10023 10164 10229 10405 10485 10630 10787 10912 11085 11165 11206 
73 216 406 708 867 1028 1216 1442 1605 1759 2076 2307 2453 2530 2820 2966 3168 3439 3715 3838 3996 4275 4384 4717 4742 5096 5241 5343 5557 5851 5986 6203 6399 6644 6750 7018 7207 7340 7666 7789 7963 8314 8533 8571 8838 8991 9196 9387 9604 9874 9944 10092 10343 10477 10560 10647 10818 10970 11036 11110 11206 
88 262 483 710 859 1067 1165 1411 1623 1767 1956 2186 2392 2521 2743 3041 3276 3453 3654 3847 3977 4136 4401 4623 4830 4996 5265 5483 5616 5740 6071 6259 6437 6592 6820 6941 7317 7452 7601 7763 7984 8198 8522 8636 8962 9137 9210 9500 9641 9827 9996 10144 10346 10452 10495 10623 10766 10947 10982 11172 11206 
66 339 476 595 837 972 1143 1309 1590 1891 1956 2298 2341 2553 2880 3044 3142 3368 3549 3934 4046 4260 4360 4577 4920 5096 5279 5384 5678 5741 5924 6247 6434 6580 6858 6974 7203 7503 7681 7760 8061 8299 8412 8714 8942 9156 9284 9412 9583 9762 10055 10079 10257 10421 10488 10627 10748 10856 11077 11116 11206 
77 269 535 682 827 985 1256 1418 1567 1728 2033 2288 2506 2607 2744 2937 3272 3468 3576 3831 4101 4204 4442 4707 4929 5096 5139 5476 5509 5821 6080 6179 6471 6521 6870 7131 7251 7462 7639 7813 8105 8229 8405 8745 8845 9100 9330 9432 9740 9803 10063 10172 10303 10481 10527 10629 10841 10938 11028 11168 11206 
160 178 430 710 872 998 1294 1392 1708 1849 2041 2263 2353 2561 2912 2926 3191 3465 3650 3827 4049 4259 4488 4537 4761 4967 5161 5437 5603 5842 6028 6177 6384 6613 6745 7072 7257 7440 7687 7832 8075 8164 8484 8703 8882 9129 9238 9528 9662 9867 10064 10175 10235 10476 10485 10630 10850 10907 11075 11105 11206 
96 236 539 559 753 1086 1250 1461 1584 1848 1944 2290 2368 2643 2787 3022 3169 3407 3699 3878 4110 4315 4414 4637 4752 5026 5149 5406 5515 5901 6078 6221 6335 6609 6833 7069 7333 7347 7732 7768 8123 8242 8506 8657 8853 9142 9201 9502 9651 9812 9976 10194 10225 10357 10563 10655 10853 10871 11023 11147 11206 
156 244 494 630 772 1036 1130 1339 1645 1842 1957 2179 2482 2640 2856 3023 3282 3351 3570 3936 4131 4284 4459 4705 4778 5113 5143 5380 5567 5790 6077 6136 6425 6551 6914 7124 7337 7532 7739 7888 7953 8352 8365 8629 8771 9043 9301 9480 9700 9810 10021 10203 10220 10480 10517 10682 10759 10878 11043 11118 11206 
167 258 395 688 902 1000 1213 1433 1641 1815 2061 2321 2466 2641 2905 2954 3261 3508 3542 3901 4116 4235 4479 4628 4833 4991 5129 5404 5572 5751 6097 6121 6400 6680 6910 6946 7213 7384 7742 7773 8091 8348 8543 8718 8839 9006 9359 9387 9701 9803 9950 10199 10340 10352 10598 10661 10836 10908 11008 11157 11206 
8 182 486 673 801 1092 1195 1319 1553 1802 2100 2297 2489 2646 2821 3068 3312 3374 3733 3850 4116 4294 4484 4615 4901 4998 5171 5414 5541 5761 5945 6115 6365 6610 6921 6985 7312 7419 7599 7886 8040 8252 8544 8644 8913 9056 9316 9382 9567 9825 10009 10180 10339 10455 10586 10644 10790 10923 11086 11136 11206 
103 312 433 681 775 964 1219 1496 1569 1838 2009 2160 2424 2599 2747 2960 3172 3431 3611 3757 4116 4197 4465 4644 4876 5123 5190 5412 5561 5705 6004 6127 6374 6565 6776 6996 7289 7350 7611 7806 8110 8240 8374 8750 8904 9138 9314 9498 9618 9832 9945 10151 10226 10436 10495 10714 10831 10974 11065 11185 11206 
75 306 379 618 761 970 1218 1378 1547 1865 2046 2144 2359 2566 2759 2976 3157 3331 3701 3747 3975 4307 4453 4614 4897 4935 5239 5489 5609 5770 6040 6292 6460 6675 6817 6975 7334 7345 7712 7751 8150 8331 8424 8620 8872 9136 9213 9438 9591 9834 9924 10076 10289 10460 10567 10692 10852 10874 11068 11102 11206 
100 292 451 587 750 939 1230 1491 1680 1756 2045 2295 2502 2651 2730 3079 3152 3389 3614 3818 4107 4226 4412 4679 4881 5114 5307 5452 5592 5900 5984 6144 6342 6688 6894 7086 7167 7379 7597 7758 7988 8333 8400 8755 8833 9057 9341 9378 9568 9799 9991 10191 10283 10441 10509 10662 10766 10950 11061 11187 11206 
57 291 443 666 740 931 1193 1415 1541 1910 1989 2241 2365 2713 2850 3084 3220 3403 3582 3914 4020 4232 4432 4567 4785 5047 5266 5508 5620 5872 6034 6306 6516 6671 6908 7113 7299 7365 7570 7945 8118 8203 8527 8682 8906 8976 9305 9458 9705 9866 10018 10162 10221 10368 10561 10641 10741 10938 11026 11175 11206 
112 300 365 705 863 1022 1194 1355 1657 1843 2075 2287 2339 2616 2752 3082 3273 3476 3642 3800 4081 4186 4526 4596 4776 4988 5245 5323 5589 5863 6089 6151 6379 6545 6927 6959 7136 7522 7672 7810 8086 8225 8444 8601 8896 9085 9168 9408 9668 9901 9968 10164 10293 10359 10540 10683 10772 10932 11013 11125 11206 
97 246 377 586 733 1055 1136 1493 1530 1851 1973 2210 2490 2559 2906 3000 3269 3355 3572 3845 4021 4139 4350 4652 4744 5007 5187 5428 5701 5785 5954 6294 6327 6554 6848 7068 7199 7385 7586 7892 7963 8202 8553 8726 8764 9154 9352 9389 9688 9791 9987 10185 10259 10403 10611 10667 10754 10948 11064 11114 11206 
63 259 466 578 759 1091 1257 1429 1688 1771 1987 2260 2415 2662 2770 3043 3235 3355 3655 3923 3969 4319 4359 4563 4798 5074 5280 5328 5671 5879 5919 6265 6502 6696 6779 7050 7327 7371 7698 7939 8010 8295 8552 8659 8961 9052 9220 9553 9692 9897 10059 10148 10343 10403 10523 10682 10772 10906 11065 11179 11206 
175 228 463 713 803 1105 1131 1471 1608 1905 2104 2306 2485 2660 2896 3080 3229 3520 3563 3816 3949 4308 4358 4705 4756 4951 5197 5336 5544 5737 6031 6304 6404 6528 6878 6939 7328 7482 7565 7887 8142 8218 8534 8600 8877 9079 9326 9509 9578 9790 9953 10080 10248 10418 10506 10666 10778 10872 11004 11170 11206 
7 346 387 669 780 1032 1197 1316 1550 1772 2089 2254 2436 2647 2791 2993 3195 3420 3562 3882 4130 4199 4452 4705 4853 5020 5195 5365 5593 5855 5915 6123 6392 6540 6876 7059 7165 7539 7578 7797 7985 8235 8531 8568 8895 9098 9303 9396 9638 9809 10005 10125 10318 10476 10543 10675 10742 10881 11073 11157 11206 
30 204 439 674 870 927 1254 1460 1585 1808 1981 2277 2335 2705 2889 2953 3233 3455 3705 3917 4050 4332 4471 4546 4924 4975 5216 5354 5662 5768 5927 6124 6485 6689 6768 6956 7180 7449 7738 7921 8020 8224 8378 8671 8851 9008 9256 9419 9636 9789 10040 10178 10317 10394 10491 10724 10776 10931 11015 11163 11206 
74 317 428 614 752 953 1297 1417 1694 1909 2002 2158 2409 2602 2868 2998 3188 3518 3659 3807 3940 4261 4406 4671 4836 4958 5199 5332 5681 5877 6037 6173 6350 6723 6749 7062 7188 7338 7740 7943 7998 8343 8550 8633 8773 9139 9202 9376 9605 9793 9926 10145 10347 10475 10526 10697 10813 10879 11056 11098 11206 
131 196 449 633 820 1060 1267 1307 1614 1853 2044 2206 2433 2580 2722 3064 3216 3381 3555 3815 3980 4255 4404 4705 4828 5011 5249 5497 5692 5746 6018 6198 6319 6557 6755 7042 7292 7398 7708 7859 8136 8172 8564 8699 8782 9036 9205 9558 9732 9767 9975 10118 10298 10350 10500 10713 10842 10885 11006 11123 11206 
94 210 428 615 851 961 1159 1428 1591 1855 2072 2154 2450 2720 2865 3118 3220 3406 3720 3781 4022 4264 4417 4558 4782 4984 5221 5461 5663 5858 6102 6214 6420 6710 6789 7021 7270 7531 7563 7848 8030 8177 8537 8708 8898 9148 9177 9463 9752 9886 9954 10103 10245 10433 10591 10630 10811 10973 11011 11193 11206 
72 326 515 597 796 1061 1252 1414 1521 1897 2062 2133 2373 2684 2833 2936 3150 3380 3681 3812 4078 4198 4473 4670 4814 5036 5166 5355 5647 5776 6055 6232 6504 6630 6881 6968 7263 7403 7680 7805 8045 8300 8507 8715 8910 9017 9340 9548 9619 9790 9940 10083 10221 10394 10603 10665 10736 10894 11069 11179 11206 
106 265 520 702 840 954 1152 1365 1647 1781 1953 2148 2451 2563 2786 3081 3302 3329 3601 3866 4133 4305 4474 4540 4891 5064 5146 5319 5619 5868 5974 6168 6452 6589 6766 7025 7260 7465 7688 7802 8080 8265 8415 8567 8935 9117 9348 9393 9710 9824 9980 10153 10217 10468 10504 10708 10822 10926 10986 11193 11206 
54 249 518 646 866 1026 1214 1394 1513 1880 1917 2304 2428 2548 2755 2950 3280 3328 3645 3796 3979 4229 4524 4603 4866 4981 5166 5334 5619 5836 6022 6132 6386 6643 6926 7099 7231 7455 7705 7871 8032 8187 8490 8663 8887 9113 9173 9524 9579 9830 10013 10150 10242 10366 10506 10680 10824 10860 10991 11158 11206 
14 257 505 650 819 1057 1260 1480 1707 1801 2103 2251 2366 2685 2738 2928 3146 3446 3543 3904 3960 4175 4463 4729 4873 5018 5202 5370 5619 5796 5968 6270 6447 6715 6778 6951 7295 7516 7686 7811 8102 8155 8485 8731 8827 8968 9295 9398 9648 9882 9930 10071 10230 10349 10545 10643 10810 10922 10999 11108 11206 
28 299 416 579 727 944 1287 1469 1561 1730 1968 2126 2508 2592 2732 2948 3306 3528 3571 3772 3988 4306 4529 4539 4775 5078 5304 5425 5524 5773 6108 6216 6341 6596 6760 7102 7222 7514 7545 7941 8035 8307 8536 8729 8963 9050 9252 9455 9592 9904 9921 10088 10272 10383 10519 10729 10746 10935 11044 11159 11206 
86 231 360 589 882 1103 1282 1499 1640 1799 2080 2323 2512 2712 2872 3087 3313 3386 3669 3898 4055 4245 4431 4683 4885 5045 5169 5440 5563 5897 6027 6273 6468 6716 6915 7034 7228 7441 7675 7798 7952 8191 8549 8709 8888 9062 9233 9445 9632 9808 9967 10192 10336 10449 10575 10613 10748 10858 11051 11156 11206 
107 202 400 697 891 997 1169 1333 1531 1916 1980 2198 2518 2687 2772 3015 3163 3343 3708 3862 4120 4222 4490 4686 4827 5072 5162 5418 5547 5739 6069 6291 6436 6650 6912 6964 7279 7474 7719 7791 7954 8324 8521 8580 8900 9109 9276 9380 9643 9857 9934 10197 10222 10466 10483 10657 10786 10890 11071 11182 11206 
48 332 478 568 762 993 1223 1419 1667 1732 1977 2308 2384 2672 2798 2933 3305 3490 3546 3780 3989 4295 4499 4543 4807 4942 5232 5390 5608 5784 5970 6301 6469 6601 6855 7047 7223 7517 7630 7913 8003 8325 8388 8733 8918 8967 9194 9482 9668 9807 9935 10078 10300 10422 10580 10707 10828 10959 10978 11204 11206 
21 252 523 720 767 983 1224 1403 1526 1877 1942 2164 2345 2622 2761 2972 3246 3358 3660 3768 4024 4299 4348 4676 4758 4986 5267 5468 5601 5743 6072 6113 6332 6533 6761 7011 7265 7460 7558 7793 8125 8221 8475 8697 8883 8982 9223 9429 9606 9890 9960 10123 10285 10407 10487 10618 10753 10920 11002 11137 11206 
34 223 399 571 739 1017 1196 1421 1522 1864 2016 2203 2374 2537 2774 3035 3257 3458 3550 3908 3999 4289 4502 4559 4852 5023 5305 5320 5588 5787 5994 6312 6418 6690 6826 7077 7289 7373 7717 7948 8152 8293 8539 8599 8886 8965 9217 9501 9664 9875 10029 10108 10309 10456 10572 10693 10843 10881 11012 11155 11206 
114 205 418 591 800 950 1225 1427 1525 1740 2031 2239 2362 2670 2852 3010 3291 3485 3554 3752 4019 4325 4496 4688 4815 4949 5176 5409 5550 5903 6061 6206 6405 6587 6802 6952 7160 7450 7659 7816 8083 8208 8396 8637 8821 9018 9221 9556 9712 9759 9933 10136 10329 10408 10489 10628 10794 10952 11032 11160 11206 
37 304 540 659 828 1053 1149 1488 1677 1782 2004 2166 2462 2581 2832 2999 3127 3341 3680 3783 3964 4188 4534 4725 4740 5025 5286 5373 5527 5759 6088 6258 6426 6615 6877 7054 7277 7348 7691 7949 8078 8276 8478 8717 8811 9070 9354 9413 9708 9888 9941 10126 10339 10387 10524 10632 10770 10941 11066 11124 11206 
42 305 417 699 784 935 1300 1325 1603 1887 1946 2201 2378 2545 2825 2941 3248 3355 3607 3764 4122 4170 4501 4609 4789 5089 5294 5388 5623 5806 6052 6278 6364 6704 6732 7122 7308 7469 7671 7794 8054 8163 8387 8598 8778 9066 9267 9449 9599 9801 9979 10179 10237 10478 10608 10697 10822 10899 10984 11175 11206 
41 245 396 670 861 990 1262 1461 1703 1846 1948 2145 2346 2550 2725 2987 3145 3489 3615 3743 4015 4337 4530 4636 4790 4937 5168 5470 5577 5802 5953 6159 6430 6598 6780 6995 7159 7534 7727 7765 8087 8273 8560 8739 8788 9048 9283 9433 9744 9852 10000 10174 10348 10451 10494 10704 10767 10961 11020 11127 11206 
117 349 531 640 769 946 1148 1420 1557 1906 2037 2172 2380 2667 2916 3104 3202 3424 3687 3765 3984 4190 4438 4732 4766 4939 5164 5488 5525 5765 6060 6220 6381 6622 6791 6972 7301 7451 7685 7884 7967 8269 8410 8719 8956 9092 9253 9416 9699 9761 9969 10141 10304 10430 10544 10617 10793 10878 10996 11201 11206 
84 252 457 717 789 981 1246 1408 1518 1818 2107 2197 2480 2709 2797 3012 3148 3338 3620 3737 4035 4321 4376 4654 4844 5108 5194 5427 5672 5711 5955 6249 6429 6685 6837 7101 7205 7366 7721 7770 8095 8262 8520 8603 8926 9054 9309 9530 9581 9791 10067 10200 10287 10429 10603 10612 10791 10977 11094 11201 11206 
152 286 386 712 889 955 1154 1477 1636 1715 2064 2214 2369 2560 2766 2961 3171 3529 3707 3762 4002 4253 4368 4605 4842 5055 5165 5411 5698 5731 6081 6305 6431 6531 6928 6991 7210 7431 7621 7907 8034 8282 8431 8712 8933 9084 9170 9435 9706 9776 9982 10143 10266 10394 10590 10720 10848 10913 11012 11177 11206 
27 321 392 595 795 963 1183 1450 1581 1753 2020 2151 2455 2659 2837 3018 3132 3362 3624 3788 4074 4296 4467 4684 4899 5119 5269 5318 5539 5805 6082 6199 6376 6698 6896 6987 7266 7367 7701 7899 8106 8338 8509 8610 8925 9074 9257 9456 9660 9766 10052 10187 10239 10454 10552 10721 10774 10897 11057 11134 11206 
62 243 388 711 760 947 1173 1483 1664 1914 1984 2289 2333 2638 2835 3013 3164 3402 3709 3931 3950 4167 4447 4631 4745 5008 5177 5503 5636 5812 6023 6143 6321 6679 6739 7087 7303 7382 7697 7881 7983 8311 8500 8565 8944 9123 9197 9489 9634 9764 9917 10159 10309 10419 10491 10719 10835 10945 11091 11129 11206 
5 226 529 677 888 922 1251 1332 1599 1841 1933 2170 2423 2711 2741 2939 3310 3456 3640 3849 4099 4233 4447 4669 4892 4969 5206 5469 5521 5833 5996 6156 6360 6668 6871 6932 7309 7524 7591 7864 7968 8205 8438 8608 8822 9046 9198 9555 9736 9853 10053 10112 10331 10392 10594 10733 10741 10965 11062 11200 11206 
76 345 424 714 811 1068 1205 1364 1625 1792 2071 2156 2397 2584 2789 3036 3143 3419 3678 3853 4094 4307 4443 4675 4887 5052 5233 5366 5590 5733 6111 6157 6351 6634 6828 6962 7307 7492 7650 7786 8067 8294 8363 8694 8812 9104 9323 9450 9672 9831 9974 10136 10279 10473 10582 10680 10830 10967 11094 11158 11206 
95 220 490 612 797 1047 1222 1481 1676 1717 1972 2287 2444 2614 2862 3039 3297 3330 3689 3798 4116 4269 4400 4672 4841 5083 5263 5363 5580 5818 5995 6188 6432 6722 6888 6960 7229 7362 7663 7896 8004 8345 8417 8642 8844 9042 9164 9385 9598 9808 9979 10138 10258 10380 10553 10696 10839 10949 11090 11179 11206 
151 225 431 663 740 982 1130 1503 1639 1762 1959 2194 2470 2636 2803 2984 3278 3509 3630 3926 4124 4328 4361 4693 4774 5033 5272 5345 5648 5736 5991 6137 6454 6564 6725 7048 7209 7502 7634 7827 8074 8327 8547 8757 8790 8978 9290 9564 9600 9767 9983 10084 10276 10431 10573 10622 10769 10864 10992 11126 11206 
81 178 527 546 897 1034 1266 1350 1686 1828 2048 2242 2427 2556 2806 2980 3139 3523 3561 3744 4116 4265 4426 4653 4763 5102 5150 5393 5669 5829 6084 6274 6491 6550 6911 7085 7156 7454 7568 7882 8023 8162 8519 8586 8820 9095 9320 9468 9614 9870 9961 10190 10320 10473 10531 10613 10814 10954 11003 11111 11206 
1 307 434 553 917 1035 1210 1354 1685 1850 2014 2216 2504 2570 2764 3009 3189 3527 3635 3761 4113 4254 4346 4735 4802 5061 5303 5505 5523 5728 6073 6116 6354 6659 6903 7044 7195 7364 7581 7929 8117 8183 8393 8648 8934 9118 9166 9559 9571 9817 10008 10154 10224 10476 10563 10659 10755 10945 10994 11183 11206 
53 283 370 695 792 1104 1278 1336 1656 1895 2069 2269 2377 2676 2769 3019 3321 3369 3621 3842 3993 4307 4437 4595 4893 4940 5148 5420 5564 5799 5906 6119 6348 6657 6772 6938 7249 7466 7667 7766 8021 8158 8523 8584 8837 9151 9343 9430 9590 9840 10060 10140 10288 10469 10506 10635 10778 10887 11081 11117 11206 
164 238 493 565 735 996 1303 1314 1658 1734 2078 2314 2422 2703 2884 2942 3210 3488 3675 3921 4093 4161 4457 4600 4912 5124 5260 5425 5552 5898 5944 6174 6450 6617 6867 6969 7215 7499 7678 7759 7956 8315 8464 8650 8777 9140 9184 9486 9723 9832 9972 10207 10236 10368 10576 10715 10837 10911 11030 11147 11206 
52 324 423 709 809 960 1207 1348 1519 1816 2036 2302 2457 2585 2724 3101 3314 3503 3677 3829 4054 4162 4344 4614 4870 5096 5158 5399 5571 5847 6085 6314 6482 6591 6891 6973 7208 7420 7703 7869 8024 8199 8554 8569 8802 9124 9317 9363 9750 9896 10025 10210 10280 10415 10610 10684 10791 10897 11043 11188 11206 
9 320 403 723 744 1085 1236 1382 1544 1867 2040 2183 2426 2700 2910 2944 3134 3483 3693 3839 4082 4312 4486 4634 4865 5090 5182 5460 5526 5754 5975 6145 6444 6588 6924 7010 7146 7447 7574 7808 8072 8160 8516 8673 8951 9092 9183 9461 9586 9908 10003 10107 10312 10358 10512 10723 10769 10964 10999 11168 11206 
44 241 517 556 763 1075 1116 1407 1652 1769 2081 2128 2372 2579 2887 3029 3214 3371 3698 3910 4129 4202 4498 4678 4932 5096 5237 5397 5607 5706 5947 6125 6501 6568 6863 7049 7135 7388 7658 7825 7964 8193 8481 8746 8941 8999 9302 9550 9721 9880 9989 10198 10216 10384 10609 10717 10767 10970 11038 11115 11206 
42 191 357 599 878 1074 1242 1500 1616 1830 1961 2122 2336 2663 2895 2974 3158 3398 3626 3867 4009 4286 4447 4666 4799 5000 5189 5445 5558 5722 5933 6309 6489 6539 6836 7115 7264 7478 7745 7884 7989 8219 8455 8611 8889 8998 9265 9527 9709 9778 10040 10186 10302 10460 10511 10636 10807 10947 11026 11185 11206 
121 333 366 564 781 991 1270 1425 1660 1795 1983 2129 2419 2532 2823 2965 3256 3415 3551 3797 3962 4266 4503 4610 4806 5096 5154 5475 5661 5798 6053 6166 6514 6572 6920 7036 7171 7529 7577 7834 8014 8339 8443 8759 8852 9156 9222 9401 9623 9807 10063 10104 10234 10409 10485 10642 10749 10916 11070 11113 11206 
166 180 432 627 786 989 1126 1437 1574 1786 2086 2173 2330 2707 2727 2991 3299 3471 3730 3869 3981 4311 4378 4733 4912 4966 5293 5441 5535 5782 6051 6165 6446 6612 6841 6957 7158 7434 7548 7762 8044 8263 8483 8604 8762 9101 9162 9517 9594 9826 10054 10129 10334 10475 10517 10654 10847 10872 11096 11192 11206 
174 186 452 642 736 936 1306 1463 1566 1890 1996 2139 2496 2526 2890 2938 3323 3512 3704 3840 3986 4313 4413 4541 4764 4938 5247 5372 5617 5794 6091 6120 6480 6560 6790 6942 7320 7351 7580 7858 7997 8209 8530 8686 8892 9161 9279 9390 9702 9783 10024 10204 10248 10391 10559 10650 10779 10885 11018 11117 11206 
164 344 415 613 735 1012 1231 1501 1651 1712 2097 2147 2519 2582 2875 3021 3192 3477 3661 3860 4048 4150 4402 4705 4867 4997 5244 5485 5668 5817 6074 6228 6369 6641 6801 6982 7144 7404 7635 7828 8082 8312 8409 8585 8860 9134 9259 9443 9741 9829 10037 10178 10228 10395 10503 10676 10743 10910 11082 11186 11206 
171 254 404 651 807 1101 1123 1424 1669 1780 2023 2252 2487 2642 2801 3006 3292 3404 3706 3738 4025 4206 4351 4557 4832 5101 5264 5435 5587 5826 6043 6299 6488 6672 6873 7052 7332 7411 7606 7826 8112 8231 8392 8590 8948 9158 9339 9386 9645 9800 10060 10140 10256 10467 10507 10673 10791 10867 11039 11124 11206 
163 194 437 685 895 928 1244 1396 1546 1775 2025 2219 2391 2628 2870 2996 3243 3363 3553 3795 4033 4252 4447 4728 4926 4956 5217 5383 5690 5793 6024 6147 6470 6562 6759 7118 7194 7392 7629 7764 8039 8210 8447 8606 8865 9080 9218 9392 9677 9768 10042 10101 10238 10475 10570 10731 10768 10933 11022 11168 11206 
127 221 426 558 847 1082 1187 1448 1523 1743 2112 2235 2403 2656 2898 3002 3303 3487 3581 3887 3961 4329 4371 4692 4816 5100 5276 5424 5626 5751 5920 6219 6329 6674 6849 7116 7211 7471 7551 7940 8153 8167 8458 8727 8875 9063 9300 9481 9596 9853 10026 10153 10303 10464 10596 10683 10788 10902 10990 11199 11206 
26 356 498 550 901 1018 1235 1323 1612 1913 1941 2200 2429 2589 2848 2958 3226 3334 3637 3873 3941 4268 4495 4667 4829 4982 5302 5454 5551 5841 6007 6268 6458 6571 6882 7033 7248 7473 7695 7837 8100 8258 8372 8681 8846 9126 9331 9538 9637 9838 10065 10153 10222 10445 10539 10710 10784 10928 11025 11136 11206 
111 209 441 707 843 1025 1275 1484 1629 1768 1966 2132 2331 2609 2751 2988 3220 3388 3714 3790 4006 4208 4397 4556 4825 4968 5250 5408 5686 5720 5965 6189 6331 6577 6845 7030 7293 7386 7587 7801 8140 8170 8402 8566 8765 8977 9349 9469 9676 9792 9992 10085 10240 10410 10579 10635 10836 10955 11017 11134 11206 
120 296 489 676 787 958 1220 1398 1533 1907 2060 2196 2367 2657 2735 2982 3267 3360 3727 3896 4092 4303 4507 4564 4800 5050 5308 5507 5594 5797 5946 6134 6475 6534 6812 7093 7227 7526 7713 7850 8146 8332 8518 8713 8890 9141 9260 9440 9679 9779 10058 10212 10260 10475 10581 10648 10834 10956 11073 11167 11206 
125 203 492 607 865 1073 1186 1308 1655 1784 2015 2318 2517 2711 2805 3091 3182 3430 3613 3742 4116 4309 4451 4703 4757 5013 5172 5482 5581 5811 6096 6234 6463 6603 6829 7000 7291 7479 7560 7920 7982 8272 8453 8591 8831 8972 9286 9410 9749 9806 9938 10113 10220 10417 10546 10688 10761 10943 11063 11153 11206 
18 322 393 637 845 1008 1161 1377 1515 1898 2049 2292 2492 2575 2815 3067 3319 3515 3690 3810 3973 4304 4429 4700 4748 4946 5312 5415 5560 5848 6059 6181 6352 6618 6831 7078 7246 7399 7550 7784 7971 8323 8427 8654 8946 9111 9211 9560 9686 9820 10069 10100 10262 10414 10604 10699 10755 10857 11095 11180 11206 
105 302 421 576 899 920 1289 1310 1638 1862 2053 2267 2361 2673 2917 3065 3193 3365 3644 3895 3972 4215 4339 4727 4900 4973 5231 5479 5658 5860 5908 6176 6517 6611 6866 7058 7238 7500 7718 7824 8133 8180 8525 8587 8899 9125 9264 9426 9658 9861 10015 10075 10323 10444 10589 10722 10795 10883 11046 11131 11206 
53 227 442 721 908 1002 1185 1317 1693 1755 2077 2162 2463 2665 2914 3076 3211 3384 3588 3907 4057 4248 4480 4663 4788 5114 5225 5339 5533 5742 5958 6152 6423 6712 6868 7132 7262 7436 7567 7876 8131 8353 8559 8593 8781 9068 9335 9541 9630 9876 10062 10134 10312 10437 10524 10670 10826 10960 10979 11190 11206 
150 281 375 601 873 1030 1225 1404 1507 1770 2032 2310 2476 2523 2731 2927 3259 3377 3559 3889 4053 4331 4482 4649 4849 4933 5163 5494 5697 5723 6035 6160 6358 6633 6884 7017 7151 7453 7661 7947 7979 8264 8482 8616 8767 9016 9224 9518 9695 9903 10063 10169 10264 10457 10547 10614 10771 10927 10978 11109 11206 
15 276 480 672 751 1038 1245 1321 1610 1810 2011 2291 2376 2593 2900 3117 3141 3418 3594 3843 4097 4171 4383 4705 4871 5034 5219 5387 5600 5819 6063 6192 6412 6714 6865 7120 7206 7358 7588 7903 8122 8232 8558 8704 8784 9013 9204 9546 9677 9881 10056 10137 10253 10402 10549 10615 10849 10918 11084 11149 11206 
133 301 526 692 783 978 1179 1395 1689 1721 1928 2322 2364 2690 2790 3027 3131 3437 3599 3880 4098 4335 4521 4730 4908 5097 5270 5459 5622 5874 5907 6281 6507 6708 6922 7114 7190 7426 7734 7819 8143 8157 8428 8658 8928 9031 9356 9415 9691 9858 10028 10167 10268 10462 10549 10689 10738 10919 10983 11146 11206 
118 176 461 607 812 999 1140 1312 1508 1824 2101 2218 2349 2678 2838 3069 3288 3472 3590 3875 4117 4158 4385 4606 4868 5062 5283 5422 5569 5778 6100 6112 6390 6624 6879 7092 7232 7341 7653 7831 8097 8255 8503 8725 8760 9097 9175 9465 9728 9818 10030 10087 10254 10461 10587 10640 10751 10872 11091 11162 11206 
108 240 460 664 810 980 1217 1344 1575 1788 1929 2286 2491 2523 2882 2969 3206 3444 3584 3766 3946 4219 4497 4601 4922 5042 5132 5368 5536 5803 6106 6149 6500 6548 6727 7012 7300 7523 7690 7815 8107 8347 8401 8705 8850 9150 9296 9547 9620 9864 9914 10189 10254 10396 10600 10651 10799 10861 10990 11156 11206 
38 247 407 716 777 1093 1134 1487 1555 1871 1993 2232 2477 2577 2785 3074 3183 3454 3656 3858 4028 4220 4421 4660 4743 4961 5236 5477 5517 5745 6019 6162 6443 6686 6773 7097 7157 7468 7626 7889 7972 8318 8466 8693 8797 9051 9266 9532 9569 9863 10070 10114 10253 10474 10600 10674 10802 10892 11090 11205 11206 
157 207 534 658 890 1063 1178 1431 1632 1811 1994 2167 2369 2538 2847 2995 3251 3410 3618 3794 4007 4234 4420 4580 4858 5115 5222 5351 5659 5834 6014 6229 6396 6724 6774 7009 7237 7537 7625 7911 7993 8309 8385 8752 8806 8988 9208 9446 9714 9805 9970 10157 10321 10416 10496 10716 10842 10889 11072 11194 11206 
49 354 362 647 778 1081 1118 1353 1578 1724 2007 2296 2493 2533 2827 3005 3160 3361 3664 3875 4052 4156 4390 4668 4767 4983 5200 5444 5591 5779 6009 6186 6349 6638 6737 7022 7241 7377 7651 7792 8058 8245 8512 8679 8776 9069 9239 9409 9674 9811 9922 10135 10299 10439 10540 10612 10845 10937 11033 11125 11206 
155 330 464 612 829 1094 1288 1389 1649 1731 2070 2125 2418 2630 2888 2935 3147 3441 3722 3830 4102 4327 4462 4710 4783 5060 5159 5394 5553 5757 6003 6207 6477 6529 6876 6971 7319 7490 7646 7839 8015 8340 8439 8635 8936 9025 9318 9491 9601 9895 10006 10202 10270 10398 10527 10646 10783 10921 11080 11196 11206 
59 288 429 600 813 918 1304 1451 1582 1745 2118 2207 2406 2601 2802 3063 3223 3484 3732 3740 4000 4191 4475 4620 4861 4974 5285 5358 5646 5837 6064 6286 6496 6677 6746 7090 7162 7372 7607 7907 7978 8230 8468 8722 8874 9106 9195 9454 9729 9894 9958 10177 10314 10457 10606 10669 10764 10929 11059 11119 11206 
19 261 445 572 821 962 1163 1341 1683 1881 1999 2202 2434 2693 2907 3114 3198 3366 3688 3787 4001 4166 4418 4607 4881 5004 5153 5487 5516 5729 6099 6257 6361 6658 6810 6966 7261 7494 7668 7935 8098 8260 8477 8618 8902 9065 9212 9484 9719 9910 9988 10188 10294 10400 10534 10683 10738 10873 11007 11203 11206 
126 279 364 602 832 1040 1268 1379 1621 1777 2066 2123 2404 2596 2812 2951 3290 3461 3535 3754 4091 4318 4370 4549 4801 5003 5201 5359 5614 5813 6002 6272 6451 6558 6762 6994 7202 7394 7589 7923 8055 8188 8470 8640 8843 9087 9169 9471 9704 9855 9964 10089 10313 10382 10601 10624 10844 10891 11078 11148 11206 
83 179 448 577 853 1019 1271 1497 1673 1752 1924 2215 2486 2588 2901 3030 3178 3375 3538 3925 4088 4210 4450 4594 4751 5068 5207 5324 5666 5862 6033 6155 6320 6599 6825 7061 7268 7412 7714 7781 8104 8213 8496 8667 8816 9064 9166 9520 9717 9813 9945 10130 10286 10472 10543 10694 10789 10941 10985 11170 11206 
79 278 516 717 741 1048 1166 1355 1642 1832 1947 2209 2394 2598 2904 3001 3270 3507 3544 3775 4037 4307 4440 4570 4747 4979 5136 5374 5538 5905 5929 6233 6326 6623 6853 7039 7330 7389 7585 7908 8151 8241 8423 8665 8841 9155 9262 9424 9661 9798 10065 10173 10265 10479 10554 10690 10803 10975 11050 11154 11206 
163 200 488 634 754 924 1285 1416 1598 1837 1998 2258 2370 2591 2810 2934 3311 3432 3703 3890 4044 4307 4523 4575 4750 4972 5188 5360 5674 5747 5941 6209 6435 6547 6756 7071 7185 7510 7656 7922 8103 8275 8562 8738 8924 9153 9353 9391 9682 9776 10067 10213 10337 10448 10566 10679 10778 10886 11010 11142 11206 
103 280 458 694 768 992 1128 1330 1596 1900 2073 2199 2356 2630 2740 3120 3208 3445 3537 3846 4070 4307 4487 4656 4862 5118 5156 5462 5546 5767 5923 6252 6510 6635 6733 6930 7198 7491 7641 7936 8141 8356 8450 8672 8876 9020 9186 9563 9566 9775 10033 10116 10293 10354 10517 10619 10767 10904 11045 11201 11206 
55 329 541 605 818 1058 1177 1313 1627 1793 1962 2220 2500 2644 2775 3025 3293 3346 3673 3933 3982 4181 4465 4562 4822 5073 5144 5430 5693 5881 6047 6279 6511 6651 6728 7055 7296 7402 7543 7757 8114 8192 8421 8632 8858 9110 9206 9466 9656 9769 9965 10095 10274 10362 10511 10682 10734 10934 11055 11179 11206 
172 250 414 649 903 936 1241 1352 1696 1765 2010 2272 2352 2577 2739 3062 3232 3442 3532 3884 4116 4251 4461 4694 4848 5032 5310 5490 5573 5840 6020 6151 6408 6682 6787 6940 7235 7446 7592 7853 7965 8292 8480 8630 8800 8994 9192 9421 9737 9876 10066 10098 10308 10373 10516 10638 10770 10941 11091 11132 11206 
158 237 544 560 815 958 1240 1381 1554 1831 1921 2178 2408 2547 2923 3121 3167 3327 3643 3823 4121 4297 4423 4640 4835 5017 5227 5344 5637 5762 6045 6280 6479 6647 6852 6988 7250 7427 7632 7779 8138 8212 8398 8581 8893 9038 9167 9457 9722 9788 9946 10073 10218 10442 10530 10679 10845 10906 11068 11169 11206 
35 234 409 623 877 1070 1286 1453 1602 1803 2054 2211 2516 2568 2796 2955 3128 3333 3685 3735 4064 4236 4476 4698 4809 5028 5209 5407 5644 5888 6067 6141 6401 6666 6747 7029 7335 7506 7662 7932 8079 8341 8561 8666 8807 9023 9203 9448 9753 9868 9918 10112 10225 10385 10585 10726 10737 10894 11029 11196 11206 
29 213 456 691 871 1014 1241 1409 1509 1874 1964 2221 2350 2634 2908 3098 3231 3505 3603 3813 3965 4291 4425 4589 4850 4987 5273 5376 5618 5792 5959 6204 6476 6573 6892 7002 7218 7413 7610 7878 8028 8259 8486 8625 8823 9131 9226 9503 9633 9796 10050 10193 10278 10374 10566 10719 10805 10911 11035 11139 11206 
21 235 384 664 886 1016 1137 1443 1666 1726 1922 2150 2439 2679 2779 3008 3187 3414 3632 3891 4027 4231 4381 4642 4880 4950 5181 5495 5651 5800 6076 6289 6328 6702 6796 7043 7318 7521 7654 7912 8065 8313 8382 8573 8859 9004 9165 9366 9748 9772 9917 10211 10341 10426 10523 10654 10797 10957 10984 11186 11206 
91 293 536 701 791 1022 1189 1373 1607 1852 2047 2142 2461 2604 2742 2983 3135 3423 3597 3877 4036 4216 4485 4641 4904 4964 5262 5371 5531 5780 5935 6253 6356 6530 6808 6958 7204 7488 7665 7857 8062 8351 8454 8684 8920 9060 9357 9467 9602 9906 10055 10096 10217 10476 10593 10631 10780 10855 11079 11186 11206 
131 335 398 693 756 1099 1119 1475 1626 1822 2050 2149 2452 2540 2831 3049 3209 3497 3636 3861 4011 4227 4510 4588 4923 5070 5133 5466 5524 5780 5948 6183 6398 6586 6784 6986 7182 7425 7604 7926 7999 8211 8425 8690 8856 9159 9251 9523 9739 9795 9920 10106 10320 10427 10502 10637 10846 10971 11009 11149 11206 
165 336 496 606 856 951 1233 1423 1601 1714 2111 2238 2343 2524 2733 3086 3129 3408 3697 3885 4061 4270 4398 4597 4860 5104 5138 5357 5566 5713 5952 6154 6492 6655 6753 6992 7234 7496 7706 7937 8115 8360 8497 8696 8940 9099 9350 9515 9607 9888 10013 10199 10308 10470 10498 10634 10754 10863 10984 11100 11206 
23 181 373 690 875 952 1122 1457 1698 1739 2085 2120 2498 2613 2883 3102 3144 3481 3530 3856 4073 4258 4448 4551 4856 5094 5274 5392 5656 5763 6103 6193 6325 6581 6827 6978 7173 7342 7707 7862 7991 8334 8556 8626 8795 9035 9315 9397 9707 9835 9947 10168 10243 10364 10571 10678 10832 10912 11023 11149 11206 
97 190 537 548 879 979 1138 1349 1634 1794 2099 2317 2351 2627 2749 3053 3180 3511 3558 3927 4014 4273 4407 4616 4804 4993 5203 5421 5610 5781 6029 6178 6383 6549 6795 6982 7325 7353 7559 7747 8076 8201 8555 8724 8793 9037 9172 9452 9685 9848 9995 10160 10229 10423 10562 10615 10825 10953 11052 11202 11206 
24 187 430 702 817 925 1127 1486 1600 1834 2038 2188 2379 2612 2846 2946 3252 3493 3649 3739 3992 4276 4477 4712 4912 4941 5290 5458 5631 5801 6006 6197 6467 6678 6904 7019 7304 7380 7725 7803 8121 8220 8376 8605 8789 9119 9191 9477 9574 9783 9977 10200 10248 10481 10536 10695 10811 10947 11082 11163 11206 
139 206 485 699 761 1015 1222 1459 1692 1804 1954 2250 2395 2683 2746 3042 3137 3504 3674 3808 4047 4137 4517 4617 4882 5091 5157 5502 5545 5864 5917 6256 6337 6629 6738 7046 7267 7437 7631 7823 8090 8165 8489 8695 8809 9022 9332 9472 9735 9763 9954 10194 10255 10440 10567 10672 10795 10936 11039 11188 11206 
137 253 512 620 864 1107 1284 1502 1597 1713 2056 2256 2468 2525 2822 3073 3185 3498 3633 3783 4056 4246 4506 4571 4875 4936 5299 5416 5576 5755 5910 6180 6449 6606 6803 6935 7272 7432 7600 7867 8096 8280 8369 8742 8938 9034 9225 9537 9640 9843 10061 10108 10330 10370 10561 10692 10752 10898 11033 11135 11206 
132 177 528 643 914 1043 1279 1362 1570 1869 1969 2275 2507 2611 2869 3017 3265 3525 3692 3905 4058 4153 4466 4619 4902 5121 5204 5498 5606 5780 6075 6211 6383 6535 6800 6980 7220 7375 7598 7895 8031 8357 8501 8728 8960 9072 9182 9513 9621 9854 10012 10102 10310 10470 10539 10705 10812 10930 11060 11174 11206 
173 183 422 617 904 932 1147 1399 1580 1845 1991 2193 2505 2574 2794 3090 3326 3383 3671 3821 3990 4274 4389 4568 4769 5016 5211 5375 5583 5708 5979 6260 6323 6695 6793 7096 7170 7518 7553 7942 7995 8247 8390 8615 8770 8971 9171 9459 9734 9819 10011 10197 10325 10381 10488 10692 10763 10917 11065 11188 11206 
70 269 536 593 907 1041 1276 1343 1700 1821 2043 2228 2383 2531 2855 2994 3247 3451 3628 3767 4087 4228 4533 4560 4805 4977 5149 5480 5643 5849 6086 6307 6506 6578 6902 7028 7176 7356 7549 7788 7951 8355 8429 8627 8857 9135 9190 9507 9698 9892 9936 10184 10267 10434 10488 10679 10840 10951 11034 11143 11206 
147 199 481 704 834 919 1209 1478 1611 1779 2028 2273 2405 2702 2881 3038 3239 3479 3713 3793 3991 4262 4434 4689 4773 5086 5160 5375 5612 5815 6026 6297 6419 6692 6890 6954 7150 7408 7576 7933 8109 8186 8406 8664 8932 8990 9328 9441 9747 9771 10064 10119 10291 10435 10586 10692 10827 10876 11067 11151 11206 
60 350 487 715 824 956 1215 1466 1588 1763 1937 2270 2465 2669 2894 3033 3279 3387 3684 3740 4051 4200 4367 4604 4837 4978 5259 5378 5512 5899 6058 6153 6387 6536 6851 7080 7271 7406 7618 7755 7990 8328 8494 8669 8871 9026 9287 9464 9738 9814 9956 10105 10245 10385 10605 10711 10803 10970 11009 11153 11206 
116 289 479 684 910 987 1293 1430 1662 1860 1936 2131 2503 2600 2876 2977 3213 3332 3726 3819 4072 4298 4472 4565 4907 5012 5246 5391 5654 5830 5940 6291 6503 6720 6763 6947 7285 7339 7694 7866 8119 8215 8528 8655 8921 9120 9236 9495 9678 9883 9932 10160 10277 10360 10555 10702 10816 10877 10993 11156 11206 
2 212 486 700 911 970 1247 1474 1539 1863 2017 2262 2386 2542 2748 2985 3281 3448 3665 3864 4085 4310 4338 4714 4831 5046 5149 5327 5529 5717 5992 6200 6484 6520 6901 6977 7161 7536 7644 7746 8025 8283 8511 8639 8911 9157 9207 9474 9595 9784 10018 10196 10311 10389 10497 10633 10766 10930 11043 11107 11206 
80 347 455 572 916 1062 1232 1458 1615 1879 1965 2161 2432 2655 2781 2946 3317 3376 3556 3801 4069 4272 4508 4627 4753 5096 5306 5369 5629 5825 6066 6201 6388 6653 6730 7123 7281 7487 7647 7833 8089 8349 8381 8730 8952 9045 9347 9442 9742 9871 10053 10193 10340 10412 10520 10700 10752 10912 11026 11113 11206 
140 211 482 665 880 965 1201 1357 1514 1798 2005 2246 2421 2716 2824 2940 3258 3457 3609 3854 3995 4281 4447 4643 4781 4962 5142 5348 5624 5719 6044 6230 6344 6561 6821 7024 7152 7519 7716 7916 8101 8321 8440 8680 8955 9003 9285 9473 9597 9891 10023 10198 10224 10451 10578 10705 10751 10883 11011 11170 11206 
31 198 397 603 790 1039 1117 1362 1618 1738 2055 2152 2363 2595 2843 3040 3184 3480 3548 3932 4071 4256 4349 4550 4771 5056 5149 5429 5534 5870 6038 6117 6366 6532 6844 6953 7273 7409 7657 7749 8092 8359 8449 8689 8769 9144 9273 9488 9580 9859 9929 10088 10271 10394 10597 10621 10823 10896 11069 11138 11206 
64 248 477 574 894 943 1218 1347 1646 1899 2079 2182 2387 2605 2892 3066 3174 3513 3694 3769 3954 4271 4481 4646 4912 4955 5229 5349 5605 5735 6050 6139 6478 6719 6786 6950 7177 7484 7615 7812 8029 8322 8434 8710 8794 9128 9289 9384 9628 9800 9945 10133 10346 10432 10492 10715 10785 10860 11058 11136 11206 
21 319 470 636 844 1065 1295 1383 1620 1844 2059 2141 2513 2621 2913 3050 3260 3464 3568 3918 4115 4282 4525 4719 4772 5096 5230 5342 5582 5709 5931 6282 6490 6607 6823 6990 7331 7530 7642 7865 8057 8156 8426 8623 8909 9001 9187 9371 9584 9797 10023 10094 10281 10451 10565 10691 10831 10940 11046 11186 11206 
123 250 525 625 850 1094 1113 1366 1552 1787 1978 2130 2491 2653 2902 3112 3176 3430 3657 3756 3994 4314 4519 4573 4884 5103 5191 5449 5554 5748 5949 6184 6483 6654 6735 6934 7252 7421 7603 7904 8053 8207 8379 8566 8855 9143 9325 9545 9622 9761 10048 10146 10226 10378 10502 10714 10792 10911 10980 11118 11206 
122 193 543 563 771 1079 1238 1406 1538 1809 2067 2257 2416 2544 2763 3034 3264 3452 3602 3844 3945 4187 4365 4722 4744 5027 5284 5417 5625 5780 6093 6238 6467 6718 6835 7104 7201 7435 7737 7841 8113 8206 8459 8702 8799 9053 9360 9549 9616 9880 10068 10122 10325 10460 10596 10732 10810 10885 11026 11140 11206 
159 290 538 635 825 1011 1291 1384 1675 1876 1949 2259 2442 2552 2915 2990 3215 3443 3670 3779 3937 4172 4427 4548 4845 4992 5235 5361 5627 5904 6095 6187 6433 6721 6807 7095 7148 7422 7696 7930 8038 8254 8394 8676 8766 9105 9271 9364 9716 9842 9978 10142 10297 10399 10559 10658 10823 10871 11085 11118 11206 
39 219 506 710 838 953 1181 1439 1540 1840 2083 2280 2459 2572 2736 3028 3324 3385 3725 3745 4100 4278 4514 4701 4824 4995 5212 5325 5639 5712 5988 6276 6334 6541 6885 7031 7187 7497 7579 7771 8008 8168 8368 8656 8894 8987 9342 9510 9609 9777 9939 10137 10324 10408 10557 10701 10831 10964 11065 11110 11206 
17 287 469 561 806 1056 1263 1449 1517 1836 1958 2124 2402 2586 2753 3037 3154 3354 3700 3833 4043 4183 4340 4658 4931 5001 5291 5432 5640 5716 5971 6167 6509 6684 6906 6931 7239 7368 7699 7776 8027 8226 8446 8570 8779 9041 9247 9411 9703 9796 9925 10165 10316 10424 10541 10663 10803 10948 10987 11188 11206 
93 327 522 652 799 1006 1203 1464 1577 1806 1920 2223 2467 2541 2741 3092 3155 3514 3587 3912 4103 4201 4341 4624 4797 5085 5149 5481 5575 5789 5916 6295 6339 6614 6919 6989 7294 7395 7623 7950 8056 8204 8367 8625 8804 8984 9235 9492 9711 9868 10051 10121 10289 10365 10542 10649 10798 10947 11065 11173 11206 
148 337 405 661 814 1095 1248 1388 1556 1744 1934 2222 2413 2681 2879 2930 3224 3425 3533 3913 4029 4213 4444 4586 4787 5038 5149 5401 5632 5883 5969 6122 6438 6717 6917 7067 7168 7442 7593 7809 8116 8234 8404 8753 8923 8985 9241 9388 9720 9850 9957 10097 10316 10480 10505 10673 10846 10865 11067 11171 11206 
163 218 420 667 831 930 1292 1444 1648 1884 2019 2319 2390 2637 2860 2970 3234 3462 3660 3902 4004 4155 4505 4599 4765 5041 5192 5439 5630 5783 6092 6158 6353 6707 6887 7125 7197 7450 7552 7844 8042 8285 8435 8646 8908 8975 9272 9557 9642 9898 10004 10200 10246 10426 10566 10726 10804 10903 11050 11106 11206 
3 202 450 686 743 926 1265 1402 1551 1760 2065 2283 2484 2619 2809 3078 3296 3426 3728 3809 4034 4333 4382 4613 4840 5051 5315 5426 5619 5854 6030 6170 6459 6631 6783 6942 7245 7390 7547 7814 8135 8200 8545 8575 8873 9090 9308 9451 9758 9791 10033 10181 10306 10435 10607 10654 10809 10884 11004 11169 11206 
13 224 459 547 755 1052 1133 1447 1534 1737 1940 2176 2344 2576 2830 2971 3325 3433 3723 3892 3963 4336 4347 4582 4737 4976 5151 5375 5621 5726 5972 6224 6456 6546 6905 6979 7166 7414 7570 7931 8009 8274 8384 8607 8761 9083 9250 9535 9730 9773 10047 10213 10259 10408 10516 10629 10735 10854 11000 11173 11206 
146 215 514 687 726 959 1299 1465 1564 1861 2109 2174 2340 2686 2871 3099 3166 3390 3616 3751 3955 4174 4395 4608 4911 4934 5167 5375 5688 5892 6105 6239 6441 6625 6839 7082 7186 7476 7720 7820 7977 8154 8420 8576 8814 9122 9270 9533 9615 9785 9953 10128 10347 10450 10521 10634 10756 10944 11052 11149 11206 
102 274 419 629 833 929 1274 1371 1528 1847 2058 2159 2440 2558 2760 3051 3304 3379 3682 3814 4095 4224 4380 4583 4896 5031 5178 5410 5645 5887 6012 6172 6427 6637 6792 6937 7322 7343 7710 7924 8026 8286 8441 8582 8879 9082 9288 9423 9675 9909 9931 10180 10277 10457 10568 10668 10831 10871 10984 11157 11206 
101 341 398 567 905 948 1132 1467 1661 1835 2066 2138 2388 2709 2729 3055 3320 3344 3564 3817 3947 4143 4386 4704 4823 5057 5252 5375 5554 5820 6039 6243 6362 6621 6769 7038 7219 7475 7648 7861 7957 8236 8499 8670 8929 9093 9179 9490 9654 9816 9998 10184 10308 10351 10492 10645 10769 10917 10997 11127 11206 
50 325 471 698 747 1098 1234 1489 1587 1812 2116 2205 2479 2694 2834 3119 3212 3499 3711 3876 4008 4169 4494 4632 4878 5105 5196 5375 5702 5718 5999 6138 6415 6553 6743 7005 7153 7520 7572 7783 7975 8326 8389 8687 8959 8973 9291 9428 9690 9821 9972 10208 10257 10379 10513 10696 10811 10970 11016 11120 11206 
87 226 532 632 748 1031 1229 1462 1563 1747 1971 2230 2410 2696 2853 3016 3136 3350 3536 3836 3971 4317 4403 4711 4818 5040 5210 5443 5540 5867 5982 6172 6455 6579 6889 7117 7244 7363 7722 7807 7994 8271 8399 8749 8930 9011 9293 9395 9583 9815 9990 10146 10335 10385 10498 10673 10841 10947 11064 11116 11206 
61 355 376 661 768 1072 1164 1359 1604 1774 2035 2171 2457 2645 2726 3105 3228 3522 3666 3837 4079 4302 4343 4635 4808 5005 5175 5484 5513 5788 5938 6205 6317 6526 6816 6929 7155 7416 7689 7847 8066 8243 8407 8683 8945 9081 9294 9485 9680 9834 10046 10118 10219 10373 10559 10673 10740 10977 11052 11108 11206 
22 197 368 587 745 1021 1277 1351 1535 1873 2096 2244 2414 2648 2864 2997 3207 3413 3569 3906 3951 4189 4369 4680 4925 5014 5149 5451 5598 5861 5918 6290 6382 6591 6805 6963 7297 7369 7728 7855 8108 8289 8465 8631 8949 9115 9230 9427 9714 9883 10039 10111 10333 10458 10525 10625 10769 10895 11077 11139 11206 
99 189 521 623 734 934 1264 1397 1516 1868 1918 2226 2520 2568 2780 3110 3286 3447 3627 3900 4083 4145 4470 4554 4791 5116 5297 5375 5524 5758 5944 6263 6416 6597 6869 6976 7143 7464 7640 7918 7969 8171 8471 8711 8815 9071 9227 9494 9756 9808 10020 10074 10241 10397 10497 10732 10737 10863 11079 11133 11206 
130 300 501 557 910 1066 1171 1320 1579 1736 2117 2311 2481 2590 2840 3125 3237 3353 3717 3824 3942 4324 4456 4612 4930 5037 5149 5478 5596 5714 6010 6308 6340 6608 6832 7027 7149 7483 7616 7843 8139 8336 8414 8756 8897 9108 9275 9470 9745 9896 10057 10117 10305 10436 10535 10718 10850 10895 11009 11102 11206 
32 259 358 656 860 924 1206 1370 1619 1854 2098 2237 2475 2536 2734 2952 3268 3357 3565 3828 4012 4279 4366 4713 4846 4971 5149 5446 5520 5891 5932 6202 6445 6544 6804 6993 7253 7493 7602 7804 8043 8290 8375 8583 8786 9015 9298 9521 9576 9825 9951 10213 10248 10430 10603 10620 10841 10875 11093 11198 11206 
117 185 495 616 874 1054 1204 1386 1674 1718 1927 2309 2484 2527 2802 3122 3286 3348 3619 3857 3970 4207 4419 4576 4921 5006 5149 5496 5694 5843 5939 6262 6343 6665 6777 6970 7276 7423 7711 7893 7958 8194 8432 8692 8947 9086 9338 9479 9593 9782 10038 10097 10259 10453 10536 10620 10811 10977 11021 11172 11206 
55 284 381 604 808 933 1142 1375 1542 1823 1952 2249 2358 2668 2813 2957 3301 3501 3662 3820 4104 4263 4522 4705 4864 5048 5226 5501 5679 5804 5928 6242 6487 6701 6895 7084 7284 7448 7738 7782 8050 8297 8469 8628 8830 9055 9163 9399 9572 9853 9979 10180 10327 10455 10491 10660 10808 10876 11076 11156 11206 
114 239 413 644 738 1111 1188 1497 1549 1733 2021 2185 2407 2695 2792 3100 3287 3397 3610 3922 4026 4217 4458 4585 4898 5071 5301 5402 5542 5749 5993 6310 6338 6593 6798 7064 7145 7498 7632 7754 8148 8214 8546 8720 8796 9094 9258 9529 9697 9874 10049 10138 10232 10399 10511 10646 10836 10953 11054 11115 11206 
20 294 530 639 782 938 1207 1413 1617 1827 2074 2177 2338 2664 2849 3047 3240 3395 3638 3753 3957 4176 4511 4622 4742 5084 5271 5375 5582 5894 5936 6315 6515 6628 6824 7091 7178 7528 7584 7842 7970 8189 8448 8597 8943 9096 9231 9368 9726 9802 9989 10199 10250 10356 10517 10671 10769 10865 11074 11176 11206 
71 188 447 655 915 995 1198 1329 1678 1722 1979 2265 2437 2677 2886 2973 3250 3416 3686 3758 3974 4290 4391 4561 4780 5024 5134 5375 5522 5791 6011 6245 6507 6703 6819 7015 7278 7458 7609 7872 8124 8296 8433 8737 8783 9014 9337 9525 9650 9900 10001 10201 10251 10433 10556 10731 10762 10955 10995 11099 11206 
51 309 423 631 732 974 1115 1326 1624 1746 2113 2140 2447 2543 2777 3124 3308 3433 3729 3799 4067 4277 4449 4721 4838 4957 5282 5375 5696 5845 5909 6275 6494 6605 6731 7057 7154 7459 7605 7799 7959 8329 8361 8649 8901 9089 9299 9375 9681 9767 9984 10086 10333 10474 10483 10666 10756 10893 10989 11117 11206 
115 249 511 622 857 966 1272 1410 1682 1903 2093 2293 2326 2610 2867 3071 3285 3470 3731 3851 4112 4214 4518 4720 4834 5081 5135 5375 5555 5880 5951 6271 6499 6676 6809 7109 7138 7542 7735 7795 8007 8196 8460 8747 8836 9076 9336 9505 9666 9846 9950 10090 10218 10468 10511 10678 10757 10900 11070 11115 11206 
98 313 402 607 892 1088 1160 1345 1520 1805 2110 2180 2357 2639 2723 2978 3236 3449 3622 3791 4134 4244 4374 4645 4894 5096 5253 5499 5652 5807 6021 6269 6448 6566 6775 7110 7191 7405 7575 7818 8132 8267 8387 8734 8864 9102 9281 9420 9671 9899 10002 10099 10296 10459 10488 10691 10756 10928 11008 11105 11206 
106 181 389 570 742 1020 1146 1390 1543 1805 1955 2190 2478 2618 2750 2943 3200 3405 3712 3826 4062 4249 4352 4708 4859 5096 5174 5331 5638 5822 6107 6129 6457 6583 6765 7111 7140 7505 7561 7821 8033 8268 8467 8668 8958 9152 9313 9487 9715 9771 10012 10122 10222 10385 10566 10638 10808 10947 11083 11178 
