18 690 1092 1656 2319 2760 3102 4038 4353 4624 5173 5787 6229 6618 7234 7727 8369 9063 9305 10179 10423 10798 11341 11941 12709 13004 13306 13870 14468 15159 
112 900 1051 1882 2040 2740 3386 3984 4301 4754 5040 5604 6408 6736 7585 8219 8357 9125 9636 9853 10385 10806 11494 11947 12654 12909 13618 13848 14669 15146 
369 704 1060 1956 2031 2783 3030 4030 4141 4878 5228 5771 6521 7007 7352 8186 8698 8825 9744 10266 10683 11047 11502 11813 12640 13163 13567 14250 14434 14897 
250 913 1320 1902 2147 2867 3350 4063 4503 4999 5511 5560 6416 6848 7488 8037 8493 8819 9504 9957 10362 10915 11294 11847 12541 13018 13699 13840 14339 14905 
308 685 1299 1875 2060 2598 3433 3673 4421 4598 5442 5917 6287 7096 7680 7936 8418 9040 9477 9999 10433 11143 11666 11920 12513 13122 13395 14270 14461 15151 
34 668 1212 1904 2421 2819 3490 3975 4173 4705 5056 5631 6536 7017 7348 8200 8399 8987 9530 9828 10392 10886 11738 12151 12428 13198 13692 14206 14359 15113 
1 743 1447 1713 2452 2871 3541 3924 4202 4771 5223 5746 6110 6895 7312 8090 8250 8991 9537 10220 10482 10932 11286 12194 12642 12769 13335 14254 14724 15023 
122 651 1126 1531 2316 2606 3215 3792 4338 4834 5088 6059 6320 7005 7609 8075 8252 9116 9403 10231 10465 10993 11479 12184 12738 13164 13580 13982 14482 15256 
207 543 1176 1910 2424 2952 3340 3643 4364 5008 5469 5715 6577 6692 7469 8058 8676 8881 9335 10298 10398 11053 11551 11991 12633 13216 13724 14156 14615 15012 
35 503 1110 1944 2317 2791 3225 3992 4407 4659 5487 5772 6112 7089 7203 8118 8654 9145 9285 9922 10464 10796 11416 12228 12598 13223 13611 13959 14755 15001 
70 647 1189 1681 2082 2673 3133 3920 4408 4533 5224 5991 6278 7075 7561 7705 8561 9173 9436 10063 10491 11209 11652 12221 12622 12922 13536 14106 14689 15141 
9 725 1400 1782 2455 2991 3027 4003 4458 4739 5119 5671 6344 6751 7365 7924 8415 8970 9665 9793 10751 11078 11443 12312 12483 12876 13358 13851 14487 14923 
179 598 1054 1482 2376 2731 3066 3935 4351 4850 5435 5838 6257 6763 7586 8064 8431 9191 9698 9998 10627 10979 11774 11839 12452 13211 13668 13953 14768 15088 
288 898 1399 1966 2126 2542 3436 4056 4459 4683 5422 5803 6224 6921 7665 8149 8644 8767 9749 9992 10508 10932 11678 12316 12459 13078 13403 14153 14757 15239 
121 664 1163 1799 2142 2912 3307 4082 4141 4984 5322 5644 6557 6944 7658 8011 8267 9006 9550 10180 10470 10765 11456 12100 12739 12775 13752 14196 14440 14808 
7 734 1259 1512 2135 2577 3383 4069 4381 4857 5078 5856 6369 6914 7407 7840 8562 8977 9475 10171 10397 10868 11498 11862 12569 13240 13279 14300 14778 15162 
398 645 1035 1510 2415 2843 3152 3661 4484 4678 5310 5946 6404 6627 7216 7717 8329 9081 9437 10099 10335 10924 11654 11976 12411 12757 13459 14006 14659 15033 
417 715 1117 1975 2230 3002 3087 3842 4386 4845 5117 5796 6321 6752 7276 7943 8607 8836 9351 9795 10627 11268 11446 12076 12618 13005 13497 14004 14730 15090 
166 644 1060 1727 2346 2764 3492 3740 4482 4620 5075 5568 6451 6735 7637 7832 8292 9165 9461 9955 10380 10924 11316 12236 12531 12815 13387 14239 14706 15002 
392 684 1003 1812 2320 2888 3229 3650 4317 4756 5415 5911 6407 7018 7565 7857 8679 8889 9732 9862 10589 11088 11461 12230 12688 13031 13623 13942 14735 15235 
211 470 1239 1491 2204 2638 3295 3981 4420 4767 5350 6045 6084 7045 7315 7836 8700 9251 9443 9822 10452 11261 11689 12034 12373 13027 13312 14132 14348 15329 
232 490 1144 1758 2264 2999 3180 3705 4304 4986 5318 5844 6134 6998 7193 8095 8697 8779 9731 10021 10667 11146 11470 11796 12443 13034 13460 14090 14746 15150 
62 803 1187 1624 2198 2610 3228 3677 4284 4775 5077 5774 6265 7108 7249 7726 8388 8930 9412 9798 10529 10811 11725 12268 12346 12980 13773 14111 14707 15198 
310 920 1408 1494 2397 2767 3055 3960 4225 4892 5409 5586 6347 6876 7551 7824 8523 8992 9536 9800 10449 10819 11460 12045 12679 13186 13556 13825 14525 15236 
358 564 1345 1698 2466 2717 3410 3824 4146 4668 5300 5730 6455 6871 7147 7974 8316 8840 9331 9871 10479 10892 11449 12086 12650 12781 13796 14047 14434 14998 
279 585 1343 1668 2317 2681 3139 4009 4422 4886 5099 5932 6323 7132 7506 8151 8236 9051 9547 9805 10576 11206 11503 12075 12365 13111 13508 13908 14478 15313 
3 835 1381 1918 2445 2637 3171 3599 4492 4685 5498 5686 6491 7104 7396 8054 8491 8950 9481 9978 10614 10876 11429 11795 12643 12865 13298 13996 14475 14966 
411 766 1089 1861 2027 2838 3154 3999 4255 4536 5313 5612 6560 6797 7328 7931 8372 8990 9502 9825 10406 10982 11719 11830 12565 13190 13709 14293 14685 15118 
353 712 1186 1885 2171 2655 3357 3648 4378 4953 5342 5566 6326 6697 7443 8053 8397 9022 9569 10018 10619 10856 11744 12066 12447 13124 13397 14299 14527 15106 
436 921 1342 1539 2218 2499 3337 3703 4275 4787 5395 5683 6310 6702 7163 7908 8440 8952 9516 10301 10348 11021 11363 11922 12478 12852 13595 14046 14796 15021 
412 784 1161 1483 2331 2748 3218 3877 4455 4937 5200 5699 6223 6658 7470 8143 8647 9159 9566 10240 10624 11163 11580 12214 12736 12779 13711 14232 14696 14964 
40 677 1131 1905 2217 2711 3123 3815 4380 4768 5465 5962 6506 7114 7628 7734 8492 8858 9621 9872 10510 10990 11781 12302 12615 12833 13627 13842 14490 15265 
154 894 1058 1714 2451 2644 3351 3803 4391 4526 5399 5722 6489 6882 7333 7887 8273 9221 9395 10111 10507 10770 11441 11946 12737 13071 13793 14236 14451 15055 
301 624 1283 1952 2190 3001 3534 3738 4348 4691 5347 5639 6290 7043 7483 7892 8672 9255 9273 9906 10538 11001 11284 12177 12406 13054 13689 14273 14586 15336 
417 726 979 1536 2359 2646 3527 3592 4154 4617 5327 5812 6436 7107 7270 8120 8494 8919 9393 10051 10620 10982 11387 12069 12639 13263 13362 13970 14450 15215 
225 832 1136 1599 2124 2752 3389 4074 4215 4817 5025 5999 6212 6628 7367 7853 8746 8821 9579 10077 10348 11275 11668 12001 12609 13195 13746 14055 14444 15202 
347 629 1223 1800 1996 2512 3052 3566 4317 4964 5280 5563 6492 6696 7390 8046 8233 8788 9725 10194 10601 11118 11413 12079 12639 13007 13405 14157 14442 15253 
213 615 1379 1785 2385 2470 3035 3623 4170 4522 5513 5762 6078 7073 7415 7875 8296 8790 9646 10202 10638 10958 11324 12178 12368 12758 13341 14128 14709 15339 
366 856 956 1496 2010 2535 3331 3834 4362 4542 5377 5914 6169 6656 7602 7819 8544 8993 9726 9953 10674 11192 11310 12096 12350 12803 13602 14078 14606 14833 
265 652 1330 1590 2006 2971 3390 4043 4196 4848 5020 5861 6482 6632 7213 8005 8747 8807 9666 9801 10541 10877 11767 11898 12716 12877 13585 14275 14750 15014 
269 833 1325 1931 2430 2784 3444 3775 4497 4883 5490 5583 6327 6740 7418 8022 8612 9200 9619 10137 10729 11257 11536 12006 12379 13022 13331 14152 14661 15037 
84 563 1009 1601 2011 2572 3143 3794 4214 4631 5187 5628 6268 6681 7574 7970 8476 8996 9462 9783 10561 11098 11586 11993 12369 13133 13548 13962 14378 15210 
24 462 1148 1814 2420 2471 3063 3711 4365 4931 5443 5956 6463 6875 7246 7741 8511 9209 9455 10165 10358 11232 11296 11810 12602 13273 13708 13941 14502 14944 
404 771 1057 1829 2108 2473 3253 3695 4111 4623 5478 5811 6334 6909 7607 7755 8744 9168 9541 10131 10324 10902 11673 12081 12594 12960 13738 13979 14646 15085 
329 544 1017 1872 2172 2592 3326 3656 4437 4859 5509 5976 6128 6754 7258 8092 8532 8931 9721 10212 10595 10854 11763 11967 12402 13209 13523 14009 14550 15275 
409 798 1307 1854 2025 2808 3030 3603 4135 4942 5279 5596 6509 6788 7173 8208 8325 9216 9454 9856 10485 10962 11464 11892 12570 13032 13351 13838 14488 14904 
360 654 1029 1843 2407 2947 3343 3547 4225 4588 5357 5594 6234 6724 7137 7722 8551 8760 9650 10075 10609 11225 11702 11804 12722 13257 13428 13950 14462 14832 
329 866 1169 1570 2398 2875 3031 3727 4330 4847 5338 5780 6262 6971 7269 8180 8604 8949 9348 10130 10671 10782 11529 12193 12713 12946 13606 13911 14638 15006 
133 846 1062 1683 2136 2790 3074 3559 4236 4939 5245 5765 6438 6782 7613 7699 8342 9046 9279 9820 10430 10945 11430 12301 12486 13250 13542 14287 14436 15272 
264 602 1014 1930 2089 2811 3204 3995 4421 4820 5518 5782 6267 6778 7393 8090 8533 9193 9297 10190 10592 10818 11349 12096 12386 12822 13587 13940 14770 15137 
183 876 1073 1478 2364 2743 3437 4045 4247 4594 5211 5945 6095 6620 7145 8130 8272 9060 9655 10049 10408 10833 11660 11944 12500 12850 13624 14110 14379 15019 
449 619 1233 1552 2436 2549 3240 3929 4501 4605 5031 5681 6447 6613 7617 7868 8269 9228 9482 10242 10705 11104 11688 11861 12503 13238 13694 13939 14687 15333 
150 458 1077 1990 2408 2653 3498 3596 4243 4889 5237 5814 6546 6715 7257 8201 8378 8832 9350 10125 10639 10880 11538 12201 12580 13086 13560 13866 14373 14831 
0 677 1096 1798 2265 2797 3310 3957 4292 4670 5294 5776 6426 6623 7286 7697 8410 9017 9643 10192 10477 10984 11649 12240 12469 13184 13364 13943 14663 14996 
352 493 1158 1583 2352 2772 3126 4071 4153 4672 5188 5823 6220 6824 7334 7914 8550 9017 9386 9855 10524 11068 11703 12142 12355 13179 13333 14105 14561 14915 
377 741 1208 1606 2128 2854 3247 3936 4431 4893 5428 5630 6436 6642 7154 7799 8290 9015 9527 9818 10561 11266 11691 11990 12604 13258 13380 14030 14784 15072 
300 469 1394 1867 2449 2555 3147 3720 4258 4745 5540 5661 6365 6870 7573 7980 8545 9136 9473 10132 10543 10993 11516 12092 12710 13006 13791 14049 14780 15175 
274 832 957 1524 2137 2541 3525 3976 4514 4574 5143 5573 6252 6994 7358 7775 8629 9180 9570 10285 10579 11095 11710 11939 12647 12908 13772 14261 14547 14852 
215 909 1379 1845 2054 2774 3520 3917 4299 4540 5485 5905 6422 6864 7397 8027 8737 9106 9604 9806 10656 11040 11469 11982 12576 13201 13386 14251 14385 15242 
148 633 1362 1567 2114 2883 3531 3783 4367 4553 5192 5872 6155 6791 7152 8181 8696 9110 9465 9982 10545 11142 11332 12057 12522 13153 13352 14048 14721 15095 
429 658 943 1907 2139 2937 3306 3544 4222 4769 5061 5921 6286 6795 7464 7817 8337 9213 9406 10253 10486 10871 11403 12243 12693 13214 13579 14181 14616 14876 
5 775 936 1887 2287 2685 3230 3655 4186 4575 5549 6023 6352 6989 7209 8214 8450 8870 9374 10066 10692 10802 11598 12087 12617 12928 13361 13968 14732 14912 
347 644 1428 1750 2216 2696 3160 3587 4184 4694 5411 5701 6233 6901 7490 7735 8627 9146 9494 10058 10613 11173 11783 11811 12558 12932 13534 14273 14325 14943 
8 500 981 1461 2267 2571 3271 3913 4423 4759 5060 6029 6235 7019 7648 8031 8618 8785 9270 10234 10393 11086 11564 11825 12638 13029 13469 14040 14497 14924 
261 536 1383 1594 2467 2553 3542 3647 4136 4956 5048 5798 6456 7076 7222 7709 8619 8758 9369 10200 10472 11158 11789 12304 12596 12935 13549 14263 14652 14940 
277 899 1197 1707 2191 2948 3021 3848 4293 4630 5049 5922 6397 6807 7388 7882 8396 9193 9486 10047 10329 11020 11418 12278 12449 13072 13687 13881 14556 14995 
389 916 1390 1808 2111 2817 3151 4044 4508 4880 5289 5834 6401 6760 7622 7901 8522 8811 9618 10217 10332 10892 11389 11831 12362 13187 13346 14231 14771 14899 
227 486 1008 1841 2244 2736 3193 4058 4282 4754 5525 5940 6120 6691 7473 7729 8745 8763 9753 10123 10492 10858 11520 12283 12470 12915 13679 14058 14711 14815 
221 475 1272 1598 2332 2777 3432 3644 4445 4723 5512 5657 6337 6940 7638 8190 8481 9108 9271 9864 10539 11083 11414 11900 12606 13230 13583 13926 14419 15004 
110 592 1045 1618 2346 2787 3468 3993 4340 4819 5190 5663 6596 6991 7185 7783 8548 9184 9444 9928 10574 10797 11589 11925 12721 13270 13442 13902 14736 15111 
433 561 1308 1637 2065 2771 3424 3704 4482 4520 5380 5621 6261 7034 7166 8109 8472 9128 9635 10118 10721 11067 11778 12156 12719 13234 13539 14266 14601 15003 
403 847 1272 1638 2154 2475 3504 3800 4137 4822 5271 5839 6079 6666 7519 7878 8348 9057 9574 10146 10748 11145 11325 12261 12551 12927 13280 13918 14777 14983 
339 731 1083 1983 2200 2502 3207 3551 4379 4855 5169 5649 6183 6815 7625 8098 8631 8846 9658 9786 10354 11214 11682 12058 12708 12899 13406 13935 14424 15065 
319 467 1289 1815 2056 2636 3144 3816 4448 4712 5489 5690 6350 6659 7190 8216 8466 8945 9281 10191 10311 10977 11476 12183 12588 12930 13581 13839 14426 15200 
186 461 1276 1900 2075 2897 3463 3940 4196 4543 5022 5986 6249 7015 7674 7994 8405 8796 9635 10256 10722 10974 11314 12324 12508 12896 13414 14140 14474 14869 
69 822 1198 1543 2419 2844 3232 3839 4208 4619 5531 5569 6584 7054 7440 8165 8683 9201 9293 10035 10327 11056 11481 11996 12613 13023 13551 14102 14523 14819 
391 558 1150 1590 2457 2592 3120 3922 4250 5001 5396 5567 6488 6846 7528 7780 8268 9135 9647 9824 10384 10812 11650 12319 12648 12958 13412 13841 14666 15207 
218 879 1095 1653 2330 2587 3359 3963 4499 4842 5058 5675 6315 6706 7534 8020 8361 8957 9496 9919 10698 11230 11465 12042 12698 13009 13334 13872 14312 15027 
190 896 1438 1511 2118 2744 3017 3764 4344 4680 5182 5828 6548 6762 7399 7728 8281 8978 9417 10033 10352 11125 11514 11870 12617 13117 13521 13818 14504 14961 
246 667 1323 1648 2374 2918 3220 3699 4507 4876 5069 5728 6322 7100 7512 8012 8406 8799 9332 9785 10654 11204 11369 11980 12441 12875 13524 14099 14567 15020 
251 774 1384 1460 2214 2547 3450 3871 4458 4636 5285 5670 6173 7063 7570 7826 8634 8905 9571 10158 10644 11137 11439 12205 12492 13028 13340 14204 14702 14906 
60 752 937 1491 2195 2476 3072 3626 4178 4987 5280 5569 6399 6731 7456 7839 8249 9138 9489 10107 10541 11104 11437 12061 12342 12792 13590 13937 14636 15254 
256 530 951 1665 2328 2603 3445 4028 4185 4623 5172 6064 6413 6890 7350 7712 8291 8955 9583 10254 10355 10944 11277 12137 12466 12961 13771 14123 14543 15311 
315 762 1367 1635 2093 2578 3502 3636 4382 4559 5161 5810 6082 6672 7232 7946 8469 8998 9607 10019 10744 10853 11755 12311 12480 12848 13808 14235 14483 15041 
262 816 993 1643 2252 2954 3114 3613 4261 4742 5236 5847 6441 7077 7227 8000 8543 8885 9718 10284 10758 10921 11588 11846 12514 12969 13349 14194 14758 15103 
157 471 1316 1856 2278 2983 3296 3583 4228 4638 5030 6063 6081 7065 7341 7716 8247 8926 9375 9897 10606 10934 11666 12190 12474 12846 13555 13949 14549 14864 
137 485 1109 1991 2247 2864 3278 3594 4263 4689 5383 5595 6131 6647 7588 8063 8368 9035 9300 9859 10596 11037 11453 12148 12661 12762 13322 13834 14521 14992 
26 733 1213 1854 2273 2730 3103 3983 4293 4833 5217 5598 6529 7130 7245 8091 8298 9072 9553 9880 10583 10987 11499 11870 12604 13075 13674 14213 14790 15219 
189 882 946 1936 2300 2742 3532 3784 4430 4722 5486 6006 6389 6963 7294 7854 8671 8833 9400 10100 10356 11097 11297 12103 12660 13154 13379 14057 14732 15069 
397 867 1265 1774 2141 2749 3189 4084 4095 4933 5123 6042 6385 6836 7387 8036 8706 9009 9453 10155 10474 10771 11687 11887 12695 12962 13666 13978 14535 14866 
396 836 1256 1704 2051 2713 3237 3709 4368 4524 5243 6009 6176 6919 7211 7995 8338 8802 9415 10166 10727 11136 11530 11888 12634 12893 13400 13835 14515 14858 
63 788 1172 1925 2064 2614 3539 3961 4508 4867 5431 5825 6171 6960 7478 8195 8439 9059 9641 10126 10444 10908 11768 12157 12476 12804 13297 14245 14604 15232 
406 723 1337 1561 2325 2884 3046 3571 4115 4975 5084 5558 6106 6639 7441 7930 8441 9021 9587 10004 10475 11176 11543 12154 12394 13152 13293 13885 14803 14881 
268 675 1407 1550 2268 2956 3426 3916 4099 4569 5429 5981 6222 6887 7233 7684 8670 9178 9549 10159 10657 11272 11344 12106 12564 12798 13302 14019 14565 14829 
161 627 1173 1893 2143 2651 3379 3735 4339 4910 5232 5851 6182 6868 7436 8006 8735 8958 9656 10262 10309 11112 11653 12287 12493 13100 13288 14215 14675 14814 
303 923 1054 1729 2079 2720 3105 3915 4288 4977 5269 6010 6604 6993 7368 7747 8434 9096 9435 9937 10631 10893 11467 11894 12546 13108 13537 14238 14691 15023 
455 727 1101 1666 2186 2526 3162 3867 4389 4789 5475 5645 6395 6766 7290 7867 8479 8800 9747 9869 10560 11106 11462 11964 12542 12854 13755 13902 14421 14929 
382 747 1433 1993 2264 2807 3111 3682 4105 4635 5326 5748 6116 6942 7626 7750 8546 9115 9693 9872 10401 11087 11713 12227 12375 13104 13518 14228 14752 15319 
334 708 1129 1755 2385 2901 3061 3679 4308 4700 5215 5735 6594 6629 7374 7879 8701 9196 9653 10242 10527 11065 11628 11909 12336 13052 13636 14000 14438 14902 
139 474 1409 1470 2114 2667 3028 3885 4109 4671 5296 5770 6425 7081 7272 7964 8587 8776 9327 10016 10310 10922 11686 12158 12336 13134 13491 14117 14591 14894 
446 531 1026 1958 2296 2823 3268 4026 4264 4868 5520 5941 6221 6749 7389 8067 8259 8865 9328 10162 10365 10971 11452 12050 12407 12812 13642 14135 14353 14933 
45 721 1426 1976 2230 2963 3024 3554 4430 4781 5389 6011 6104 6984 7156 7968 8240 8829 9434 10252 10461 11023 11492 12098 12707 13000 13287 13824 14672 14824 
455 573 1419 1929 2390 2802 3472 3881 4275 4614 5368 5817 6522 7046 7210 7773 8563 9233 9614 10003 10371 11154 11440 12129 12741 12910 13593 13983 14505 14900 
259 777 1444 1476 2058 2693 3167 3934 4182 4655 5424 5759 6242 6804 7502 7745 8609 9221 9741 10259 10487 11220 11304 11917 12489 13080 13719 14280 14369 14924 
21 764 1104 1523 2084 2532 3381 3906 4285 4854 5175 5880 6214 6957 7579 7761 8567 8948 9317 10172 10691 11099 11619 12007 12417 13063 13502 14202 14528 15214 
331 691 1233 1579 2156 2613 3227 3966 4377 4828 5483 5682 6395 6796 7462 7902 8613 9141 9274 10156 10476 11179 11549 11916 12468 12787 13329 14208 14415 15268 
29 801 1341 1757 2269 2926 3094 3614 4417 4952 5268 5584 6478 6891 7360 7882 8545 8774 9560 10176 10640 11038 11724 12173 12611 12985 13774 13920 14749 14947 
189 468 1230 1934 2042 2747 3032 3955 4266 4728 5537 5575 6358 7116 7548 7737 8270 8959 9589 9983 10714 11202 11723 11937 12619 13145 13528 13998 14740 14977 
271 820 1321 1672 2240 2906 3211 3649 4357 4777 5376 5953 6180 6810 7571 7876 8624 8900 9610 9764 10517 10841 11365 12145 12632 12755 13650 14184 14398 14960 
99 705 1240 1945 2088 2543 3068 3698 4355 4774 5434 5891 6295 6753 7375 7844 8715 8884 9559 9916 10525 11133 11566 11949 12497 13044 13360 13890 14530 15218 
23 508 1242 1467 2130 2605 3192 4019 4486 5014 5481 5626 6534 6793 7542 8162 8487 9143 9525 10054 10483 10808 11784 12107 12412 12895 13649 13991 14390 15244 
151 842 1149 1891 2373 2727 3391 3685 4270 4600 5277 5966 6486 7124 7215 7693 8377 8985 9333 10255 10374 11184 11425 12199 12436 12902 13323 14028 14420 15057 
348 822 1291 1964 2041 2741 3037 3820 4399 4690 5548 5659 6409 6792 7514 8198 8229 8986 9296 9833 10659 10885 11329 11958 12658 13091 13705 13904 14598 14882 
373 603 1356 1528 2467 2896 3083 3827 4375 4627 5416 5848 6541 6923 7597 8069 8652 8769 9361 10277 10603 11124 11351 12152 12616 12891 13795 14077 14736 15095 
56 750 1154 1647 2229 2558 3474 3953 4456 4897 5456 5725 6484 6935 7331 7764 8427 8976 9390 10211 10414 11151 11640 12261 12399 13244 13563 14172 14320 15255 
192 835 1351 1781 2194 2969 3387 3865 4371 4936 5351 5820 6288 6686 7253 7941 8244 8869 9667 10113 10758 11013 11709 11978 12613 13057 13377 13865 14386 15245 
17 575 1266 1795 2356 2788 3505 3845 4434 4976 5038 5944 6588 6682 7158 7921 8717 9037 9682 10024 10713 10935 11600 11823 12510 12760 13309 14059 14798 15089 
202 812 1046 1533 2047 2611 3283 3667 4496 5002 5204 5843 6341 6759 7442 7711 8656 9179 9738 10078 10399 10851 11633 12216 12425 13267 13318 14272 14799 15167 
9 755 1422 1965 2406 2528 3161 3914 4290 4639 5097 5797 6266 7119 7508 8101 8582 9127 9266 10032 10498 11097 11380 12146 12593 13076 13510 13946 14761 14965 
401 494 1083 1883 2127 2518 3224 3573 4329 4693 5122 5905 6339 6902 7562 8191 8480 9205 9602 9926 10427 10926 11699 12069 12517 13000 13651 14136 14620 14861 
248 697 1208 1960 2299 2753 3528 3878 4444 4563 5471 5763 6390 6745 7192 7927 8345 9247 9310 9934 10559 11216 11382 11913 12362 13069 13339 14063 14738 15050 
410 735 1314 1855 2445 2820 3261 3743 4419 4707 5130 5629 6528 6999 7644 7830 8732 9114 9472 10241 10576 10921 11788 12074 12402 13183 13765 14082 14546 15145 
318 620 1215 1720 2179 2813 3208 3931 4139 4615 5494 5600 6277 6712 7623 8019 8693 8915 9729 10088 10403 11227 11339 12251 12496 13162 13803 14133 14351 15081 
144 699 1112 1472 2215 2513 3480 3642 4345 4717 5035 5968 6370 6826 7434 8142 8375 9072 9734 9867 10662 11218 11529 12168 12372 13246 13388 13837 14416 15078 
59 626 1405 1589 2440 2887 3044 3833 4233 4970 5026 5572 6276 7044 7140 7956 8581 8992 9603 10249 10655 11124 11526 12060 12573 12838 13792 13884 14570 14834 
50 826 1111 1784 2173 2754 3194 3806 4155 4995 5482 5900 6099 7047 7220 8137 8601 8809 9543 10290 10398 11166 11515 11979 12676 12759 13785 14144 14461 14853 
446 861 1141 1789 2024 2739 3047 3762 4227 4890 5360 5719 6562 6786 7162 7869 8404 8925 9483 10093 10515 10901 11671 12200 12701 12868 13501 13938 14592 15171 
210 902 1309 1484 2222 3000 3362 3902 4180 4550 5505 5637 6443 6877 7669 7743 8675 9016 9467 10150 10699 10832 11523 11857 12576 12805 13631 13920 14322 15325 
352 626 1102 1754 2229 2737 3165 3665 4277 4928 5205 5933 6549 6969 7584 8122 8682 8938 9342 9901 10727 11140 11613 11932 12359 12869 13706 13960 14396 15147 
15 786 1048 1555 2401 2965 3493 3838 4433 4563 5510 5666 6331 6936 7141 7813 8423 8860 9680 10047 10520 10801 11751 12133 12693 12971 13628 14025 14785 15250 
454 859 1132 1627 2332 2847 3110 3689 4124 4582 5249 5602 6579 7067 7589 7787 8238 9148 9517 9794 10371 11045 11648 12175 12462 12884 13376 14296 14476 14984 
73 557 1395 1547 2029 2490 3107 3979 4476 4982 5534 5827 6467 6816 7492 7834 8408 8895 9282 9770 10615 10897 11504 12219 12363 13059 13498 14034 14674 15248 
420 837 1205 1633 2055 2597 3236 3823 4087 4944 5308 5703 6459 6727 7378 7837 8739 9093 9628 9910 10404 10991 11696 11896 12484 12753 13621 13858 14588 15024 
12 662 977 1846 2356 2984 3221 3882 4305 4896 5352 5684 6578 6616 7678 7778 8419 8813 9581 9865 10650 11089 11421 12059 12354 12855 13426 14011 14773 15184 
158 893 1095 1856 2033 2715 3465 3747 4253 4894 5414 6037 6354 6827 7206 7701 8280 8890 9265 9876 10436 11054 11787 12284 12410 12952 13358 14014 14460 15190 
107 930 986 1648 2350 2719 3092 4006 4487 4727 5186 5806 6292 6782 7394 8041 8707 9170 9298 9971 10666 11022 11707 12072 12583 13131 13505 14069 14530 15269 
180 812 1073 1978 2448 2855 3378 3830 4320 4959 5306 5887 6285 7112 7346 8077 8495 9261 9458 9808 10374 11189 11497 11878 12696 13038 13420 14056 14802 15008 
249 525 1254 1692 2354 2726 3394 3954 4271 4523 5073 5687 6240 6886 7174 7932 8498 8801 9488 9960 10493 10817 11496 12153 12546 12894 13465 13875 14563 15310 
51 694 1210 1777 2045 2894 3012 3795 4295 4709 5242 5773 6420 7084 7363 8207 8304 8777 9743 10170 10424 10807 11656 12309 12588 13096 13484 14211 14613 15036 
423 517 1171 1541 2043 2620 3374 4051 4331 4860 5405 5636 6291 6799 7229 8155 8743 9043 9290 9775 10499 10792 11683 11855 12390 12860 13483 13913 14356 14914 
440 640 939 1961 2181 2779 3024 3554 4138 4525 5021 5990 6427 6953 7192 7851 8240 8829 9623 10305 10612 10920 11571 12210 12656 13255 13287 13824 14462 14835 
418 683 1420 1466 2253 2619 3290 4032 4240 4991 5019 5611 6304 6736 7575 7694 8513 8791 9676 10036 10599 11033 11561 11836 12377 13011 13761 13921 14729 14839 
249 476 965 1623 2029 2805 3249 3612 4223 4714 5033 5620 6518 6726 7184 8220 8641 9167 9360 10274 10422 10795 11708 12144 12590 12872 13778 14017 14432 14840 
117 883 1050 1679 2291 2847 3523 3763 4327 4922 5140 5958 6309 7000 7157 7990 8262 9014 9396 10178 10443 10863 11402 12110 12373 13225 13676 14217 14473 15303 
174 504 988 1566 2251 2531 3202 3749 4245 4673 5264 5609 6497 7091 7247 7696 8684 9036 9441 9863 10459 11172 11435 12022 12519 12766 13424 13868 14717 15315 
91 848 1455 1742 2405 2988 3070 3593 4146 4566 5085 5970 6450 7121 7151 8023 8574 8841 9672 9844 10641 10775 11642 12245 12461 13127 13657 14230 14775 14937 
330 463 1005 1513 2028 2819 3538 3967 4322 4634 5216 5627 6263 6688 7454 7766 8726 8998 9597 10055 10431 11234 11528 12102 12358 12783 13567 13969 14384 15200 
51 740 1156 1807 2245 2536 3449 3550 4436 5010 5177 5619 6580 6665 7299 7806 8566 8997 9373 10227 10593 11184 11766 11899 12653 13137 13725 13947 14456 14893 
142 748 1192 1473 2367 2765 3287 4041 4160 4740 5196 5708 6490 7078 7604 7923 8594 8764 9481 10152 10600 10946 11452 11942 12375 13089 13471 13925 14506 15286 
124 849 1207 1634 2000 2561 3153 3771 4471 4782 5455 5954 6328 6645 7171 8168 8552 9187 9479 9941 10378 11267 11398 11979 12501 12859 13616 14286 14609 15323 
207 840 1264 1908 2138 2505 3081 3568 4176 4736 5384 5974 6367 6643 7372 7948 8225 9158 9419 10002 10415 10985 11593 12064 12722 12970 13788 13866 14482 14959 
239 623 1417 1878 2193 2894 3148 3826 4209 4935 5506 5913 6508 7004 7447 7934 8287 9002 9548 9944 10489 10975 11411 12207 12724 13047 13300 13929 14557 15117 
439 520 1196 1505 2197 2783 3398 3904 4469 4763 5275 6034 6088 6869 7282 8203 8694 9156 9555 10293 10486 10874 11356 12272 12725 13025 13775 14240 14459 14967 
292 672 1219 1629 2112 2758 3487 3556 4131 4725 5530 5919 6141 6711 7321 7860 8311 9133 9684 9956 10503 10907 11662 12257 12623 12807 13776 13846 14452 15166 
327 520 1036 1558 2009 2931 3280 3616 4189 4576 5419 5903 6346 6983 7634 8161 8742 9212 9565 9931 10577 11017 11417 11807 12698 12793 13383 14070 14639 15202 
309 852 1279 1916 2023 2829 3222 4040 4428 4791 5460 5829 6243 6612 7530 7991 8334 9249 9425 10248 10697 11030 11747 12165 12419 13246 13390 14164 14599 15059 
299 841 1371 1968 2341 2916 3341 4060 4108 5013 5203 5790 6225 6874 7676 8042 8412 9140 9689 9842 10750 11119 11501 11923 12582 12950 13807 14033 14683 15258 
199 559 1119 1972 2438 2659 3301 3710 4462 4675 5222 5822 6503 6661 7161 7940 8589 8841 9294 10250 10308 10843 11432 12141 12612 12867 13574 14291 14517 15196 
134 569 1166 1915 2228 2733 3498 3849 4340 4893 5124 5915 6311 7061 7144 7772 8482 8922 9328 10183 10640 10940 11366 11869 12693 13157 13696 13887 14655 14957 
126 565 1082 1871 2302 2793 3041 3712 4409 4770 5118 6014 6500 6742 7513 8213 8323 8946 9370 10077 10496 10999 11399 12328 12507 13114 13519 13976 14630 15290 
182 641 1310 1927 2177 2667 3217 3545 4150 4796 5183 5650 6474 7102 7616 8117 8232 9157 9314 9840 10373 11092 11376 11872 12728 12878 13550 13892 14624 14996 
184 885 1070 1866 2453 2830 3522 3780 4438 4621 5132 5673 6525 7131 7536 8054 8254 8921 9372 9792 10347 11045 11533 11808 12742 13118 13350 14085 14411 15149 
234 917 1137 1802 2234 2915 3015 3681 4514 4739 5050 5652 6472 7128 7423 8083 8422 9259 9353 10134 10323 11235 11484 12055 12341 13103 13685 14137 14503 14821 
188 720 1018 1939 2399 2925 3537 3859 4088 5000 5437 5585 6349 7021 7395 7815 8667 8988 9674 10154 10696 11055 11394 11876 12538 13235 13629 14146 14358 14951 
196 492 1332 1718 2462 2773 3149 3586 4417 4599 5133 5900 6094 7001 7424 8002 8538 9009 9405 9936 10368 11128 11342 11793 12361 13265 13662 14186 14801 14903 
52 473 1204 1504 2335 2891 3008 3619 4279 4546 5047 5935 6452 7000 7651 7801 8426 8883 9518 9891 10730 10904 11535 12121 12433 12978 13533 14201 14703 15029 
127 686 1235 1578 2103 2503 3365 4035 4118 4955 5096 5752 6097 6884 7251 7702 8376 9118 9392 10120 10647 10905 11318 12091 12337 12914 13419 14177 14653 15005 
224 671 1354 1950 2153 2573 3397 3607 4213 4969 5544 5726 6301 6818 7277 7822 8556 9234 9556 10110 10349 10917 11379 12070 12389 13182 13495 14246 14731 14978 
78 862 1075 1894 2216 2680 3516 3673 4094 4748 5344 5665 6137 6777 7594 7765 8725 9001 9520 10235 10625 10911 11276 11816 12515 12836 13594 13894 14305 14884 
52 511 1067 1569 2167 2724 3091 3851 4238 4696 5065 5902 6193 6967 7210 8081 8443 8913 9620 10291 10727 10900 11541 12039 12418 13094 13684 14065 14472 14820 
187 637 1439 1942 2272 2550 3388 4020 4297 4606 5359 5821 6400 6713 7347 7762 8341 9031 9518 9809 10396 11148 11354 12134 12358 12835 13610 13994 14529 15164 
270 823 1300 1514 1997 2905 3174 3903 4194 4611 5542 5929 6316 6698 7207 8021 8655 9074 9294 10103 10703 11110 11412 11960 12679 12770 13719 14051 14417 14928 
73 496 1187 1895 2157 2648 3155 3589 4419 5016 5381 5729 6380 6717 7453 7776 8358 9129 9739 10139 10587 10936 11560 12160 12371 13265 13431 13919 14486 15201 
168 648 1159 1809 2057 2750 3011 3971 4363 4701 5230 5967 6590 6651 7155 8072 8465 9065 9464 10094 10412 10980 11521 12294 12418 12923 13640 13927 14346 15330 
297 742 1106 1520 2022 2607 3024 3554 4373 4873 5538 5852 6478 7080 7431 7692 8240 8829 9299 10067 10691 11111 11431 12029 12519 13243 13287 13824 14666 15337 
354 594 1152 1884 2144 2565 3024 3554 4161 4558 5446 5601 6527 6734 7198 7811 8240 8829 9554 9994 10702 10936 11576 12120 12386 12795 13287 13824 14792 15299 
316 681 1292 1542 2115 2990 3446 3875 4442 4996 5254 6030 6298 7068 7384 7718 8738 8896 9430 9923 10733 10790 11601 12231 12662 13147 13525 14089 14788 14871 
138 646 1354 1810 2346 2649 3131 3715 4202 4656 5262 5923 6204 6743 7250 8170 8368 9061 9355 10000 10741 10787 11653 11962 12585 13180 13454 13945 14315 15332 
214 720 987 1617 2307 2481 3370 3760 4246 4802 5247 5931 6392 6852 7643 7886 8571 9217 9596 9918 10519 11275 11556 12014 12659 13090 13492 13923 14710 15100 
243 676 1203 1669 2363 2624 3113 3942 4171 4779 5135 5581 6322 6794 7416 8007 8353 9256 9583 10201 10754 11210 11748 12125 12386 13067 13691 13828 14781 15051 
219 540 991 1880 2030 2663 3508 3663 4390 4568 5348 5739 6470 6850 7437 8029 8456 9031 9687 10042 10742 11155 11567 12267 12700 13142 13727 14041 14457 15228 
438 749 1209 1744 2270 2869 3318 3726 4352 4640 5426 5883 6469 7109 7351 7866 8632 9053 9424 10144 10676 11156 11486 11910 12736 12801 13373 14107 14345 14925 
355 912 1396 1604 2104 2510 3073 3813 4147 4947 5301 5573 6577 7013 7273 7917 8391 9254 9274 10269 10501 11152 11698 12066 12584 12929 13608 13844 14401 15203 
248 507 1328 1603 2348 2504 3085 3549 4148 4710 5055 5873 6136 6977 7583 8174 8428 9028 9530 10095 10495 11130 11623 12054 12740 13001 13438 13866 14536 15119 
414 928 1296 1691 2351 2982 3136 3582 4159 4729 5453 6027 6146 6865 7419 7770 8365 8817 9448 9920 10651 10842 11674 11797 12662 12809 13367 13833 14766 15158 
72 739 954 1776 2432 2889 3368 4077 4398 4943 5441 5701 6162 6609 7543 7910 8570 9253 9591 9847 10345 11101 11338 11854 12645 13193 13609 13910 14673 15138 
344 568 1135 1712 2120 2907 3503 3641 4490 4607 5041 5908 6345 6673 7620 8183 8677 8844 9587 10056 10406 11236 11720 12234 12656 12862 13782 14240 14618 14854 
180 738 1231 1701 2315 2770 3346 4070 4282 4866 5288 5571 6417 6904 7306 8114 8710 9192 9399 10209 10525 10882 11322 12172 12440 13140 13682 14052 14333 14941 
42 590 1361 1733 2056 2706 3090 3702 4507 4570 5346 5854 6077 6757 7411 7725 8403 9088 9323 9993 10694 11270 11579 11897 12730 12853 13314 13927 14361 14883 
111 811 1442 1682 2349 2902 3277 3974 4444 4864 5495 6001 6307 6992 7557 7763 8756 8882 9336 9980 10372 11019 11575 11878 12381 13003 13448 14131 14577 15188 
350 773 950 1969 2204 2799 3459 3926 4467 4997 5280 5959 6411 6981 7535 8209 8297 9075 9535 9948 10319 10872 11549 11931 12340 13116 13576 14083 14477 15191 
107 484 989 1858 2236 2927 3396 3993 4256 4911 5303 5894 6608 7037 7624 8014 8374 8964 9670 10008 10432 11197 11293 11891 12415 12810 13569 14187 14492 14898 
223 457 1432 1962 2256 2704 3024 3554 4506 4651 5528 5868 6108 6928 7264 7880 8240 8829 9673 10278 10418 10976 11308 12115 12706 13171 13287 13824 14343 15172 
188 890 1338 1909 2131 2992 3214 3822 4179 4555 5114 5971 6333 7088 7304 7945 8234 8968 9675 10091 10673 11134 11729 11972 12712 12778 13394 14035 14485 15046 
201 649 1174 1994 2111 2879 3209 3870 4272 4841 5477 5688 6272 7053 7412 8134 8327 9038 9576 9927 10386 10791 11473 12306 12375 12889 13396 13893 14400 15108 
98 622 1033 1607 1999 2973 3430 3939 4185 4754 5113 5712 6103 6629 7514 8001 8344 8806 9512 9967 10361 10899 11594 12035 12382 12831 13439 13823 14662 14828 
123 716 1303 1783 2311 2555 3034 3831 4477 4615 5476 5892 6335 6636 7320 8199 8502 8956 9507 10121 10480 11163 11786 12108 12521 13146 13589 14081 14524 15058 
220 541 1371 1745 2122 2892 3248 3642 4193 5011 5220 5693 6203 6872 7539 8088 8633 9120 9606 9763 10326 11167 11697 12002 12556 13145 13385 13922 14463 15173 
102 932 1282 1726 2242 2626 3402 3598 4229 4809 5116 5796 6098 6675 7138 8210 8668 8880 9426 9997 10353 10766 11563 12062 12439 12873 13425 13937 14375 14822 
143 767 1410 1469 2280 2730 3270 3908 4426 4929 5272 6021 6442 6722 7217 8166 8449 9099 9511 9941 10652 10895 11706 12053 12495 12847 13701 14260 14634 15252 
305 700 984 1804 2444 2886 3170 3801 4101 5007 5532 5972 6218 6849 7464 8159 8499 8842 9722 9874 10450 11271 11581 12020 12464 13021 13513 14179 14431 15129 
231 910 1376 1564 2199 2981 3163 3810 4165 4593 5241 5751 6083 6785 7187 7704 8528 8808 9697 9986 10751 10908 11722 12111 12360 13046 13413 14257 14324 15056 
198 825 1155 1970 2270 2560 3023 3804 4449 4790 5036 5769 6415 7020 7656 8131 8504 8999 9380 10169 10636 11006 11449 12266 12342 12945 13506 14126 14484 15284 
47 566 1086 1506 2121 2608 3197 3625 4493 4808 5206 5704 6174 6933 7318 7896 8595 8834 9346 10168 10630 10951 11483 12222 12430 12754 13433 14150 14531 14982 
36 753 964 1663 2151 2986 3298 3633 4377 4608 5086 6073 6355 7122 7592 7928 8288 8996 9344 9886 10360 11199 11680 11809 12463 12767 13578 14218 14739 15321 
280 806 1429 1610 2282 2975 3014 3946 4199 4750 5066 6071 6583 6783 7402 7933 8468 9103 9510 10014 10738 11093 11703 11971 12736 13167 13575 13973 14614 15220 
259 828 1262 1680 2177 2508 3243 3944 4475 4909 5162 5637 6159 6805 7509 7972 8432 9131 9746 9915 10331 10973 11384 12286 12585 13056 13515 14182 14744 14968 
155 765 1353 1700 2300 2580 3294 4081 4513 4988 5333 5969 6530 6972 7142 8185 8227 8848 9500 10073 10632 11263 11395 12147 12636 13063 13762 13863 14762 15261 
331 580 1441 1824 2061 2795 3347 3690 4129 4676 5507 5824 6101 6771 7603 8212 8714 9050 9362 10297 10313 11135 11309 12290 12628 13144 13643 14303 14581 15015 
408 886 992 1636 2465 2498 3478 3664 4500 4813 5163 6069 6246 6915 7655 8204 8621 8947 9706 9888 10324 11215 11669 12015 12444 13213 13375 13955 14610 14908 
119 643 1022 1971 2383 2835 3282 3757 4230 4692 5472 5660 6153 7133 7413 8084 8475 9062 9382 10080 10504 10927 11493 11973 12511 13148 13423 14191 14594 14812 
40 905 1380 1896 2284 2694 3275 3560 4096 4591 5139 5866 6444 6913 7526 8066 8457 9041 9594 9947 10638 10855 11527 11880 12469 12776 13757 14121 14392 15148 
208 613 973 1862 2269 2711 3451 3662 4372 4811 5321 6062 6552 7009 7199 7850 8243 9000 9364 10258 10518 10937 11326 12224 12577 12977 13634 13928 14441 15122 
77 729 1078 1581 2057 2669 3358 3600 4435 4524 5256 5957 6353 6679 7515 7963 8230 8943 9380 9900 10529 10843 11433 12083 12600 12871 13535 14052 14495 15064 
416 538 1243 1761 2452 2895 3401 4005 4314 4663 5382 5920 6439 6664 7439 7740 8409 9008 9754 10106 10509 11041 11676 11864 12489 12857 13686 14083 14555 15086 
49 510 1100 1796 2266 2710 3479 3564 4140 4825 5193 5657 6520 6839 7540 8040 8718 9142 9278 10240 10320 10865 11542 11873 12687 13045 13408 14256 14317 15313 
44 800 1040 1747 2067 2930 3314 3862 4420 4731 5098 5678 6603 6644 7531 7687 8699 8772 9432 9954 10716 11185 11745 12226 12682 12907 13758 13956 14804 15026 
129 553 1277 1519 2339 2881 3118 3731 4418 4730 5440 5855 6534 6983 7148 8119 8350 8935 9410 10272 10563 10929 11367 12303 12448 12917 13637 14170 14629 15294 
317 839 1366 1498 2007 2895 3489 4064 4289 4882 5436 5992 6505 6856 7452 8211 8526 9028 9399 9837 10364 11060 11514 12333 12732 13170 13434 13850 14519 15102 
236 873 1059 1657 2110 2723 3317 3841 4235 4971 5165 5975 6154 7036 7326 7706 8494 8792 9615 9973 10708 10867 11336 12238 12677 12784 13512 14270 14352 15288 
448 789 1286 1532 2416 2639 3219 3572 4104 4932 5072 5830 6232 6985 7261 8178 8638 9230 9663 10296 10378 10941 11735 12010 12374 12771 13342 14148 14612 14816 
393 783 1255 1540 2448 2987 3510 3732 4325 4674 5375 5982 6342 7105 7146 7838 8549 9244 9633 10102 10359 11064 11733 11845 12515 13133 13304 14200 14727 15130 
428 696 1218 1772 2327 2978 3297 3788 4429 4983 5432 5902 6238 6774 7487 7911 8501 8787 9709 9905 10604 10956 11620 11902 12681 13220 13359 14188 14316 14844 
10 766 1188 1849 2263 2729 3316 4005 4474 4674 5260 6035 6324 6990 7566 8078 8678 9241 9695 10026 10552 11260 11727 11822 12495 13267 13517 14244 14494 15168 
406 611 1007 1546 2183 2523 3471 3658 4248 4613 5032 5633 6255 7060 7666 8025 8425 9100 9407 9835 10591 11196 11295 12000 12694 12789 13789 13899 14307 15018 
222 719 1160 1778 2417 2507 3439 3962 4263 4814 5079 5691 6356 6948 7681 7757 8438 8972 9600 10090 10536 10910 11478 11984 12722 13129 13276 13990 14725 15186 
19 546 1278 1489 2449 2657 3483 3758 4489 4805 5212 5580 6566 6654 7572 8124 8751 9222 9723 10195 10690 11114 11547 11957 12623 13194 13453 14032 14787 15267 
209 692 1124 1510 2073 2521 3088 3601 4319 4893 5121 5952 6177 6781 7497 8127 8306 9154 9288 9796 10442 11239 11422 12322 12456 13269 13760 14014 14544 15025 
258 896 1044 1920 2069 2899 3499 3776 4280 5005 5131 5936 6445 6631 7472 8082 8658 9104 9534 9870 10455 11051 11410 11998 12351 13012 13370 14053 14528 15305 
244 845 1179 1844 2178 2581 3210 4050 4335 4906 5470 5934 6475 6975 7445 7788 8509 8773 9703 9861 10658 10894 11762 11959 12572 12987 13559 13831 14754 15110 
153 489 1339 1833 2270 2942 3385 3964 4376 4654 5298 5641 6479 6806 7332 7998 8590 9139 9445 9843 10548 10947 11668 12291 12633 13020 13462 14247 14460 15032 
103 480 1251 1615 2238 2641 3128 3645 4242 4832 5184 5927 6245 6614 7361 7723 8359 8863 9627 9892 10440 11069 11360 12307 12548 12749 13488 13964 14404 15091 
424 881 1076 1903 2220 2625 3115 3675 4461 4963 5305 5733 6248 6709 7422 8150 8508 9237 9508 9990 10496 11188 11458 12046 12536 12994 13444 13867 14453 14911 
116 600 1023 1577 2288 2692 3199 3998 4413 4528 5081 5984 6353 6622 7208 8215 8385 8893 9334 10170 10460 11149 11577 12004 12354 13175 13723 14115 14381 14955 
381 884 1013 1788 2393 2785 3435 3912 4088 4716 5535 5745 6428 6707 7170 7916 8673 9098 9681 9964 10686 10963 11327 12126 12404 13264 13764 13989 14797 15127 
68 704 962 1979 2387 2492 3086 3697 4281 4812 5149 6005 6485 6653 7379 8089 8580 8909 9309 9949 10377 11259 11436 12259 12436 12975 13731 14161 14420 15010 
197 542 947 1860 2340 2806 3434 3969 4134 4865 5493 6043 6175 6610 7657 7929 8736 9030 9291 9894 10381 11082 11508 11882 12607 12887 13430 14290 14465 15125 
445 485 1053 1588 2333 2998 3007 3687 4170 4622 5159 5649 6361 6857 7641 8104 8565 8928 9312 10229 10631 11014 11285 11894 12361 12938 13561 14158 14553 14856 
350 601 1162 1702 2353 2623 3248 3639 4393 4913 5207 5978 6550 6823 7221 7891 8413 8768 9679 9885 10320 11203 11536 12202 12502 13221 13737 14045 14340 15063 
79 673 1339 1739 2163 2993 3324 3734 4421 4744 5504 5900 6216 7110 7256 7926 8324 9177 9377 9878 10435 11205 11756 11828 12391 13113 13700 13873 14455 15251 
449 808 1055 1530 2396 2556 3281 3635 4508 4695 5430 5875 6127 7017 7659 7971 8354 9083 9408 10057 10514 10810 11510 12182 12691 13256 13281 13827 14393 15277 
37 616 1350 1715 2277 2533 3231 3884 4120 4904 5462 5632 6462 7074 7486 7950 8713 9025 9577 10140 10637 11241 11694 12174 12452 13088 13780 13966 14597 14913 
338 524 1006 1674 2105 2602 3038 3588 4217 4993 5492 5732 6569 6784 7183 7719 8430 8888 9349 9815 10695 10781 11617 12049 12627 12897 13729 13920 14783 15316 
125 567 1258 1480 2207 2588 3443 3778 4333 4610 5276 6003 6151 7120 7417 7938 8664 8908 9495 10124 10469 11238 11350 11959 12735 13128 13797 14027 14425 14949 
314 858 1367 1865 2161 2647 3305 3958 4102 4703 5468 5965 6547 6987 7479 7874 8352 8911 9755 10306 10602 10845 11570 12260 12414 12825 13571 14116 14678 15009 
20 625 1453 1831 2358 2862 3065 3585 4272 4804 5092 5899 6111 6813 7642 8093 8307 8984 9671 10260 10563 10823 11319 12007 12532 13035 13655 14198 14418 15243 
324 548 1177 1822 2295 2656 3191 3950 4355 4687 5292 5680 6201 7040 7165 7985 8373 8904 9552 10281 10512 10925 11596 12300 12529 12834 13274 14243 14700 15223 
241 872 1052 1679 2459 2834 3233 3562 4200 4735 5553 5947 6196 6776 7385 7710 8275 9128 9308 10015 10533 11130 11330 12289 12477 13204 13482 14113 14498 15007 
296 710 1227 1463 2279 2506 3405 3901 4216 4653 5466 5589 6100 7000 7279 7935 8517 9067 9659 9902 10622 10881 11472 11975 12494 12912 13809 14077 14756 14851 
377 506 1385 1695 2400 2908 3336 3618 4318 5015 5194 5859 6306 7070 7182 7804 8387 8907 9440 9976 10565 11100 11635 11987 12355 13238 13570 14183 14429 15294 
313 809 1087 1989 2056 2684 3058 3561 4432 4949 5171 6031 6543 7098 7664 8196 8752 8818 9657 10268 10580 10898 11776 11943 12422 13237 13291 13871 14576 15300 
333 614 1027 1459 2426 2866 3484 4072 4477 4806 5152 5907 6114 6704 7640 8017 8519 8803 9501 10092 10409 11267 11661 12013 12621 12880 13415 14289 14668 15178 
14 628 1137 1954 2329 2938 3351 4068 4273 4915 5418 5689 6383 6924 7556 8113 8454 9262 9330 10294 10567 11048 11610 12254 12423 12979 13577 13817 14433 15316 
340 617 1346 1749 2055 2590 3100 3927 4302 4877 5090 5898 6284 6780 7633 8185 8707 8807 9283 10082 10478 11255 11378 11997 12586 12924 13766 14168 14330 15307 
88 911 1068 1955 2132 2827 3235 4067 4336 4973 5414 5795 6466 6859 7425 7905 8246 8804 9534 10184 10710 11057 11280 12192 12488 13082 13325 13880 14758 15132 
203 610 949 1676 2031 2635 3188 4075 4133 4890 5174 5634 6574 6897 7554 8103 8593 8814 9757 10300 10480 10813 11451 12258 12531 12858 13638 14011 14728 14954 
238 528 1333 1953 2180 2814 3518 3843 4213 4920 5199 5666 6303 6879 7555 7872 8258 8800 9352 10245 10752 10943 11423 12097 12437 13121 13316 13914 14403 14880 
61 828 1401 1917 2257 2761 3125 3876 4350 4681 5356 6008 6471 6772 7150 7730 8435 9122 9549 10062 10739 10992 11780 12082 12450 13002 13393 13932 14534 15312 
365 860 1138 1848 2217 2794 3507 3765 4451 4626 5299 5615 6558 6769 7520 8096 8237 9121 9717 9767 10478 10997 11773 11995 12404 13079 13366 14185 14760 15257 
229 481 1399 1592 2328 2825 3064 3989 4291 4602 5353 6067 6135 7113 7522 7852 8379 9002 9526 10198 10468 10959 11405 12297 12563 13217 13596 14149 14548 15047 
435 479 1051 1582 2087 2665 3255 3818 4303 4891 5240 5856 6565 6880 7524 8157 8756 8845 9491 10133 10316 11063 11578 11849 12516 13161 13336 13987 14535 15144 
16 922 1344 1987 2175 2495 3299 4014 4361 4818 5034 5841 6429 7008 7308 8024 8520 9214 9422 9925 10478 11253 11482 12150 12471 13063 13404 13823 14540 15273 
367 642 1079 1458 2326 2946 3141 3750 4145 4519 5137 5755 6113 6790 7224 7937 8577 8838 9724 10079 10746 11008 11752 12318 12458 13083 13274 14160 14726 15204 
364 906 978 1537 2439 2757 3266 4039 4121 4810 5018 5886 6398 6809 7500 7751 8378 9206 9275 9812 10706 10998 11711 12271 12692 13138 13447 14003 14509 15231 
281 491 1451 1584 2255 2534 3256 3832 4241 4782 5385 6075 6531 6710 7242 8045 8455 9064 9521 9930 10684 10909 11306 11986 12490 12919 13432 14209 14486 14810 
387 516 1295 1876 2446 2768 3075 3982 4225 4613 5255 6032 6300 6669 7327 7782 8319 9013 9533 9893 10724 11025 11647 11919 12679 13176 13710 14301 14629 15035 
287 904 959 1842 2254 2671 3026 3567 4375 5009 5293 5658 6189 7050 7494 8224 8364 9019 9321 10134 10350 11077 11627 12032 12421 13126 13487 14099 14677 14837 
388 541 1271 1930 2150 2778 3414 3620 4383 4658 5325 5766 6423 6633 7291 8116 8300 9223 9467 9991 10457 11036 11555 11798 12395 12866 13540 13889 14407 15241 
247 744 1437 1679 2394 2686 3477 3901 4406 4972 5433 5901 6481 6624 7530 7814 8642 9227 9497 9969 10634 11027 11518 11840 12475 13026 13347 13874 14568 15335 
172 914 1072 1850 2171 2601 3223 3789 4443 4980 5219 5741 6108 7030 7458 7786 8303 9231 9513 9802 10336 11029 11681 12047 12568 12844 13384 14222 14648 15108 
346 688 1123 1717 2005 2872 3177 3900 4167 4625 5448 5713 6571 6667 7491 8217 8381 9163 9626 10022 10362 11035 11750 11852 12505 12797 13299 14284 14542 15216 
422 678 953 1780 2347 2836 3045 3951 4225 4538 5059 5801 6161 6978 7342 7714 8470 8762 9714 10037 10493 11211 11629 11968 12728 12832 13750 14285 14633 15331 
167 776 1413 1471 2190 2803 3332 3745 4163 4936 5105 5781 6302 6831 7560 8176 8390 9054 9518 10271 10521 10995 11313 11829 12697 13013 13804 14235 14676 14909 
92 814 1019 1735 2145 2745 3354 3856 4177 4732 5261 5863 6250 6784 7320 8018 8484 9152 9424 10117 10488 10978 11574 11895 12412 12790 13286 14127 14322 15128 
400 606 1377 1838 2095 2904 3040 3887 4094 4784 5407 5994 6331 6646 7587 8121 8503 9153 9692 9929 10626 10961 11649 12239 12376 13139 13677 13957 14309 14813 
44 477 1311 1985 2012 2800 3200 3575 4402 4869 5147 5890 6403 7082 7343 7833 8289 9232 9649 9992 10425 11228 11420 12048 12727 12963 13715 14195 14446 15105 
104 871 1319 1946 2297 2877 3156 3666 4294 4968 5037 5942 6181 6775 7630 7715 8260 8877 9345 9858 10573 11228 11371 11994 12482 12957 13481 14251 14795 14818 
81 743 1099 1816 2101 2552 3076 3860 4346 4560 5238 5605 6568 6701 7618 7903 8554 8827 9733 10206 10597 10928 11561 11835 12600 12989 13446 14281 14467 14836 
388 727 1294 1791 2002 2629 3101 4057 4464 4783 5112 5653 6308 6898 7672 7906 8558 9124 9310 9995 10661 10918 11646 11989 12651 12782 13693 14064 14765 14997 
50 748 1114 1481 2464 2755 3404 3888 4091 4660 5044 5998 6366 6721 7576 8188 8463 8860 9505 10115 10359 10954 11312 12220 12620 12820 13541 14037 14545 15134 
178 591 1069 1484 2360 2716 3367 3781 4137 4666 5221 5717 6581 7103 7521 8193 8586 8833 9638 9777 10411 10774 11610 12118 12711 13101 13675 13915 14534 15317 
181 529 1275 1479 2260 2775 3042 3863 4142 4563 5536 5701 6329 6929 7662 8068 8345 9137 9337 10237 10375 10772 11742 12185 12451 13197 13712 13995 14464 15074 
314 924 1280 1724 2130 2674 3393 4065 4213 4945 5051 5964 6224 7022 7310 8060 8597 8773 9523 9788 10407 11059 11503 11871 12535 13136 13324 14141 14449 14921 
285 740 1121 1565 2332 2746 3117 3945 4103 4776 5519 5996 6280 6683 7231 7746 8632 9101 9637 9778 10424 11255 11409 12288 12391 12778 13303 14025 14670 15165 
241 668 1030 1605 2259 2700 3401 3674 4092 4807 5180 5570 6282 6817 7504 7939 8540 9202 9675 10215 10634 11080 11582 11859 12557 12936 13320 14219 14360 14856 
385 925 970 1982 2392 2870 3372 3577 4255 4902 5067 5808 6117 7126 7401 7809 8573 8939 9648 9823 10396 11246 11723 12164 12626 12898 13547 13852 14308 14958 
150 842 996 1500 2428 2921 3082 4008 4480 4998 5157 5807 6402 7083 7225 8048 8483 8871 9678 10053 10717 11002 11299 11879 12635 12851 13467 14221 14684 14891 
241 792 1358 1863 2366 2944 3515 3866 4321 4882 5023 5785 6538 6888 7404 7738 8638 8936 9598 10097 10755 11010 11522 12123 12547 12941 13652 14134 14626 15135 
426 745 1107 1841 2052 2831 3364 3965 4502 4921 5404 5625 6368 6798 7601 8154 8274 8820 9303 10213 10346 11174 11629 12329 12579 12896 13307 13855 14545 14932 
101 549 1028 1622 2431 2974 3330 3688 4405 4606 5068 6049 6348 6716 7267 7770 8660 8864 9304 9773 10496 11012 11705 11981 12637 12788 13716 14167 14405 15279 
140 472 1352 1671 2090 2762 3077 4001 4510 4816 5225 5744 6217 6956 7475 8052 8626 8916 9629 9852 10321 10969 11729 11950 12409 12773 13445 13986 14496 14847 
371 779 1449 1817 2050 2472 3382 3909 4109 4661 5522 5794 6168 7072 7301 8222 8615 9190 9511 10039 10593 11016 11690 12109 12372 12984 13570 14114 14376 14865 
96 534 1322 1879 2058 2477 3166 3678 4195 4803 5267 5742 6122 6940 7262 7992 8702 8983 9580 10043 10431 11116 11757 11856 12605 12799 13653 14277 14493 15306 
39 550 1382 1746 2072 2953 3262 4059 4106 4821 5410 5610 6123 6676 7579 7912 8677 9079 9739 9854 10527 10835 11743 12250 12397 12802 13328 14075 14464 14930 
109 582 985 1938 2219 2910 3246 3953 4099 4720 5421 5651 6317 6687 7461 7762 8572 8942 9664 10175 10396 10873 11606 11886 12734 13227 13607 14224 14463 14990 
123 863 1025 1958 2239 2650 3353 3790 4198 4547 5339 6007 6591 7091 7563 7958 8542 8853 9662 9790 10705 10836 11509 11800 12543 12955 13382 14038 14526 15302 
82 639 1041 1545 2309 2941 3517 3835 4412 4801 5070 5988 6215 6678 7316 7805 8421 9032 9572 10193 10413 10983 11590 12237 12537 12944 13435 14295 14422 15314 
183 521 1170 1465 2152 2500 3263 4076 4385 4911 5178 6018 6150 6728 7409 8123 8662 9145 9687 9877 10369 10825 11519 11885 12455 13132 13704 14249 14387 15135 
348 522 1164 1949 2063 2612 3421 3991 4383 4884 5461 6000 6483 6737 7179 8136 8269 8831 9585 10189 10594 11032 11758 11881 12562 13097 13617 13820 14500 15142 
373 919 1249 1528 2401 2972 3190 4007 4257 4851 5374 5930 6264 6737 7151 7810 8309 8765 9318 9942 10400 11113 11634 12077 12578 12849 13389 14223 14421 15169 
236 670 1364 1801 2229 2609 3334 3918 4204 4849 5198 5564 6270 6720 7295 8125 8437 9257 9549 10096 10760 11090 11300 12008 12487 12997 13720 14189 14772 15049 
35 621 1090 1932 2304 2924 3146 3919 4494 4990 5250 5724 6431 7129 7271 7952 8326 9052 9316 10199 10574 11249 11554 11955 12651 13248 13321 13854 14510 14994 
336 537 1022 1625 2365 2957 3309 3714 4392 4761 5253 5896 6254 6729 7181 8004 8506 8849 9324 9911 10556 10821 11494 11933 12627 13271 13493 14120 14365 15189 
21 868 1248 1527 2324 2828 3259 3874 4354 4719 5355 5678 6375 6708 7529 8139 8680 8852 9420 10131 10484 11058 11712 11901 12590 12879 13665 14076 14344 15296 
253 523 1331 1959 2096 2812 3512 3772 4337 4992 5515 6008 6430 6930 7639 7858 8411 8868 9398 10282 10570 11074 11714 11904 12580 13247 13421 13849 14695 15224 
334 605 1273 1977 2097 3003 3496 3844 4474 4870 5412 5950 6434 6619 7278 8179 8687 8898 9760 9768 10341 10996 11475 12018 12669 12808 13317 14131 14681 15013 
324 751 1031 1868 2312 2576 3344 3894 4387 4946 5266 5711 6570 6997 7654 8033 8518 9149 9310 10071 10448 11191 11353 12038 12744 13107 13371 14100 14353 14860 
342 596 1061 1490 2125 2841 3057 4031 4489 4557 5452 5693 6461 7027 7379 7724 8285 8918 9307 9968 10405 10820 11592 12036 12684 13050 13374 14169 14611 15246 
323 570 1178 1811 2123 2857 3132 3725 4157 4684 5390 5949 6542 7101 7259 8218 8436 8862 9433 9782 10360 10840 11659 11838 12581 13068 13722 14269 14641 15263 
215 501 1002 1580 2336 2554 3203 3719 4286 4677 5239 5753 6572 6945 7178 7731 8266 8897 9287 10222 10578 11131 11537 12089 12673 13041 13456 14021 14355 15278 
335 636 1128 1706 2165 2575 3339 3809 4473 4912 5234 5667 6394 7079 7461 8028 8347 9150 9499 9797 10566 11071 11637 12012 12354 12931 13522 14073 14640 15211 
395 817 1020 1736 2202 2995 3399 3590 4387 4618 5087 5662 6348 6830 7139 8055 8321 9126 9267 10105 10446 10953 11739 12143 12670 13037 13622 13909 14393 14830 
108 518 1270 1631 2020 2479 3175 3872 4265 4888 5120 5879 6281 6973 7637 7993 8305 9085 9759 9799 10725 10906 11707 12093 12718 13166 13436 14080 14466 15101 
380 631 1108 1995 2456 2714 3302 3847 4479 4720 5062 5842 6393 6842 7427 8080 8402 8794 9490 10138 10494 11028 11546 12051 12378 13249 13451 14288 14578 14970 
4 753 1228 1889 2203 2782 3024 3554 4384 4846 5366 5642 6091 6907 7302 7986 8240 8829 9546 9932 10689 11269 11471 11889 12627 12947 13287 13824 14413 15304 
33 655 1276 1664 2312 2945 3494 4066 4191 4612 5551 5646 6156 6889 7176 7749 8265 8874 9286 9811 10371 10794 11321 11935 12525 13095 13368 14109 14479 15185 
455 464 1423 1685 2402 2564 3104 3782 4328 4977 5457 5747 6524 6925 7518 7742 8339 8980 9716 10030 10562 10912 11489 12235 12396 12934 13452 14018 14708 15104 
0 554 1134 1941 2355 2849 3267 4047 4414 4755 5514 5676 6340 6866 7285 8105 8650 9004 9668 10164 10390 10896 11545 11963 12338 13173 13508 14086 14399 15183 
368 670 1238 1492 2152 2485 3029 3770 4366 4752 5317 5767 6359 6764 7421 8173 8524 9225 9320 9962 10394 11198 11415 12027 12356 13135 13504 14093 14328 15309 
38 665 1388 1906 2370 2618 3069 4034 4470 4734 5335 5864 6206 6684 7582 7871 8256 8839 9599 10020 10426 11094 11335 12218 12445 12827 13605 14227 14347 15116 
361 880 1224 1830 2327 2850 3053 3796 4440 4633 5334 6066 6295 6840 7235 8189 8709 8769 9466 10219 10731 11034 11434 12229 12678 13066 13422 14278 14644 14846 
194 821 1327 1572 2052 2677 3467 3729 4373 4978 5473 5948 6179 6900 7200 8135 8257 9029 9608 9961 10749 11251 11466 11974 12714 12751 13667 13961 14316 15156 
246 519 1143 1628 2139 2878 3476 4021 4123 4581 5555 5648 6561 6611 7481 8160 8343 8768 9601 10174 10383 11245 11298 11826 12364 13008 13409 14221 14737 15079 
437 834 1304 1729 2230 2484 3195 3631 4251 4603 5330 5985 6319 6873 7610 8030 8649 9023 9564 10044 10709 11085 11300 12256 12424 13169 13545 14039 14596 15084 
357 869 1065 1626 2293 2996 3099 4037 4099 4913 5043 5961 6343 6648 7236 7845 8446 8782 9387 10060 10432 10883 11362 11833 12475 13074 13648 13901 14427 15034 
255 797 1200 1575 2272 2968 3536 3696 4401 4751 5459 5885 6184 6941 7371 7861 8461 8941 9609 9854 10429 11208 11664 12105 12357 12864 13695 13830 14512 15040 
415 706 1365 1719 2380 2873 3335 3610 4269 4664 5045 5870 6228 7087 7292 7922 8318 8867 9429 9917 10541 10994 11770 12179 12437 12973 13625 14268 14715 15094 
131 851 1043 1501 2435 2524 3273 3798 4119 4758 5517 5561 6211 6681 7550 8158 8560 8901 9329 9952 10526 11040 11345 12208 12671 12921 13702 13974 14489 15071 
284 843 1199 1526 2049 2519 3491 3546 4183 4837 5363 5608 6586 7008 7289 7841 8588 8778 9626 9981 10617 11120 11700 11820 12591 13160 13437 14264 14465 15260 
283 539 1430 1813 2044 2600 3134 3755 4242 4637 5328 5775 6519 6746 7369 8086 8559 8816 9449 10085 10739 11029 11669 12323 12463 13189 13320 13933 14631 14956 
71 692 1416 1696 2174 2687 3278 3754 4495 4871 5309 6044 6476 6719 7455 8051 8553 8965 9330 9860 10590 11222 11500 12209 12339 13084 13767 14210 14745 14806 
94 908 1105 1655 2313 3004 3375 4048 4227 4953 5261 6022 6279 6893 7309 7733 8340 8783 9632 10264 10447 11224 11317 12044 12554 12996 13392 13900 14440 15280 
424 625 1274 1608 2445 2832 3244 3825 4427 4764 5487 5916 6343 7012 7382 8025 8360 8861 9451 9787 10502 10839 11361 12101 12461 12974 13669 13896 14364 15075 
427 728 1393 1621 2085 2654 3321 3553 4333 4740 5144 5599 6241 7115 7244 7920 8530 8770 9494 9966 10420 10814 11340 12285 12385 13053 13678 14112 14397 15126 
111 488 1001 1940 2275 2725 3196 3805 4093 4959 5047 5878 6166 7062 7631 7781 8598 9012 9278 10129 10372 10788 11439 11936 12444 13130 13681 14139 14603 15213 
152 579 1456 1693 2342 2979 3097 3972 4159 4861 5052 5750 6198 6970 7568 7848 8645 8873 9423 10288 10628 11233 11677 12330 12646 13177 13748 13919 14370 14979 
93 804 1030 1571 2356 2567 3096 3853 4505 4551 5284 5692 6424 6755 7444 7979 8596 9242 9371 10246 10428 10838 11391 12124 12577 12763 13747 14271 14380 14878 
282 483 1093 1864 2344 2934 3418 3799 4293 4738 5312 6012 6516 6927 7230 7732 8351 9058 9529 9845 10584 11248 11281 12005 12334 12774 13410 14079 14587 14827 
76 696 1287 1488 2056 2858 3119 4023 4125 4518 5547 5832 6322 6821 7253 8065 8691 8944 9563 10163 10603 11223 11618 12112 12678 13203 13790 14298 14546 15295 
374 782 938 1948 2323 2600 3373 4025 4201 4541 5168 5597 6314 6820 7172 8182 8757 9258 9685 9780 10711 11053 11388 12265 12532 13019 13654 13912 14793 15258 
139 460 1168 1778 2116 2617 3300 3591 4259 4852 5235 5818 6187 6988 7621 8056 8414 9033 9677 9951 10665 11164 11785 12195 12723 13233 13283 14095 14313 15283 
376 654 1392 1923 2243 2486 3397 3786 4219 4561 5488 5940 6141 6748 7612 8146 8444 8953 9592 9791 10488 11249 11595 11867 12655 13072 13552 14015 14741 14807 
171 505 955 1699 2134 2801 3129 4054 4336 4985 5234 5683 6299 6747 7516 8152 8622 8973 9498 10104 10499 11115 11289 11837 12582 12901 13726 14016 14786 15234 
370 754 1369 1556 2286 2749 3186 3773 4175 4821 5387 5749 6210 7025 7632 7953 8255 9203 9625 10228 10643 10960 11775 12073 12416 13010 13416 14267 14763 15020 
180 545 1127 1701 2229 2826 3501 3821 4274 4590 5447 5707 6130 6910 7614 7820 8639 8847 9409 10031 10527 10849 11524 11945 12687 13120 13345 14066 14701 15247 
362 648 1226 1517 2411 2789 3543 3777 4388 4636 5325 5888 6192 7099 7675 8110 8473 8837 9651 9909 10551 10875 11397 11905 12344 13093 13763 14165 14383 14805 
134 670 1263 1650 2032 2962 3122 3968 4249 4943 5503 5557 6102 6845 7414 7821 8529 9071 9707 9875 10757 10803 11408 12191 12441 13259 13707 14255 14537 15227 
272 724 1191 1709 2281 2712 3293 3615 4411 4547 5274 5618 6495 7134 7405 7900 8459 9082 9532 9977 10677 11181 11422 12313 12473 12966 13670 13975 14460 15326 
252 535 1253 1662 2080 2551 3371 3638 4382 4609 5402 6015 6230 6954 7201 7863 8651 9210 9478 9991 10693 11169 11643 12292 12371 12990 13278 14287 14454 15285 
191 505 1418 1721 2398 2730 3206 3555 4306 4702 5027 5723 6129 7011 7218 7907 8722 9218 9654 9857 10558 11229 11315 12263 12726 13015 13735 13847 14679 14809 
28 609 1097 1898 2434 2679 3327 3576 4231 4549 5532 5860 6092 7125 7627 7823 8555 8793 9343 10116 10715 10913 11539 11929 12348 12813 13798 14253 14632 15229 
10 761 1427 1537 2287 2643 3241 3876 4112 4844 5028 5973 6507 6635 7653 8059 8355 8812 9702 10279 10330 10981 11781 11814 12595 12993 13440 13952 14692 15199 
55 550 1146 1722 2162 2961 3363 3744 4296 4917 5304 6020 6410 6617 7489 7873 8711 9219 9715 9830 10743 11166 11607 12040 12594 12818 13496 14237 14318 14976 
432 509 1010 1610 2264 2683 3431 3921 4224 4927 5450 6002 6087 6939 7622 8030 8648 9239 9605 9831 10322 10852 11657 11884 12560 12999 13553 14162 14354 15083 
291 527 1245 1462 2119 2701 3438 4013 4312 4738 5142 5836 6437 7049 7482 8138 8643 9194 9470 10068 10762 11073 11645 12003 12472 12913 13565 13992 14332 15266 
383 487 1220 1639 2459 2622 3420 3637 4096 4584 5314 6061 6138 7069 7296 7884 8579 9045 9704 10273 10370 11264 11292 12128 12381 12968 13749 14262 14574 14981 
215 466 952 1654 2171 2893 3429 3565 4220 4589 5189 6013 6545 7016 7252 8035 8516 9188 9588 9832 10725 10919 11444 11819 12625 12794 13305 13977 14599 15099 
48 744 1257 1926 2233 2985 3500 3700 4234 4598 5499 5925 6269 7030 7547 7812 8681 8766 9276 10151 10589 11049 11331 11851 12675 13196 13319 13901 14458 15291 
332 547 1000 1641 2337 2811 3481 4012 4430 4649 5145 5793 6227 6906 7283 7967 8512 9220 9683 9987 10763 11130 11401 12253 12672 13058 13311 13845 14383 14971 
212 802 1290 1574 2343 2497 3127 3855 4165 4799 5369 6004 6202 6832 7400 7862 8578 9089 9272 9988 10437 11258 11771 11951 12566 12880 13592 14193 14539 15061 
384 682 1368 1645 2159 2913 3226 4016 4408 4765 5302 5654 6510 6878 7364 7791 8429 9010 9474 9975 10428 11109 11721 11853 12555 13060 13417 14098 14551 15124 
325 838 1180 1548 2117 2562 3512 3742 4304 4534 5091 5876 6494 6964 7474 7897 8669 8854 9423 10190 10455 11219 11287 12310 12542 13185 13402 14180 14499 14920 
108 555 1357 1919 2076 2631 3262 3557 4143 4585 5057 5924 6399 6937 7403 7722 8485 8872 9359 10148 10432 11274 11636 11890 12734 13232 13468 14097 14435 14838 
130 456 1202 1803 2250 2907 3018 3595 4247 4529 5408 5993 6283 6637 7652 8164 8625 8994 9713 9810 10376 11186 11701 11992 12565 13030 13728 13816 14600 15261 
322 511 1016 1794 2414 2628 3530 4011 4310 4679 5523 5977 6374 7064 7180 7689 8464 9211 9338 10218 10578 11207 11692 11802 12421 13028 13355 13898 14437 14999 
443 630 1335 1869 2258 2833 3338 3676 4147 4597 5524 5867 6132 6922 7408 7777 8611 8826 9616 9928 10315 11237 11283 12198 12442 12764 13499 13954 14645 14872 
163 888 1334 1495 2418 2914 3158 3634 4106 4760 5315 5685 6382 7085 7243 8111 8640 9087 9315 10136 10511 11212 11608 12215 12691 13072 13740 14274 14759 15226 
306 679 1142 1928 2248 2566 3109 3622 4257 4545 5265 5939 6589 6630 7460 8094 8449 9263 9277 9959 10653 10829 11381 11983 12647 12747 13615 14062 14481 14950 
169 827 971 1737 2009 2678 3071 3994 4508 4895 5526 5963 6080 6725 7466 8184 8534 8823 9309 9789 10582 10948 11337 11824 12392 13251 13645 13850 14394 15327 
43 638 1414 1620 2328 2722 3125 3630 4187 4888 5167 5579 6185 6732 7523 7881 8397 9194 9356 10141 10462 11195 11459 11915 12723 12882 13275 13903 14437 14863 
162 650 976 1797 2447 2645 3274 3899 4262 4704 5257 5603 6371 6626 7549 7785 8608 9160 9728 9781 10585 11190 11698 12299 12585 13178 13661 14133 14718 15281 
278 864 1084 1873 2223 2514 3067 3985 4163 4950 5533 5702 6377 7092 7480 7835 8646 8894 9298 10046 10439 10793 11543 11883 12743 12964 13357 14119 14579 15308 
90 805 1415 1765 2062 2709 3257 3718 4107 4585 5362 5696 6576 7135 7420 8100 8749 9095 9439 9914 10522 10862 11505 12180 12720 12992 13549 14176 14667 14986 
263 478 1024 1499 2246 2690 3411 3978 4465 4863 5316 6036 6376 6789 7552 7831 8491 9245 9669 9882 10417 11103 11559 11799 12608 12753 13582 14212 14513 14862 
451 533 1284 1559 2413 2559 3187 3775 4100 4753 5401 6026 6512 6837 7354 8001 8271 9102 9289 10221 10513 11094 11374 11985 12526 12983 13656 13898 14558 15301 
419 533 1206 1485 2013 2511 3145 4085 4425 4580 5451 5858 6142 6677 7212 8000 8395 8822 9357 10215 10367 10964 11673 12031 12657 12844 13277 13975 14690 15131 
372 767 1165 1516 2081 2735 3169 4033 4454 4715 5158 5607 6568 6938 7167 7955 8231 8967 9593 9765 10550 10957 11681 11912 12578 12888 13530 13906 14791 15152 
267 795 1298 1837 2301 2940 3460 4078 4232 4974 5364 5573 6305 6677 7660 8221 8616 9207 9613 10280 10337 10903 11400 12114 12530 12981 13742 14124 14505 15318 
450 742 1246 1787 2410 2728 3213 3817 4204 4641 5218 5874 6392 6733 7679 8205 8715 8851 9567 9827 10314 11150 11288 12009 12693 12916 13476 14276 14651 14825 
168 552 944 1587 2092 2976 3360 3933 4338 4830 5458 5988 6502 6825 7670 8187 8603 9117 9761 10188 10717 11152 11587 12025 12683 13210 13474 14042 14572 15264 
425 565 1406 1901 2372 2850 3395 3837 4400 4824 5194 6024 6501 6700 7410 8163 8386 8790 9394 10127 10561 10891 11383 12019 12716 13155 13732 13861 14341 14901 
170 506 1237 1809 2187 2852 3322 3706 4276 4994 5160 5857 6449 6649 7510 7774 8600 9068 9365 10038 10441 10976 11291 12140 12380 13262 13477 13883 14619 15153 
133 791 1216 1651 2026 2688 3062 3956 4307 4628 5539 5995 6322 6801 7525 7690 8393 9076 9389 10225 10694 11194 11394 12149 12370 12939 13457 13860 14589 15282 
185 553 1317 1913 2107 2989 3478 3893 4326 4699 5394 5784 6412 6968 7223 7855 8424 8954 9284 10243 10726 11102 11357 12033 12462 13073 13632 14118 14402 15187 
404 577 1091 1821 2210 2529 3140 3993 4396 4530 5516 5709 6293 7066 7468 8148 8541 9161 9326 9904 10654 10799 11611 12277 12385 12956 13644 14024 14631 15070 
146 650 1192 1730 2318 2769 3039 3973 4491 4749 5319 5756 6607 6945 7564 7758 8659 9199 9578 9846 10318 11127 11534 11868 12373 13239 13398 14282 14335 14850 
306 532 1217 1805 2102 2675 3051 3896 4349 4647 5150 5743 6220 6920 7169 8073 8254 9026 9639 9890 10646 11091 11631 12166 12575 12829 13598 14075 14562 15048 
53 878 1397 1751 2389 2530 3239 3657 4267 4864 5501 5837 6140 6958 7498 7849 8692 8961 9298 9958 10542 11070 11597 12167 12561 13158 13330 14007 14743 14942 
425 807 1387 1943 2211 2848 3079 3949 4132 4908 5423 5937 6458 6932 7399 7890 8584 8940 9460 10157 10438 11231 11291 11999 12527 13231 13688 13888 14650 14918 
238 649 1145 1568 2362 2520 3342 3733 4450 4596 5231 5789 6384 6800 7228 8169 8500 9034 9564 10114 10506 10986 11372 12078 12704 13065 13353 13916 14332 15161 
362 769 975 1517 2224 2732 3417 3846 4390 4721 5093 6046 6143 6657 7559 7965 8263 9113 9277 9912 10416 11147 11364 12196 12625 13003 13365 14203 14671 15089 
402 654 1312 1497 2143 2796 3024 3554 4441 4645 5209 5669 6085 7048 7471 7981 8240 8829 9322 10161 10737 10931 11359 12095 12687 12756 13287 13824 14410 14963 
75 746 1186 1732 2231 2837 3142 3937 4374 4706 5179 5871 6107 7057 7149 7754 8367 8875 9473 10216 10728 10822 11557 11827 12610 12823 13604 14084 14349 15257 
289 717 1221 1493 2045 2517 3272 3883 4515 4925 5208 6035 6318 6996 7677 8172 8322 8969 9472 10186 10618 10848 11450 11911 12401 13200 13450 14252 14363 14879 
113 901 1064 1914 2271 2593 3121 4010 4472 5012 5138 5587 6540 6898 7577 7793 8620 9048 9690 10052 10700 11195 11736 12068 12335 13031 13509 13999 14448 15093 
64 737 1130 1611 2208 2839 3264 3737 4226 4757 5102 5791 6124 6886 7380 8140 8477 8894 9541 9841 10363 10889 11644 11850 12631 13156 13418 14019 14514 14811 
390 549 1347 1820 2454 2671 3349 4053 4415 4858 5358 5611 6157 6947 7305 8076 8302 9018 9385 9769 10457 10824 11622 11812 12465 12843 13391 14044 14428 15289 
118 550 961 1667 2209 2574 3198 3868 4463 4567 5400 5703 6564 6685 7356 8145 8712 9139 9301 10089 10431 11243 11282 11817 12571 12841 13546 14145 14716 15222 
171 661 1201 1835 2388 2660 3319 3668 4098 4711 5406 5881 6379 6838 7349 7752 8723 9105 9325 9879 10570 11240 11531 12264 12545 12760 13503 13901 14396 15112 
330 829 974 1609 2422 2922 3112 3660 4459 5005 5089 5572 6092 7123 7545 7899 8685 9042 9347 10197 10575 10930 11426 12280 12601 12819 13683 14197 14567 15225 
399 915 1157 1741 2155 2494 3054 4062 4446 4989 5481 5884 6147 6833 7366 8009 8755 8954 9700 10244 10759 10791 11746 11921 12343 13039 13690 14175 14680 15193 
192 556 1431 1535 2285 2734 3089 3708 4265 4951 5263 5647 6575 7093 7595 8043 8660 9044 9558 10265 10633 10972 11630 11815 12513 12906 13532 13917 14747 15066 
95 456 1175 1851 2094 2632 3176 3753 4190 4948 5290 5783 6253 6951 7266 8008 8384 9080 9708 9807 10723 11201 11782 12315 12431 12940 13511 14216 14617 14859 
97 877 1324 1859 2035 2880 3130 3671 4270 4604 5258 5734 6256 6734 7538 8016 8576 9097 9367 9945 10675 11250 11438 12131 12506 12991 13315 13869 14366 14867 
188 502 1071 1705 2318 2599 3164 3923 4465 4682 5463 5997 6237 6744 7451 7713 8753 8975 9727 10007 10648 11004 11442 12186 12434 13208 13626 14258 14714 15197 
85 466 1021 1613 2059 2627 3513 3670 4356 4572 5227 5896 6598 6680 7325 7909 8719 9154 9730 10143 10425 11049 11346 12048 12392 12890 13599 14054 14779 15080 
421 660 967 1840 2176 2977 3178 3736 4270 4869 5491 5606 6119 6694 7287 7973 8241 9250 9493 9839 10740 11018 11711 11792 12552 12821 13619 14304 14566 15324 
245 562 1378 1819 2369 2781 3453 3611 4341 4565 5323 5588 6197 6615 7370 8087 8363 9090 9519 10182 10453 10800 11603 12084 12512 13229 13768 13829 14580 14835 
18 714 1373 1839 2129 2893 3279 3807 4151 4726 5438 5668 6563 7006 7164 7850 8497 8923 9427 9881 10747 11187 11424 11924 12606 13113 13794 13832 14518 15177 
307 850 1120 1936 2321 2756 3106 3722 4419 4531 5053 5951 6139 7032 7683 7882 8592 8932 9645 10064 10454 11178 11425 12088 12471 12870 13513 13971 14554 15097 
100 694 1241 1692 2098 2951 3345 3861 4265 4548 5210 5592 6296 7127 7353 8097 8602 8981 9312 9883 10528 10805 11301 12171 12539 13085 13558 14154 14733 15276 
170 659 1446 1585 2212 2909 3529 3693 4510 4667 5425 5577 6148 7039 7313 8047 8458 9134 9540 9771 10344 10948 11496 12281 12397 13061 13659 13983 14608 15098 
173 754 1012 1503 2226 2548 3098 3970 4466 4558 5388 5989 6312 7035 7527 8099 8333 9155 9456 10001 10421 10779 11626 12252 12499 13014 13461 13950 14327 15042 
366 599 998 1760 2314 2763 3369 3898 4181 4548 5063 5614 6244 6768 7177 7695 8451 8822 9302 10101 10537 11042 11477 11948 12520 12785 13613 14199 14627 14845 
295 780 980 1886 2403 2868 3288 3606 4347 4899 5391 5756 6144 6860 7324 7699 8251 9055 9688 10210 10678 10860 11474 12317 12574 13214 13308 13886 14698 15338 
44 772 969 1974 2014 2691 3185 3684 4211 4532 5155 6038 6274 6865 7329 8056 8688 9147 9446 10223 10528 11005 11303 11969 12463 13212 13344 14225 14583 14849 
57 875 982 1768 2111 2616 3238 3691 4512 4923 5202 5850 6386 6976 7599 7859 8514 8815 9752 10236 10550 11159 11585 11893 12644 13254 13591 13876 14769 15271 
206 918 1183 1554 2234 2943 3412 3814 4174 4979 5273 5906 6457 6851 7307 7883 8730 9246 9691 9819 10623 10933 11777 12037 12534 12874 13787 13951 14389 14923 
115 934 1153 1597 2173 2962 3138 3748 4483 4836 5393 5758 6247 6770 7667 7736 8569 9132 9542 9938 10756 10837 11553 12159 12377 12953 13411 14166 14571 14991 
290 484 1450 1924 2404 2860 3095 3728 4156 4793 5373 5816 6435 7090 7303 7885 8392 8963 9640 9965 10496 10828 11704 11994 12438 12972 13812 13927 14734 14855 
379 486 1306 1992 2391 2657 3252 3621 4221 4644 5372 5616 6387 6779 7359 7895 8228 9171 9319 9873 10526 11122 11278 11928 12604 13228 13388 14008 14658 15062 
442 657 1103 1521 2136 2958 3172 3768 4172 4535 5252 5645 6473 6934 7496 7947 8636 8784 9438 9924 10446 11139 11419 11956 12373 13119 13490 14029 14529 15038 
32 534 1236 1686 2178 2538 3124 3627 4316 4669 5287 5604 6485 6926 7233 7996 8695 9260 9522 10012 10564 11061 11568 11865 12585 12747 13741 14028 14374 15119 
450 635 1402 1530 2351 2671 3323 3911 4457 4586 5390 5643 6499 7097 7406 7753 8462 9181 9575 9903 10591 11193 11731 12000 12504 13081 13290 14226 14435 15179 
92 634 1125 1734 2204 2478 3050 3769 4168 4914 5185 5897 6090 6812 7435 7976 8591 9218 9368 10224 10732 11103 11614 12273 12474 13259 13449 13864 14482 15081 
74 702 1011 1759 2443 2569 3276 3713 4309 4665 5349 5635 6523 6982 7593 7949 8653 9224 9616 10238 10608 10830 11779 12181 12743 13102 13784 14181 14682 15270 
20 819 1106 1792 2003 2923 3392 3628 4377 4823 5297 5586 6573 7031 7196 7807 8286 8805 9531 9868 10761 11165 11765 12255 12442 13070 13697 13859 14521 15274 
127 687 1214 1560 2016 2750 3409 3857 4404 4872 5331 5895 6109 6778 7248 7759 8583 8859 9503 9784 10420 10768 11544 11897 12663 12925 13639 14178 14377 15298 
293 810 1374 1632 2017 2945 3304 3941 4278 4786 5332 5980 6076 6995 7226 7707 8401 9047 9538 9913 10569 11096 11550 11954 12652 12954 13282 13822 14736 15094 
109 757 1285 1877 2149 2658 3328 3558 4283 4950 5291 5656 6556 6811 7426 7869 8614 8780 9736 9816 10357 11107 11759 12122 12400 13150 13356 14159 14635 14931 
149 583 1185 1708 2357 2585 3377 3741 4324 4879 5109 5904 6121 6826 7459 7893 8507 9185 9269 10081 10473 11062 11726 11874 12583 12845 13455 13843 14628 15259 
276 760 1425 1933 2445 2516 3452 3723 4300 4835 5164 5664 6388 7023 7363 7798 8734 8791 9756 9821 10555 11076 11695 12217 12689 12816 13475 13981 14604 14896 
190 701 1335 1897 2140 2493 3161 4061 4160 4962 5311 5717 6212 6858 7467 7977 8689 9232 9363 10270 10347 11262 11370 11918 12667 13159 13443 14002 14508 14887 
80 892 1307 1853 2404 2491 3462 3987 4179 4780 5370 5983 6605 6952 7188 8003 8278 8775 9681 10017 10571 10777 11311 12190 12346 12786 13369 13937 14722 15043 
201 512 1269 1988 2100 2487 3511 3797 4464 4839 5181 5865 6559 7087 7160 8049 8314 9066 9416 9804 10476 10890 11535 12233 12416 13051 13463 14022 14516 15230 
200 824 1302 1487 2074 2621 3540 4004 4442 5006 5444 5804 6186 6718 7600 7846 8744 9003 9376 9940 10466 11079 11675 11934 12387 13165 13486 13919 14764 15309 
247 701 1375 1892 2146 2525 3179 3761 4240 4934 5474 5640 6421 7010 7481 7962 8312 8795 9431 9907 10451 10789 11386 11940 12420 13266 13332 13826 14424 15139 
65 887 963 1981 2306 2939 3242 3864 4510 4949 5546 5788 6332 6699 7344 8197 8727 9243 9568 9979 10672 11161 11732 12276 12717 12911 13671 14125 14776 15000 
50 778 1336 1752 2322 2642 3069 3787 4249 4612 5365 5816 6363 6961 7457 7818 8623 9252 9476 10010 10669 10841 11513 12176 12637 12937 13479 14268 14656 15133 
67 815 1349 1703 2221 2874 3173 3721 4481 4884 5141 5955 6207 6946 7288 8032 8282 8982 9450 10061 10362 11239 11612 11842 12453 13192 13310 14036 14439 15031 
86 796 1313 1602 2184 2851 3137 3943 4360 4601 5042 6058 6381 6691 7615 8038 8557 9056 9313 10011 10496 11221 11480 12017 12481 12959 13343 13980 14395 15082 
294 854 1056 1753 2001 2703 3278 3580 4170 4874 5427 5815 6089 6908 7646 7796 8733 8835 9697 10286 10745 11175 11385 11908 12337 13042 13601 14026 14712 14868 
128 467 1397 1477 2164 2594 3234 3793 4453 4798 5439 5622 6236 6750 7268 8034 8264 8917 9378 10086 10718 11132 11651 12011 12517 12965 13799 14012 14593 14927 
372 802 1250 1828 2166 2707 3019 4042 4114 4737 5278 5833 6600 6980 7330 8071 8490 8962 9544 9776 10402 11099 11663 12067 12597 13260 13337 14242 14501 15233 
216 655 1372 1743 2379 2876 3425 3694 4196 4570 5496 5714 6372 6896 7499 7708 8617 9174 9340 9989 10745 10817 11667 12314 12405 12883 13733 13819 14321 15195 
195 874 958 1763 2361 2568 3406 3646 4130 4632 5270 6039 6200 7095 7517 7756 8703 9078 9557 10226 10408 11118 11321 12232 12374 12860 13507 14061 14789 15068 
431 513 1370 1596 2225 2759 3212 3928 4511 4545 5545 5799 6367 7117 7191 7797 8748 8841 9748 10239 10687 10965 11788 11866 12679 12905 13745 14190 14732 14890 
386 758 1260 1748 2078 2666 3260 4055 4213 4595 5446 5593 6599 6634 7322 7721 8531 8830 9444 9942 10444 11123 11613 11988 12352 13017 13480 14229 14331 15154 
6 907 1109 1766 2034 2840 3205 3624 4471 4571 5108 5779 6126 7111 7175 7894 8666 8761 9283 10009 10616 11265 11451 11791 12503 13174 13600 13931 14338 15045 
175 573 1085 1764 2249 2668 3486 4002 4516 4938 5134 5926 6219 7041 7544 8144 8610 8828 9631 9876 10516 10767 11506 12028 12647 12918 13811 13958 14358 15121 
41 837 1340 1513 2046 2539 3366 4015 4394 4573 5111 5591 6349 6949 7532 7913 8445 8906 9341 9817 10568 10995 11511 12212 12429 13272 13489 14285 14621 14823 
234 578 1281 1553 2133 2780 3535 3785 4447 4619 5074 6057 6606 7029 7219 7703 8279 8773 9297 9963 10333 10776 11718 12132 12641 12904 13516 13907 14708 15192 
262 794 1118 1912 2461 2809 3458 3548 4156 4724 5213 5835 6158 6671 7511 8112 8547 9238 9339 10119 10523 11144 11301 12113 12549 13049 13558 14265 14408 14917 
6 657 1049 1980 2025 2662 3427 4079 4310 4917 5268 5893 6188 7055 7668 7828 8575 9130 9701 9803 10663 10836 11740 12179 12627 13224 13514 14138 14649 15293 
258 736 1315 1937 2227 3006 3025 3940 4207 4966 5201 6033 6539 6689 7448 7951 8383 9195 9740 10006 10532 10970 11604 12296 12353 12976 13573 13897 14719 14972 
58 730 948 1600 2168 2842 3470 3581 4268 4924 5508 5853 6259 6674 7293 7973 8371 8891 9561 9826 10471 10834 11457 12244 12506 12903 13429 13997 14590 15143 
30 722 1225 1984 2086 2804 3495 4022 4207 5013 5039 5826 6432 6957 7606 7925 8349 8797 9642 10302 10645 10809 11734 12197 12681 12886 13401 14147 14417 15176 
407 711 1403 1870 2021 2949 3184 4073 4385 4885 5110 5808 6360 6862 7204 7944 8262 9166 9311 10005 10531 10887 11693 12325 12441 13109 13296 14142 14409 14910 
207 785 1379 1595 2206 2586 3380 3990 4444 4815 5091 5608 6096 6955 7241 8085 8635 8979 9459 10251 10532 10816 11487 11952 12416 12791 13531 13985 14622 15096 
242 663 1391 1464 2262 2640 3461 3602 4490 4527 5397 5792 6508 7079 7311 7688 8416 9172 9686 10065 10611 10861 11572 11858 12544 12973 13753 14151 14414 15217 
441 831 1454 1661 2276 2721 3079 3707 4203 4957 5502 5557 6115 7058 7581 7761 8488 8966 9472 9939 10607 11226 11505 12170 12388 12861 13520 13980 14520 15238 
413 897 1355 1973 2170 2919 3400 3892 4144 4829 5307 5695 6532 6738 7186 7803 8606 8974 9711 9946 10680 11050 11616 11903 12729 12780 13777 13891 14704 15119 
145 666 1074 1475 2423 2966 3466 4080 4401 4961 5215 5623 6118 6739 7673 7864 8754 9229 9427 10133 10660 10967 11455 12204 12674 13219 13756 14031 14686 14848 
334 799 1386 1756 2442 2898 3033 4024 4282 4658 5286 5613 6209 6652 7391 7827 8447 8989 9617 9814 10419 10831 11715 11961 12624 13026 13313 14020 14723 15054 
329 457 1252 1868 2427 2545 3440 3889 4287 4947 5552 5938 6125 6829 7227 7685 8539 9164 9388 10207 10456 10864 11334 12163 12438 13143 13292 13934 14552 14987 
405 645 1389 1771 2205 2490 3150 3629 4265 4662 5281 6053 6105 6814 7355 7808 8721 9024 9514 9866 10391 11193 11676 11938 12553 12824 13562 14283 14326 15114 
326 841 1169 1576 2292 2664 3214 3563 4395 4760 5282 5910 6535 7051 7661 7813 8253 8899 9562 10040 10457 11183 11513 12155 12665 12926 13567 13856 14469 15129 
177 674 1301 1947 2274 2563 3473 3609 4311 4852 5361 5840 6178 6964 7280 7825 8433 9183 9586 9851 10682 11200 11490 12270 12398 13245 13399 14100 14314 14974 
341 499 1348 1922 2425 2697 3159 3605 4254 5003 5106 5698 6082 6875 7553 8129 8301 8903 9442 9836 10688 11182 11760 11866 12551 12943 13485 13877 14623 14826 
31 924 1293 1684 2192 2795 3419 3905 4295 4905 5396 6017 6167 7028 7376 8126 8510 9140 9694 10304 10369 11011 11552 11926 12426 13062 13327 14096 14522 14989 
176 612 1094 1731 2378 2824 3333 3640 4315 4853 5337 5808 6458 6979 7297 8171 8527 9107 9735 9984 10605 10988 11396 12043 12656 12772 13751 14241 14767 15052 
132 718 1167 1687 2089 2682 3009 3939 4343 4537 5480 6072 6454 6690 7465 7843 8315 9189 9471 10076 10635 11024 11584 11848 12432 13016 13620 14234 14472 15087 
54 506 990 1509 2188 2911 3497 3680 4369 4753 5125 5831 6271 6660 7336 8010 8366 8789 9524 9908 10588 10769 11678 12282 12629 13207 13557 14092 14512 14885 
307 656 1184 1678 2303 2527 3024 3554 4397 4521 5136 5565 6514 6767 7430 8106 8240 8829 9528 10023 10575 11177 11302 12169 12666 12761 13287 13824 14794 15017 
237 813 995 1921 2056 2546 3216 4017 4240 4556 5354 5979 6208 6883 7619 7739 8489 8902 9457 9950 10497 11066 11305 12320 12567 13261 13635 14155 14560 15205 
244 587 1139 1646 2386 2935 3355 3686 4212 4548 5197 6074 6165 6650 7377 7847 8452 9244 9737 10299 10317 11066 11749 12248 12550 12986 13543 13972 14388 15320 
147 574 1288 1762 2441 2702 3292 3925 4165 4587 5246 5590 6533 7052 7650 7954 8537 9162 9595 9772 10445 10982 11390 12332 12675 12988 13680 14071 14391 14975 
320 810 1042 1486 2382 2955 3485 3930 4302 4967 5195 5740 6504 6695 7317 7816 8568 9027 9383 10261 10591 11213 11732 11930 12349 12967 13301 14088 14564 15136 
254 459 1436 1689 2109 2861 3361 3751 4326 4579 5153 5653 6195 6852 7335 8223 8346 9248 9634 10045 10425 10966 11665 12056 12733 13125 13800 13983 14688 14888 
286 929 1448 1515 2266 2591 3291 3802 4498 4900 5156 6019 6258 7094 7237 8141 8317 8843 9428 10181 10325 11247 11428 11790 12514 12942 13717 14068 14423 14948 
453 680 1071 1630 2422 2798 3284 3791 4169 4910 5340 5578 6325 6918 7263 8013 8331 8850 9481 10267 10371 11171 11764 12128 12549 12951 13566 14005 14470 15092 
320 763 968 1677 2460 2964 3381 3756 4468 4530 5146 5877 6405 6621 7195 7966 8261 8920 9584 10041 10442 10950 11542 11791 12630 13040 13586 14013 14541 15170 
266 526 1057 1549 2200 2929 3376 3578 4326 4788 5556 5710 6391 6881 7463 7904 8605 9169 9710 9974 10540 11141 11373 12041 12479 13199 13744 14074 14350 14916 
321 756 1141 1790 2368 2630 3250 3980 4334 4741 5100 5882 6191 6894 7238 7767 8700 9091 9582 9838 10712 11162 11615 12279 12715 13107 13721 13905 14657 15067 
13 889 1182 1986 2106 2994 3521 3767 4497 4650 5292 6052 6240 6670 7663 7790 8741 9082 9447 9973 10467 10923 11392 12188 12366 13215 13294 14043 14605 15328 
34 589 1140 1675 2463 2708 3182 3811 4175 4898 5151 6041 6289 6741 7429 7795 8382 9226 9750 10122 10434 11244 11641 12225 12509 12935 13770 13862 14699 14938 
397 655 1037 1725 2381 2903 3441 3717 4452 4887 5446 5718 6596 6853 7240 7700 8467 9112 9392 10112 10446 10826 11328 12099 12577 13123 13378 14001 14538 14873 
89 551 1147 1951 2177 2859 3514 3952 4188 4564 5054 5862 6163 6885 7645 8156 8564 8937 9544 10205 10736 10866 11290 12298 12533 12998 13730 14156 14406 14969 
260 877 1234 1852 2469 2960 3116 3608 4348 4718 5094 5559 6199 6912 7314 8194 8486 8791 9661 10204 10373 11160 11407 12139 12644 13226 13754 13984 14751 15334 
205 620 1427 1538 2235 2967 3084 3852 4460 4554 5046 5889 6453 6931 7450 8070 8248 9109 9550 9774 10490 11072 11632 11818 12393 13148 13441 14173 14357 15018 
309 931 1452 1935 2338 2633 3311 3597 4122 4871 5305 5736 6553 6847 7598 8044 8283 9070 9740 10232 10720 10968 11728 11977 12475 13141 13464 13814 14362 14892 
275 865 1080 1847 2036 2699 3010 3948 4244 4762 5083 5788 6133 7003 7255 8015 8637 8887 9762 9884 10481 10939 11633 12147 12685 13048 13529 14292 14781 15194 
217 571 1133 1652 2062 2601 3454 3752 4095 4862 5107 5672 6446 6641 7428 7960 8332 8927 9381 10109 10687 10878 11772 12135 12664 12863 13295 14114 14720 14841 
35 707 1442 1906 2237 2480 3469 3808 4152 5007 5297 5737 6555 6761 7398 7842 8585 9086 9509 9898 10649 11252 11599 12249 12702 12814 13472 14302 14445 15240 
328 572 1032 1562 2053 2818 3265 3692 4511 4594 5449 6065 6511 6723 7254 8062 8295 8855 9414 10143 10452 10788 11348 12331 12637 13055 13641 13836 14511 15115 
202 768 1222 1769 2334 2997 3447 3996 4355 4772 5129 5754 6294 6705 7591 8132 8720 9189 9401 10160 10387 10785 11741 12016 12418 12881 13647 14219 14463 14870 
257 522 1383 1644 2201 2751 3457 3672 4226 4827 5128 5674 6086 6843 7605 7942 8389 8995 9485 9803 10534 10970 11348 12295 12340 12765 13806 14226 14642 14939 
36 476 1088 1888 2099 2856 3013 3552 4410 4941 5023 5786 6364 6808 7507 8132 8294 9123 9626 10027 10382 10783 11591 11801 12694 12750 13805 14279 14658 15297 
156 695 1318 1474 2399 2515 3533 3653 4478 4915 5378 5647 6251 6962 7345 7957 8705 9197 9593 10247 10643 10955 11532 12189 12589 12962 13672 14214 14394 15030 
120 703 1411 1881 2169 2786 3475 4083 4457 4785 5170 6055 6513 6822 7432 7856 8478 9198 9492 10128 10388 11052 11279 12063 12411 12892 13718 13813 14748 15163 
160 689 1424 1806 2412 2540 3313 3840 4443 4981 5417 5909 6213 6899 7143 7994 8335 8909 9469 9972 10537 11256 11685 12187 12457 12948 13603 14220 14491 15249 
46 605 942 1826 2047 2865 3526 3938 4260 4552 5550 5738 6373 7136 7493 7789 8665 9094 9590 9899 10387 11242 11328 12119 12427 12811 13673 14163 14371 15160 
384 933 1200 1659 2398 2661 3201 3977 4179 4573 5041 5728 6184 6773 7373 7988 8630 8788 9468 10034 10701 11206 11463 11877 12592 12798 13572 14080 14533 14952 
351 627 1332 1716 2429 2670 3308 3604 4166 4733 5244 5760 6587 6668 7159 7800 8628 9176 9379 10167 10581 10859 11447 12246 12715 13268 13500 13879 14595 14926 
394 709 1094 1557 2308 2509 3524 3656 4117 4856 5367 5727 6601 6943 7671 8192 8657 9186 9573 9850 10668 10773 11540 11843 12614 13168 13713 14087 14665 14965 
22 560 999 1507 2158 2890 3384 3828 4439 4838 5154 5807 6480 6940 7275 8026 8505 8924 9708 10307 10598 11003 11445 12241 12524 13205 13458 14016 14319 15182 
304 497 1081 1616 2031 2928 3428 3829 4332 4881 5283 5918 6551 7026 7319 8061 8686 8771 9622 10050 10642 10981 11655 12223 12678 12830 13663 14192 14443 15179 
171 735 1244 1874 2450 2689 3258 4049 4294 4940 5320 5962 6362 7059 7197 7918 8467 8971 9747 9921 10336 11170 11377 11844 12668 12886 13466 14294 14664 14874 
302 668 1195 1544 2395 2589 3356 3617 4164 4875 5029 5764 6460 6892 7265 8221 8380 9005 9310 10083 10328 10827 11684 12080 12731 12808 13348 14283 14717 15120 
73 898 1404 1660 2019 2501 3407 3819 4414 4794 5445 5912 6378 6917 7611 8177 8661 8960 9397 10275 10586 10804 11703 12293 12523 13151 13597 13988 14480 14877 
181 926 1193 1899 2018 2815 3053 4029 4252 4574 5368 5805 6145 6844 7446 7784 8336 9151 9745 9849 10342 11129 11548 12065 12518 13206 13544 14277 14647 15109 
204 597 1181 1502 2038 2822 3059 3869 4206 4766 5484 6050 6330 7033 7392 7748 8394 9235 9290 10208 10670 11015 11729 11966 12454 13191 13526 13967 14569 14907 
322 573 1360 1825 2213 2557 3408 3895 4095 4898 5479 5705 6468 7118 7590 7919 8384 9119 9391 10270 10442 11105 11672 12130 12690 12933 13769 14205 14799 15028 
3 903 1113 1512 2345 2676 3415 3654 4275 4697 5226 6047 6205 6714 7338 8000 8535 8878 9630 10257 10537 11153 11454 12023 12354 13074 13734 13944 14368 14993 
159 487 1158 1857 2148 2882 3303 3716 4359 4544 5103 5617 6164 6950 7337 8167 8242 8786 9652 9887 10544 10844 11674 11806 12603 12800 13644 14091 14573 15206 
99 868 1329 1534 2216 2932 3157 3746 4379 4708 5503 5720 6101 6693 7477 7720 8293 9084 9590 10153 10343 11251 11625 12030 12605 13222 13783 14207 14518 14913 
344 576 1098 1573 2324 2792 3348 3669 4126 4958 5017 6068 6190 6819 7596 8152 8515 8857 9418 9889 10389 10916 11558 11914 12491 12839 13285 14104 14582 15054 
164 765 1047 1802 2130 2483 3325 3836 4416 4583 5369 5655 6465 6662 7214 7978 8313 8781 9720 9996 10410 11031 11580 12117 12587 13252 13779 13878 14742 14948 
240 457 972 1642 2091 2474 3455 3890 4403 4907 5115 5644 6226 7112 7383 7779 8536 8914 9571 10069 10471 10784 11621 12085 12540 12826 13612 13863 14430 14895 
105 584 1211 1640 2468 2849 3312 3910 4090 4648 5464 5716 6357 6911 7541 7989 8448 8852 9696 9985 10451 10954 11569 11982 12699 12856 13448 14023 14585 15076 
230 783 945 1836 2196 2489 3442 3739 4323 4826 5529 5574 6336 6787 7153 7969 8239 8784 9751 10145 10685 11044 11512 12127 12367 12982 13538 14072 14693 15322 
136 876 1443 1508 2361 2970 3352 4038 4149 4901 5379 5813 6448 6765 7284 7959 8398 9204 9674 10098 10535 10865 11658 12321 12624 13241 13584 13843 14532 14889 
426 627 1412 1457 2312 2718 3093 3701 4509 4931 5392 5869 6493 6959 7608 7760 8716 9049 9404 9895 10500 10949 11323 12327 12530 13036 13633 14227 14605 15011 
122 870 968 1786 2077 2738 3509 3850 4510 4686 5214 6025 6260 6903 7537 7865 8400 8950 9367 10303 10589 10989 11307 12211 12460 12920 13759 14129 14404 14945 
106 818 1247 1673 2071 2604 3135 3584 4116 4800 5467 6055 6582 7067 7649 7898 8362 9039 9421 10108 10735 10857 11468 11953 12583 13105 13801 14076 14306 15039 
83 787 1015 1890 2129 2885 3036 3574 4237 4773 5104 5819 6275 7086 7484 7999 8370 9069 9539 10072 10572 10938 11355 12162 12447 12777 13630 14130 14740 14922 
267 741 1004 1563 2204 2816 3269 4018 4162 4729 5082 5638 6440 6640 7323 7810 8460 9092 9463 10142 10379 11121 11737 12242 12710 13149 13338 13963 14800 14985 
188 770 1268 1694 2066 2853 3181 3570 4370 4746 5076 6028 6487 7024 7189 8137 8731 8912 9354 10070 10753 11217 11586 12161 12725 12949 13409 14171 14367 14980 
226 790 994 1770 2289 2705 3150 3907 4110 4795 5251 5582 6544 6863 7300 8050 8420 8856 9545 9766 10704 10850 11602 12071 12485 12806 13473 14218 14305 15237 
135 607 997 1649 2310 2544 3320 3724 4504 4919 5413 5849 6496 6742 7260 8108 8407 8876 9552 10287 10575 10792 11352 12138 12645 12746 13781 13948 14372 15181 
182 693 941 1697 2198 2537 3049 3947 4194 4843 5080 5624 6313 7056 7636 7997 8750 8886 9280 9779 10396 10780 11605 12136 12628 13043 13354 14174 14334 15212 
27 495 1363 1740 2006 2584 3464 3988 4342 4926 5029 6048 6231 7106 7603 8066 8356 9111 9611 10230 10372 11180 11427 12262 12595 12828 13802 14015 14618 15132 
452 622 1141 1529 2298 2900 3245 3651 4517 4646 5148 5943 6592 7014 7339 8115 8674 9208 9719 10276 10600 10942 11730 12203 12408 13064 13564 14108 14749 14919 
444 713 1022 1967 2290 2720 3413 4000 4089 4747 5543 5757 6595 6861 7567 7889 8690 9215 9295 10028 10505 11157 11753 12116 12382 12840 13363 13878 14721 14818 
87 759 1076 1551 2037 2595 3043 3880 4385 4713 5101 5960 6160 6703 7298 8147 8299 8810 9484 9829 10339 11108 11609 11794 12465 12842 13588 14233 14575 14886 
114 653 1411 1591 2109 2698 3056 3683 4239 4797 5176 5761 6464 6841 7239 7915 8708 8779 9268 10149 10458 11189 11583 12305 12403 12837 13554 13930 14584 15287 
349 581 1359 1963 2409 2930 3108 3652 4378 4918 5554 5770 6194 6742 7438 8107 8724 9182 9551 9896 10719 10884 11320 12274 12347 13092 13568 13882 14660 15174 
25 604 1190 1827 2371 2652 3285 3579 4376 4657 5541 6051 6477 6963 7381 8153 8307 9057 9292 10233 10408 11138 11495 12021 12446 12995 13470 14199 14753 15208 
356 855 1063 1619 2188 2583 3024 3554 4127 4840 5336 5697 6351 6638 7476 7987 8240 8829 9384 10185 10463 10778 11624 11863 12475 12752 13287 13824 14310 15221 
434 853 1122 1711 2048 2980 3048 3854 4218 4562 5341 6060 6445 6803 7647 7975 8277 9020 9397 10013 10664 10815 11488 12247 12467 13202 13810 14010 14559 14843 
380 593 1229 1775 2083 2917 3448 3746 4298 4623 5095 5677 6418 6828 7357 7984 8328 8759 9366 9933 10621 11081 11565 11965 12383 13181 13407 14122 14412 15060 
141 465 1261 1522 2375 2959 3078 4027 4100 4930 5500 5802 6419 6625 7533 7794 8330 8933 9660 10059 10594 11126 11670 12148 12345 13099 13743 14057 14349 15088 
273 854 966 1710 2070 2810 3329 3932 4128 4698 5259 5576 6170 7071 7194 7870 8226 9096 9367 9970 10312 11043 11769 12158 12649 13024 13660 14067 14774 14973 
407 514 1435 1614 2294 2570 3519 3759 4192 4831 5289 5778 6396 6905 7629 8133 8245 8824 9612 9813 10530 10870 11639 12308 12517 12768 13658 13965 14337 14946 
48 623 960 1818 1998 2488 3183 3552 4308 4778 5420 6070 6172 6958 7168 7961 8474 8934 9506 10048 10471 10846 11375 11841 12408 12885 13513 13993 14637 14817 
447 632 1267 1525 2004 2695 3416 4052 4086 4743 5345 5614 6554 6758 7362 7983 8320 8951 9413 10074 10379 11273 11343 11970 12418 12976 13527 13895 14705 15209 
228 618 1445 1832 2261 2523 3020 3879 4317 4577 5071 5562 6297 6730 7682 7802 8235 9071 9292 10283 10734 10952 11491 11803 12435 13218 13698 14228 14507 14935 
362 463 1421 1823 2283 2936 3422 3897 4442 4629 5324 5985 6273 7042 7546 7888 8471 8892 9623 10263 10547 11075 11358 11906 12413 13106 13786 13821 14506 15157 
11 907 1305 1690 2008 2846 3488 3986 4341 4922 5541 5925 6406 6624 7495 7771 8704 9175 9699 10196 10400 11048 11406 12213 12715 13188 13326 14059 14602 15140 
233 781 1034 1587 2338 2496 3022 3812 4110 4652 5295 5768 6344 6663 7635 7792 8663 8760 9515 9848 10679 11254 11507 12206 12705 13098 13736 13853 14311 14842 
235 482 1440 1593 2160 2522 3024 3554 4424 4960 5371 5694 6414 6892 7558 8025 8240 8829 9306 10292 10338 10847 11393 12275 12396 12957 13287 13824 14542 14875 
293 931 955 1834 2189 2845 3456 3730 4407 4849 5454 5700 6126 6905 7569 8057 8525 9144 9480 10173 10437 10888 11368 12104 12498 13115 13616 14143 14625 14936 
107 498 1044 1723 2068 2672 3101 3886 4093 4688 5191 5679 6593 6916 7485 8074 8521 9011 9399 9943 10553 11168 11679 12094 12656 13110 13703 14297 14471 15180 
311 891 1151 1738 2182 2582 3289 3774 4253 4578 5497 6054 6152 6904 7281 7698 8740 8970 9624 10029 10554 11263 11448 12024 12528 13112 13646 13950 14382 14934 
240 830 940 1571 2377 2950 3080 3779 4363 4682 5386 5809 6537 6855 7578 8128 8284 8798 9712 9871 10681 11039 11761 11860 12351 13253 13381 14259 14329 14857 
363 608 1115 1518 2384 2579 3423 3959 4197 4916 5343 5731 6526 6756 7501 7744 8442 8879 9634 10187 10549 11084 11333 11907 12357 12867 13372 13815 14420 15022 
430 698 1232 1793 2060 2596 3168 4046 4205 4518 5126 6056 6239 6965 7215 8175 8453 9264 9647 10295 10610 10955 11517 11875 12407 12748 13714 14103 14643 15016 
343 595 935 1767 2377 2634 3024 3554 4488 4592 5064 5928 6433 6986 7505 7769 8240 8829 9306 10289 10334 11000 11573 11832 12518 13172 13287 13824 14336 15044 
2 669 1434 1773 2039 2482 3315 3632 4287 4792 5527 5873 6093 6867 7449 8039 8310 9236 9411 9935 10395 11007 11613 11938 12575 13236 13739 14028 14782 15077 
378 895 983 1957 2433 2765 3403 3858 4113 4954 5166 5706 6517 6681 7433 8202 8276 8804 9402 10025 10340 10869 11347 12052 12734 13127 13367 14101 14713 15053 
66 831 1297 1688 2241 3005 3254 3659 4097 4643 5248 5845 6602 6966 7503 8102 8406 9007 9452 10087 10659 11232 11717 12326 12599 12805 13427 13936 14447 14953 
337 588 1237 1779 2437 2933 3024 3554 4313 4539 5127 6016 6541 6655 7580 8079 8240 8829 9705 10203 10499 11009 11525 11951 12703 13242 13287 13824 14607 15155 
345 857 1398 1612 2113 2517 3060 3997 4330 4903 5398 6040 6567 6834 7274 7686 8417 9240 9487 10147 10546 11046 11485 11805 12587 13033 13284 14060 14697 15262 
312 927 1039 1658 2025 2776 3506 4036 4210 4616 5229 5987 6515 6835 7234 7982 8729 9073 9609 10177 10629 10822 11716 11927 12680 13087 13614 14248 14323 15107 
375 844 1038 1586 2232 2920 3016 3569 4158 4829 5403 5846 6149 6854 7386 8206 8599 8866 9742 10214 10707 10914 11562 12026 12686 12745 13664 13857 14654 15123 
193 793 1326 1468 2458 2615 3482 3873 4358 4965 5024 5721 6597 6974 7205 7877 8496 8929 9408 9834 10557 10879 11754 12269 12385 13077 13494 13924 14333 14988 
298 515 1116 1911 2305 2766 3251 3891 4340 4642 5521 5800 6585 7038 7340 7768 8308 8910 9758 10135 10351 11026 11404 11821 12454 12817 13478 14094 14342 15292 
165 586 1194 1728 2185 2863 3286 3766 4351 5004 5329 5777 6498 7002 7202 7829 8728 9077 9358 10084 10366 10786 11341 12090 12559 12796 13289 14050 14694 14962 
359 732 1066 1670 2015 2821 3024 3554 4485 4596 5233 5628 6338 6802 7279 7691 8240 8829 9644 9977 10764 11117 11638 11834 12384 12900 13287 13824 14770 15073 
