43 222 346 556 693 936 1034 1291 1482 1636 1769 2047 2182 2465 2612 2756 2952 3288 3475 3617 3795 3979 4199 4358 4523 4773 4917 5101 5358 5403 5719 5787 5806 
50 152 444 532 746 961 1049 1348 1516 1704 1947 2005 2291 2385 2567 2808 2993 3307 3379 3580 3730 3892 4116 4359 4464 4750 4993 5037 5269 5482 5699 5785 5805 
22 254 434 531 664 950 1150 1262 1520 1714 1924 2024 2260 2356 2659 2841 2979 3218 3403 3595 3697 3927 4210 4399 4456 4749 4847 5096 5198 5388 5718 5778 5803 
9 116 423 494 719 877 1019 1298 1553 1753 1928 2091 2161 2449 2686 2835 3052 3304 3408 3665 3782 3984 4109 4286 4528 4783 4838 5006 5218 5420 5731 5786 5803 
2 209 428 469 809 929 1203 1232 1580 1601 1899 2138 2293 2451 2683 2920 3106 3189 3359 3640 3846 3903 4252 4410 4631 4733 4971 5142 5334 5432 5693 5771 5803 
86 95 367 580 763 958 1102 1273 1544 1670 1897 1965 2199 2528 2581 2844 3090 3144 3417 3602 3847 4057 4216 4402 4534 4771 4927 5062 5346 5519 5682 5778 5803 
49 213 283 618 803 938 1119 1367 1508 1695 1898 2149 2316 2431 2550 2817 3058 3176 3469 3563 3739 3972 4146 4408 4565 4674 4935 5010 5295 5529 5721 5760 5812 
86 109 388 519 759 958 1025 1293 1569 1655 1884 2068 2327 2522 2542 2840 2972 3152 3466 3532 3772 3940 4198 4384 4538 4794 4839 5025 5257 5461 5635 5788 5814 
26 214 426 632 729 941 1136 1266 1543 1679 1951 2040 2185 2494 2622 2807 3085 3237 3489 3622 3874 4040 4136 4278 4527 4770 4906 5059 5361 5478 5685 5786 5802 
87 156 365 514 778 959 1097 1329 1545 1754 1800 2066 2271 2400 2673 2831 3039 3175 3497 3527 3736 3939 4112 4303 4482 4704 4916 5095 5214 5500 5677 5790 5800 
9 219 376 476 777 957 1126 1382 1542 1756 1799 2064 2229 2441 2591 2759 2963 3222 3357 3565 3727 3978 4176 4273 4473 4755 4879 5153 5267 5398 5688 5786 5803 
10 121 315 577 734 986 1180 1236 1474 1682 1922 2123 2302 2365 2571 2857 3091 3181 3390 3577 3748 3983 4212 4348 4603 4685 4977 5094 5283 5474 5749 5759 5803 
21 172 405 576 802 849 1111 1234 1548 1683 1848 1964 2314 2377 2630 2906 3007 3150 3442 3662 3832 4026 4123 4317 4606 4653 4915 5158 5356 5502 5617 5784 5803 
46 106 337 553 740 864 1054 1346 1564 1698 1932 2053 2205 2388 2619 2909 2965 3223 3461 3633 3888 4044 4229 4407 4545 4667 4943 5004 5373 5534 5704 5790 5809 
9 155 373 621 738 934 1166 1214 1565 1719 1836 1976 2349 2439 2573 2855 2976 3254 3400 3566 3785 3952 4115 4276 4516 4751 4835 5046 5299 5564 5723 5763 5803 
67 190 299 567 811 991 1199 1324 1447 1707 1910 2118 2304 2523 2572 2742 3114 3289 3430 3642 3750 3954 4250 4350 4469 4760 4808 5093 5294 5466 5614 5785 5802 
3 204 448 475 703 947 1031 1320 1583 1736 1789 2052 2273 2425 2661 2890 2990 3149 3372 3542 3758 4029 4139 4365 4614 4654 4963 5133 5273 5528 5570 5765 5803 
67 210 435 593 712 894 1059 1275 1410 1607 1785 2143 2183 2369 2556 2745 2947 3169 3471 3513 3759 4050 4152 4368 4536 4709 4877 5177 5320 5551 5615 5788 5802 
65 267 449 524 801 1011 1178 1388 1430 1670 1823 1970 2203 2503 2548 2749 2982 3143 3433 3615 3863 3950 4079 4357 4572 4633 4865 5161 5350 5387 5673 5785 5803 
22 161 287 523 836 959 1127 1389 1488 1738 1775 2089 2330 2524 2731 2871 3010 3258 3366 3558 3774 3929 4174 4409 4466 4669 4949 5110 5352 5456 5727 5781 5802 
33 102 298 561 754 975 1069 1242 1484 1729 1854 2078 2336 2376 2693 2894 3083 3293 3361 3644 3799 3994 4237 4325 4455 4789 4964 5027 5284 5449 5675 5778 5803 
73 179 395 529 670 964 1163 1307 1468 1659 1801 1987 2228 2467 2651 2802 3098 3314 3470 3663 3848 4055 4219 4356 4508 4648 4880 5032 5286 5393 5659 5795 5815 
19 262 292 474 697 913 1092 1306 1550 1692 1874 2031 2215 2529 2669 2771 3082 3158 3341 3574 3860 4003 4202 4378 4443 4644 4972 5144 5372 5552 5640 5786 5803 
63 266 323 521 773 973 1091 1283 1442 1716 1805 2120 2323 2487 2680 2765 3079 3229 3418 3690 3877 3963 4255 4391 4442 4759 4948 5051 5349 5559 5695 5788 5803 
22 160 416 582 725 969 1169 1366 1412 1697 1780 2032 2242 2394 2708 2856 3014 3303 3455 3674 3864 4037 4101 4381 4590 4743 4933 5076 5228 5481 5653 5785 5805 
27 139 403 473 825 981 1077 1259 1586 1711 1788 2125 2192 2375 2564 2779 3045 3174 3428 3524 3801 4000 4076 4346 4539 4740 4903 5159 5289 5422 5576 5765 5802 
18 200 328 628 786 944 1195 1393 1481 1663 1870 2111 2264 2456 2617 2830 3053 3206 3483 3516 3714 4008 4168 4277 4517 4747 4888 5176 5338 5439 5753 5771 5803 
32 190 316 550 768 840 1079 1376 1478 1726 1925 2013 2334 2474 2699 2928 3100 3305 3415 3519 3705 4006 4219 4437 4448 4786 4925 5099 5240 5421 5587 5778 5803 
69 244 294 528 657 1016 1042 1355 1570 1763 1865 2096 2248 2357 2575 2858 2984 3201 3413 3590 3744 3963 4257 4302 4541 4716 4883 5100 5367 5548 5575 5760 5812 
43 257 336 512 791 846 1075 1272 1436 1609 1820 2147 2165 2477 2668 2886 3068 3257 3350 3628 3816 3975 4226 4300 4471 4786 4812 5020 5363 5395 5633 5785 5815 
91 178 352 518 715 874 1101 1210 1438 1678 1808 2086 2289 2481 2623 2825 2943 3195 3473 3629 3769 3980 4155 4311 4515 4658 4894 5061 5221 5530 5613 5771 5814 
87 129 389 513 647 900 1073 1356 1521 1742 1915 1990 2211 2427 2579 2769 3015 3205 3386 3562 3703 4056 4240 4402 4610 4797 4978 5035 5340 5496 5686 5778 5803 
48 131 295 620 766 952 1090 1243 1529 1733 1774 2069 2179 2530 2688 2926 3031 3298 3463 3673 3840 3996 4247 4265 4496 4634 4845 5136 5355 5473 5654 5760 5803 
60 247 447 574 660 876 1174 1395 1572 1762 1958 2017 2250 2430 2648 2777 3004 3273 3474 3610 3733 3906 4191 4332 4532 4680 4939 5168 5220 5501 5581 5776 5803 
85 149 369 606 780 937 1020 1290 1449 1680 1845 1992 2173 2515 2554 2884 3113 3140 3411 3588 3878 3897 4203 4288 4511 4707 4932 5031 5262 5517 5594 5774 5803 
20 173 402 471 794 1004 1023 1358 1427 1622 1945 2056 2329 2350 2605 2834 3050 3299 3353 3546 3828 3924 4092 4309 4476 4701 4929 5080 5254 5539 5611 5777 5802 
87 239 427 584 685 914 1193 1268 1560 1640 1933 2088 2209 2421 2574 2901 3124 3262 3480 3625 3734 3968 4221 4400 4611 4741 4897 5128 5305 5385 5742 5762 5802 
8 176 440 485 659 891 1114 1240 1571 1643 1861 2145 2200 2398 2613 2784 3101 3250 3422 3587 3849 3958 4245 4371 4608 4668 4854 5084 5223 5477 5728 5766 5803 
23 239 363 629 815 896 1029 1241 1463 1628 1912 2108 2283 2517 2689 2921 3051 3283 3414 3638 3827 3895 4091 4259 4622 4768 4905 5069 5326 5462 5682 5784 5802 
76 260 362 583 829 1003 1107 1370 1568 1677 1828 2019 2347 2364 2660 2809 3038 3203 3446 3514 3802 4024 4194 4342 4556 4662 4869 5068 5266 5402 5738 5778 5803 
66 199 276 571 677 979 1147 1387 1492 1667 1930 2131 2294 2383 2547 2776 2988 3198 3496 3631 3853 4060 4198 4422 4486 4765 4810 5156 5353 5537 5717 5772 5815 
51 135 294 572 755 866 1108 1373 1431 1765 1946 2150 2172 2413 2719 2843 3075 3135 3369 3576 3797 3937 4185 4349 4461 4722 4858 5187 5316 5379 5628 5770 5809 
48 257 370 615 680 1008 1149 1227 1461 1725 1873 2146 2167 2391 2592 2845 3016 3133 3505 3654 3716 3992 4131 4431 4480 4800 4889 5150 5338 5409 5593 5760 5803 
74 120 418 562 655 1012 1145 1402 1547 1644 1876 2011 2306 2504 2620 2863 2968 3312 3319 3668 3723 3946 4099 4439 4591 4703 4944 5171 5324 5399 5691 5764 5802 
36 136 406 480 818 942 1125 1345 1453 1748 1956 2012 2305 2466 2645 2882 3112 3156 3387 3648 3702 3928 4254 4304 4562 4646 4904 5188 5281 5394 5671 5764 5803 
92 245 332 515 820 948 1065 1282 1420 1693 1927 1996 2163 2496 2653 2854 2938 3227 3445 3671 3738 3970 4181 4417 4623 4758 4832 5166 5371 5566 5590 5787 5807 
1 234 296 608 781 925 1068 1398 1415 1652 1893 2079 2341 2370 2626 2806 3110 3184 3399 3509 3712 3893 4182 4382 4607 4776 4887 5028 5224 5378 5573 5785 5805 
64 271 430 477 675 945 1072 1396 1557 1747 1863 2062 2168 2412 2614 2827 3087 3300 3410 3599 3868 4064 4160 4279 4520 4643 4991 5137 5260 5400 5666 5785 5803 
81 227 390 544 721 982 1185 1334 1537 1705 1842 1980 2328 2367 2639 2869 3117 3264 3500 3655 3861 4028 4192 4395 4602 4682 4946 5123 5288 5463 5743 5785 5802 
62 144 330 633 706 869 1087 1340 1446 1660 1814 2073 2195 2495 2543 2757 3017 3280 3435 3523 3812 3891 4217 4275 4567 4695 4936 5018 5259 5382 5586 5760 5803 
67 142 339 589 722 863 1167 1341 1469 1710 1895 2060 2275 2397 2616 2908 3120 3302 3409 3552 3773 3998 4154 4396 4594 4663 4952 5012 5205 5509 5735 5788 5805 
38 124 305 595 674 1010 1103 1237 1496 1621 1825 2155 2270 2457 2662 2930 2964 3267 3332 3613 3883 3948 4114 4327 4570 4636 4985 5081 5280 5451 5713 5767 5802 
57 189 442 488 832 841 1144 1368 1422 1761 1787 2144 2187 2486 2730 2897 2985 3295 3349 3643 3885 3941 4190 4289 4555 4790 4920 5043 5357 5452 5707 5759 5803 
35 241 445 536 822 887 1033 1319 1418 1691 1882 2061 2322 2426 2618 2794 3073 3301 3502 3517 3862 3947 4120 4274 4627 4675 4871 5186 5249 5545 5655 5760 5803 
79 206 458 590 762 920 1032 1403 1575 1732 1931 2036 2343 2362 2580 2770 2969 3179 3367 3651 3746 4046 4186 4413 4468 4657 4983 5049 5374 5563 5709 5760 5807 
37 121 288 611 656 903 1095 1229 1536 1740 1860 2083 2290 2428 2714 2874 2942 3138 3479 3507 3880 3932 4220 4390 4612 4700 4910 5113 5197 5507 5620 5771 5805 
47 158 347 515 696 850 1063 1315 1440 1627 1872 2100 2276 2359 2595 2761 3059 3309 3405 3637 3747 3898 4117 4335 4448 4738 4988 5130 5321 5484 5646 5785 5802 
31 177 343 489 741 975 1142 1369 1489 1599 1888 2133 2252 2429 2729 2872 3072 3274 3452 3630 3780 3929 4113 4438 4462 4741 4875 5122 5226 5568 5690 5789 5818 
71 230 326 500 835 998 1129 1285 1559 1662 1913 2074 2206 2440 2701 2853 3028 3230 3352 3634 3771 4049 4188 4354 4475 4699 4837 5178 5319 5443 5604 5771 5803 
90 217 409 486 716 977 1192 1314 1519 1722 1818 2082 2261 2484 2559 2929 3035 3210 3340 3616 3856 3949 4169 4430 4533 4673 4895 5102 5344 5406 5739 5771 5816 
75 130 429 638 799 899 1156 1327 1444 1626 1844 2153 2298 2533 2647 2741 2934 3197 3458 3591 3702 4017 4119 4429 4550 4730 4986 5097 5307 5544 5624 5785 5813 
37 194 300 487 816 924 1202 1392 1425 1597 1864 1975 2169 2510 2723 2870 2959 3249 3424 3683 3720 4051 4195 4333 4609 4686 4827 5092 5250 5444 5687 5764 5803 
30 209 319 642 808 890 1197 1391 1411 1764 1857 2029 2171 2509 2635 2767 3023 3139 3379 3550 3775 3971 4177 4294 4544 4660 4847 5192 5328 5445 5591 5778 5810 
67 96 454 563 737 1000 1137 1338 1479 1720 1911 2016 2320 2459 2608 2889 3063 3240 3355 3557 3792 3915 4256 4344 4451 4679 4979 5104 5237 5553 5656 5784 5803 
46 181 456 493 718 918 1051 1215 1574 1751 1889 2090 2272 2454 2665 2848 3092 3225 3333 3659 3858 3917 4130 4280 4624 4776 4995 5074 5255 5475 5651 5764 5811 
34 192 422 610 667 855 1037 1253 1510 1635 1867 1967 2227 2476 2544 2781 2949 3154 3354 3583 3886 4032 4103 4295 4518 4692 4816 5118 5310 5464 5618 5760 5802 
80 240 278 605 744 893 1140 1400 1421 1619 1953 2050 2164 2423 2657 2788 3065 3266 3500 3624 3711 3902 4206 4440 4504 4663 4866 5190 5239 5508 5573 5793 5803 
79 196 321 555 804 985 1085 1288 1552 1620 1960 2035 2300 2379 2552 2919 3064 3243 3501 3601 3852 3973 4227 4434 4445 4678 4919 5185 5333 5392 5637 5791 5808 
28 147 401 639 751 927 1039 1274 1587 1741 1812 2067 2265 2446 2566 2917 3045 3232 3385 3508 3815 3929 4139 4389 4566 4775 4834 5047 5229 5510 5668 5790 5805 
8 268 396 636 765 994 1084 1220 1589 1765 1922 2105 2286 2538 2728 2932 3111 3196 3494 3645 3833 3923 4207 4393 4620 4640 4938 5183 5323 5424 5596 5771 5803 
51 191 344 623 833 1001 1067 1404 1458 1596 1900 2135 2269 2380 2732 2933 3011 3188 3504 3534 3763 3991 4233 4362 4465 4665 4982 5140 5206 5565 5726 5784 5804 
84 238 411 534 784 886 1175 1362 1502 1760 1890 2141 2204 2471 2654 2743 2946 3212 3451 3564 3800 3965 4111 4428 4449 4717 4874 5087 5302 5557 5642 5785 5802 
54 213 400 498 761 978 1105 1381 1473 1623 1843 2027 2307 2463 2599 2916 3122 3287 3327 3584 3717 3935 4167 4271 4498 4713 4892 5044 5317 5465 5603 5786 5805 
28 132 281 470 745 847 1070 1247 1526 1739 1914 2137 2325 2502 2670 2836 3030 3178 3392 3545 3789 3955 4211 4299 4500 4709 4853 5050 5359 5549 5756 5786 5802 
61 233 348 475 709 888 1083 1217 1466 1599 1961 2093 2255 2409 2706 2787 3076 3207 3482 3549 3842 3960 4128 4293 4578 4787 4982 4998 5336 5468 5574 5766 5802 
72 228 424 564 694 845 1098 1352 1433 1710 1849 2038 2218 2536 2690 2762 3040 3157 3348 3598 3695 4021 4094 4268 4549 4732 4809 4996 5345 5427 5601 5788 5807 
18 237 357 491 672 884 1022 1256 1462 1668 1830 1971 2244 2534 2702 2828 3002 3141 3368 3553 3845 3904 4096 4376 4616 4690 4891 5149 5268 5433 5752 5788 5808 
54 265 419 573 666 999 1074 1299 1408 1671 1866 1966 2172 2494 2561 2931 3086 3153 3481 3517 3819 3989 4089 4334 4443 4681 4885 5072 5233 5497 5639 5786 5802 
25 183 452 466 826 1002 1194 1385 1456 1695 1952 2112 2280 2403 2734 2927 2951 3221 3406 3578 3731 3921 4175 4313 4457 4666 4900 5017 5217 5518 5698 5761 5803 
62 252 464 588 823 1013 1089 1336 1541 1727 1909 2001 2281 2366 2640 2849 3054 3172 3441 3604 3725 4055 4208 4316 4489 4645 4958 5147 5293 5479 5630 5790 5804 
78 258 407 495 805 949 1106 1270 1494 1689 1957 2147 2177 2444 2705 2913 3102 3213 3393 3541 3770 3894 4231 4274 4454 4639 4960 5019 5231 5455 5740 5764 5803 
89 182 397 505 728 860 1181 1292 1424 1721 1826 2114 2197 2540 2672 2780 3116 3128 3450 3582 3843 3896 4241 4369 4479 4767 4862 5141 5341 5467 5747 5764 5807 
88 205 379 634 837 1007 1036 1286 1477 1713 1905 2055 2339 2433 2627 2873 3070 3253 3356 3570 3749 4015 4104 4379 4596 4792 4822 5143 5300 5527 5647 5792 5810 
62 110 302 499 735 955 1147 1245 1434 1708 1913 2051 2256 2352 2586 2905 3048 3315 3423 3525 3818 3951 4106 4432 4513 4748 4813 5042 5225 5550 5580 5764 5803 
84 175 455 627 648 839 1048 1371 1540 1611 1858 2117 2304 2384 2641 2739 3104 3202 3488 3554 3839 3967 4073 4297 4628 4802 4974 5189 5375 5460 5597 5785 5802 
91 126 432 596 673 906 1200 1383 1533 1613 1841 1988 2268 2483 2711 2880 3033 3234 3439 3670 3768 4053 4083 4343 4617 4696 4945 5009 5314 5504 5632 5760 5812 
84 197 353 617 831 884 1155 1230 1588 1653 1811 1989 2267 2371 2576 2887 2989 3127 3477 3510 3882 4039 4142 4357 4548 4642 4818 5106 5311 5525 5696 5791 5817 
40 100 457 520 732 1014 1027 1269 1525 1730 1856 2041 2170 2488 2644 2793 3060 3251 3443 3635 3881 4030 4138 4392 4474 4788 4831 5002 5244 5555 5649 5760 5803 
72 164 351 616 739 907 1165 1219 1584 1745 1940 2033 2342 2499 2609 2903 2966 3263 3330 3669 3857 4013 4184 4342 4510 4690 4849 5016 5242 5476 5592 5760 5803 
47 221 461 549 700 933 1171 1211 1552 1600 1920 2028 2196 2541 2577 2918 2954 3292 3326 3648 3779 3987 4205 4419 4584 4742 4955 5030 5201 5429 5622 5772 5803 
89 251 412 510 775 926 1064 1216 1493 1630 1778 2126 2174 2372 2602 2862 2961 3136 3395 3510 3706 4029 4177 4331 4571 4705 4969 5119 5360 5490 5588 5760 5802 
90 189 421 559 690 909 1052 1222 1476 1604 1804 2094 2296 2422 2631 2923 3025 3173 3486 3672 3790 4004 4122 4315 4554 4689 4951 5184 5231 5391 5612 5785 5803 
90 107 372 538 760 882 1168 1310 1567 1664 1880 2022 2292 2415 2678 2829 3057 3259 3503 3520 3809 3918 4193 4270 4581 4726 4881 5170 5369 5397 5727 5788 5805 
76 229 301 542 717 872 1052 1321 1556 1608 1773 1985 2230 2368 2709 2786 3105 3170 3344 3530 3821 3986 4140 4421 4630 4782 4860 5003 5236 5547 5629 5777 5803 
89 270 320 477 748 1006 1080 1304 1416 1625 1892 1986 2208 2458 2606 2800 3126 3305 3378 3512 3794 3964 4224 4351 4492 4706 4868 5114 5334 5448 5700 5797 5803 
57 145 386 533 821 865 1156 1223 1527 1649 1855 2156 2160 2490 2736 2775 2950 3200 3388 3579 3783 4042 4163 4387 4494 4670 4817 5066 5287 5562 5641 5784 5802 
86 111 329 643 649 916 1187 1287 1532 1631 1810 2042 2337 2351 2697 2774 3046 3132 3321 3608 3854 4062 4081 4398 4558 4671 4967 5179 5215 5499 5650 5785 5799 
52 138 335 516 813 884 1115 1235 1413 1612 1791 2157 2274 2355 2642 2805 2991 3269 3476 3575 3831 4071 4172 4302 4573 4770 4843 5052 5303 5431 5720 5760 5806 
56 105 306 603 676 931 1134 1271 1467 1759 1795 2115 2222 2372 2568 2839 3109 3145 3324 3621 3858 3933 4084 4318 4542 4661 4863 5057 5278 5505 5607 5791 5798 
24 195 425 511 668 983 1113 1233 1423 1642 1948 2026 2312 2489 2546 2893 3097 3248 3347 3511 3753 3966 4173 4418 4592 4713 4870 4997 5362 5436 5669 5760 5802 
43 259 414 516 661 901 1183 1264 1472 1601 1929 2080 2269 2360 2704 2900 3094 3285 3363 3678 3871 3907 4133 4377 4505 4718 4954 5007 5272 5425 5631 5786 5803 
51 256 358 544 708 881 1190 1246 1406 1616 1881 2039 2190 2452 2712 2826 3008 3276 3345 3693 3887 3981 4179 4340 4491 4754 4926 5005 5279 5386 5683 5766 5802 
87 246 325 525 679 924 1191 1302 1549 1757 1771 2152 2266 2447 2604 2860 3056 3240 3386 3526 3755 4069 4246 4427 4537 4683 4819 5124 5263 5410 5719 5764 5803 
16 249 417 609 789 861 1053 1332 1561 1632 1894 2129 2194 2527 2638 2738 3074 3146 3394 3540 3704 3969 4137 4320 4621 4688 4922 5165 5330 5503 5674 5791 5808 
12 207 318 622 771 895 1057 1255 1591 1641 1781 2006 2175 2479 2584 2750 2944 3272 3391 3537 3875 3951 4145 4361 4490 4761 4953 5109 5306 5457 5606 5784 5803 
74 271 371 508 788 919 1131 1364 1448 1760 1833 1981 2298 2475 2634 2751 2977 3160 3383 3585 3786 4059 4132 4307 4501 4780 4970 5045 5329 5536 5665 5790 5816 
16 203 285 578 743 868 1050 1279 1485 1666 1832 2054 2258 2537 2681 2752 3115 3219 3339 3559 3726 4016 4196 4426 4478 4647 4989 5139 5301 5472 5725 5796 5803 
53 104 360 592 653 969 1173 1350 1518 1658 1949 2092 2231 2464 2594 2891 2936 3142 3472 3620 3699 4069 4201 4324 4535 4744 4826 5111 5200 5506 5636 5768 5803 
2 255 313 576 650 966 1148 1226 1457 1614 1903 2048 2246 2436 2707 2922 2983 3186 3490 3506 3719 3943 4161 4401 4559 4724 4907 5053 5377 5380 5748 5778 5804 
39 223 310 641 790 972 1066 1363 1417 1758 1784 2084 2205 2438 2562 2904 3024 3316 3325 3652 3879 3910 4086 4406 4529 4791 4830 5071 5264 5558 5689 5766 5802 
69 108 368 545 767 965 1120 1335 1499 1669 1783 2140 2237 2401 2615 2865 3108 3244 3432 3627 3761 4035 4215 4385 4452 4652 4923 5138 5364 5454 5577 5788 5802 
51 103 413 547 769 967 1046 1378 1517 1629 1859 2023 2249 2432 2646 2785 3022 3134 3484 3518 3784 3957 4129 4420 4553 4729 4805 5026 5261 5541 5605 5786 5803 
45 165 342 640 830 857 1159 1365 1435 1637 1797 2097 2345 2539 2694 2764 3066 3193 3380 3688 3754 3914 4097 4301 4523 4777 4973 5000 5251 5468 5582 5782 5809 
52 248 384 465 691 976 1061 1300 1581 1607 1917 2070 2186 2373 2637 2801 3026 3239 3335 3539 3701 3988 4075 4260 4599 4709 4864 5034 5337 5495 5599 5785 5805 
84 153 415 607 678 944 1110 1278 1491 1699 1850 2098 2284 2472 2671 2758 3041 3261 3370 3691 3855 4018 4200 4310 4506 4731 4820 5180 5288 5383 5734 5778 5813 
11 157 312 558 828 987 1130 1250 1590 1603 1802 2128 2234 2533 2603 2778 2978 3317 3329 3568 3866 4020 4150 4263 4540 4691 4806 5173 5210 5426 5585 5760 5803 
13 171 297 492 716 842 1177 1318 1546 1645 1959 2122 2198 2497 2692 2892 3118 3265 3427 3692 3718 4065 4072 4424 4526 4766 4937 5169 5212 5472 5730 5760 5803 
72 127 334 540 799 902 1182 1263 1580 1762 1776 2119 2287 2531 2545 2924 2997 3291 3456 3596 3741 4052 4211 4339 4463 4776 4921 5041 5297 5480 5737 5788 5816 
8 168 380 568 810 928 1018 1359 1578 1617 1790 2107 2238 2443 2652 2868 2981 3141 3322 3676 3722 3917 4246 4290 4557 4718 4862 5021 5307 5569 5708 5784 5803 
83 269 450 631 727 885 1060 1374 1464 1672 1815 2008 2301 2445 2724 2915 2974 3190 3497 3598 3870 3999 4158 4423 4597 4650 4980 5107 5292 5401 5679 5794 5820 
12 270 410 540 764 990 1028 1239 1439 1750 1916 2113 2282 2485 2549 2768 3019 3224 3491 3559 3781 4070 4183 4298 4519 4687 4981 5054 5209 5526 5757 5786 5803 
48 159 420 601 705 878 1143 1248 1452 1712 1779 2103 2245 2417 2727 2798 2975 3129 3334 3544 3721 3899 4154 4404 4601 4757 4991 5083 5296 5471 5722 5787 5813 
92 99 438 587 774 1009 1179 1380 1524 1594 1837 1974 2319 2361 2735 2755 3049 3165 3499 3571 3805 4033 4085 4271 4586 4638 4861 5110 5245 5491 5729 5786 5803 
55 148 280 504 817 922 1118 1280 1512 1686 1950 2045 2166 2493 2590 2754 2992 3159 3346 3657 3808 4045 4235 4373 4512 4769 4876 5152 5219 5396 5657 5778 5802 
55 226 273 501 651 991 1045 1267 1407 1651 1904 2014 2223 2511 2551 2792 3044 3164 3342 3573 3696 4009 4253 4298 4521 4781 4850 5164 5343 5450 5610 5767 5805 
93 167 324 484 756 921 1208 1325 1405 1724 1942 2065 2210 2507 2553 2748 2967 3268 3448 3681 3806 4001 4228 4337 4497 4698 4829 5014 5325 5436 5643 5778 5805 
48 137 282 645 792 989 1172 1344 1428 1695 1937 2104 2233 2520 2687 2772 3006 3151 3431 3586 3829 4025 4204 4414 4626 4736 4867 5103 5336 5483 5645 5760 5803 
67 166 322 557 796 993 1117 1209 1582 1748 1921 1983 2263 2411 2557 2867 3005 3275 3376 3531 3837 3953 4258 4347 4543 4723 4856 5172 5222 5389 5676 5786 5803 
0 122 398 468 782 963 1205 1328 1506 1746 1807 1994 2201 2498 2596 2783 3061 3318 3492 3597 3724 4023 4136 4425 4547 4762 4965 5132 5327 5435 5637 5771 5807 
41 113 364 549 800 910 1121 1254 1539 1718 1868 2099 2232 2353 2589 2859 2956 3155 3401 3680 3764 4043 4147 4339 4458 4795 4815 5182 5332 5511 5694 5760 5815 
12 125 387 614 769 912 1186 1343 1485 1623 1906 1984 2207 2396 2585 2877 2971 3163 3323 3606 3776 3938 4239 4381 4483 4702 4976 5033 5203 5404 5572 5766 5803 
7 184 433 602 669 898 1071 1316 1490 1752 1821 1972 2219 2442 2565 2818 3009 3255 3426 3619 3811 4022 4098 4370 4595 4701 4934 5090 5365 5514 5638 5780 5803 
84 216 317 575 739 880 1128 1313 1507 1606 1840 2004 2254 2374 2649 2851 3044 3162 3498 3646 3804 3920 4236 4282 4593 4801 4987 5174 5366 5453 5608 5777 5803 
50 253 341 541 807 996 1041 1284 1538 1671 1923 1991 2216 2478 2632 2912 3078 3297 3419 3666 3751 3909 4209 4352 4447 4804 4846 5112 5271 5532 5658 5784 5803 
17 146 393 509 713 935 1081 1224 1535 1618 1955 2154 2331 2414 2667 2881 2953 3147 3412 3639 3835 4007 4180 4374 4467 4728 4904 5082 5339 5567 5598 5778 5805 
58 162 383 579 699 966 1184 1279 1531 1731 1824 1993 2176 2500 2698 2899 2996 3158 3437 3649 3844 3934 4156 4366 4598 4778 4890 5126 5312 5390 5667 5785 5802 
14 123 308 479 720 851 1132 1323 1432 1688 1943 2158 2299 2399 2650 2746 2955 3293 3465 3572 3873 3890 4197 4291 4460 4715 4827 5029 5256 5543 5648 5788 5803 
30 154 436 535 827 980 1170 1309 1563 1655 1886 2077 2226 2390 2710 2832 2945 3194 3467 3684 3710 3976 4089 4383 4551 4721 4898 5058 5348 5413 5652 5786 5803 
15 128 385 478 652 960 1062 1249 1429 1728 1798 2000 2262 2516 2656 2763 3055 3180 3398 3589 3752 3916 4232 4264 4564 4785 4942 5023 5354 5418 5627 5785 5803 
68 271 379 600 700 844 1086 1289 1445 1654 1896 2072 2295 2416 2715 2866 3036 3310 3351 3573 3807 3997 4187 4415 4470 4677 4896 5135 5335 5414 5703 5788 5815 
12 98 303 539 711 918 1154 1386 1577 1706 1838 2044 2297 2389 2722 2864 3042 3246 3365 3630 3709 4002 4153 4329 4522 4793 4886 5036 5313 5469 5664 5773 5819 
15 152 375 598 757 858 1043 1399 1592 1675 1908 2101 2309 2408 2558 2744 3032 3231 3364 3555 3872 4041 4149 4308 4446 4712 4954 5160 5216 5546 5724 5785 5804 
17 187 382 551 834 873 1021 1252 1501 1665 1793 2109 2262 2513 2720 2902 3000 3282 3374 3600 3732 3908 4214 4380 4488 4672 4811 5040 5285 5419 5754 5788 5815 
77 263 431 503 798 994 1116 1390 1487 1717 1901 2007 2277 2508 2691 2885 3027 3191 3468 3675 3791 3901 4124 4367 4509 4764 4844 5151 5202 5416 5749 5767 5803 
13 108 322 467 787 1005 1204 1372 1515 1646 1816 2132 2180 2450 2696 2791 3096 3185 3320 3682 3727 3907 4107 4319 4481 4676 4984 5070 5227 5532 5626 5760 5802 
83 185 463 541 710 852 1161 1229 1459 1696 1806 1977 2198 2357 2718 2804 2986 3228 3449 3660 3820 3962 4248 4412 4632 4694 4828 5022 5291 5540 5678 5780 5799 
94 242 399 485 658 902 1047 1377 1454 1721 1792 2043 2221 2532 2663 2803 3013 3183 3331 3592 3859 4014 4087 4312 4619 4654 4884 5115 5375 5513 5625 5784 5803 
85 235 350 565 704 838 1040 1401 1475 1648 1782 1995 2317 2501 2555 2824 3001 3299 3493 3677 3767 3942 4213 4314 4485 4714 4840 5077 5336 5515 5736 5771 5807 
68 112 345 570 681 854 1109 1397 1451 1715 1962 1998 2340 2378 2601 2876 2970 3277 3429 3605 3698 4031 4135 4435 4615 4637 4821 5060 5322 5441 5584 5791 5803 
4 180 394 556 671 875 1030 1213 1426 1742 1852 2076 2184 2434 2583 2914 2939 3311 3358 3650 3823 4031 4148 4330 4604 4745 4909 5065 5199 5405 5745 5776 5803 
73 215 340 552 776 883 1082 1281 1551 1723 1853 2142 2308 2387 2593 2815 3029 3208 3434 3661 3778 3919 4166 4438 4524 4709 4851 5098 5211 5521 5583 5760 5808 
48 193 274 517 692 853 1124 1317 1473 1650 1813 2136 2313 2363 2703 2911 2940 3168 3421 3687 3869 4011 4074 4411 4579 4722 4873 5191 5213 5516 5662 5797 5803 
85 268 309 625 797 862 1093 1394 1566 1598 1938 2046 2326 2535 2600 2861 3123 3187 3321 3689 3745 4048 4141 4355 4514 4720 4848 5117 5238 5437 5741 5786 5808 
42 117 354 527 758 867 1151 1357 1498 1639 1786 2102 2181 2367 2554 2747 2987 3217 3338 3569 3850 3922 4144 4328 4524 4796 4901 5075 5275 5487 5602 5784 5803 
8 169 462 496 747 882 1141 1218 1585 1734 1871 2134 2235 2420 2682 2875 2999 3236 3436 3556 3766 3925 4230 4323 4444 4734 4957 5155 5232 5512 5600 5784 5803 
71 250 460 604 785 915 1099 1360 1530 1735 1846 2015 2212 2395 2679 2910 3023 3226 3375 3548 3729 4012 4223 4281 4580 4763 4930 5108 5361 5535 5670 5789 5810 
46 231 326 614 772 997 1158 1311 1534 1684 1934 2003 2251 2492 2643 2822 3095 3148 3460 3560 3715 3977 4159 4305 4495 4719 4814 5039 5194 5434 5621 5778 5803 
69 225 272 586 742 930 1207 1258 1503 1605 1803 2034 2311 2455 2598 2740 3003 3256 3396 3543 3740 3919 4242 4416 4583 4676 4962 5064 5277 5561 5619 5771 5805 
40 140 459 490 684 897 1188 1231 1555 1709 1887 2087 2279 2448 2610 2823 3067 3245 3453 3612 3788 4043 4134 4261 4618 4779 4931 5162 5258 5522 5746 5785 5803 
66 150 275 597 695 856 1026 1303 1587 1681 1829 1997 2321 2405 2658 2799 3084 3281 3397 3653 3824 4027 4162 4269 4629 4751 4825 5105 5193 5494 5706 5783 5800 
48 243 311 482 750 920 1112 1228 1511 1700 1819 2106 2214 2518 2737 2850 3093 3166 3425 3609 3735 4019 4238 4336 4588 4784 4902 5163 5368 5486 5701 5784 5803 
30 212 392 612 662 946 1038 1322 1522 1743 1831 2081 2303 2392 2597 2782 2994 3247 3426 3618 3793 4058 4189 4363 4587 4697 4990 5157 5241 5488 5595 5785 5807 
82 233 405 581 753 962 1096 1384 1419 1594 1862 1969 2288 2407 2625 2842 3047 3279 3438 3529 3830 3959 4121 4342 4577 4735 4833 4999 5315 5459 5711 5778 5802 
40 143 333 583 663 974 1189 1212 1455 1676 1851 2095 2239 2473 2611 2814 3034 3238 3447 3522 3876 4063 4178 4313 4472 4708 4823 5116 5234 5417 5579 5778 5811 
81 252 277 537 795 892 1146 1294 1576 1634 1879 2063 2346 2419 2655 2816 3012 3260 3454 3547 3884 3936 4110 4287 4625 4659 4940 5015 5265 5428 5591 5764 5802 
82 147 441 637 765 859 1044 1265 1441 1595 1875 2075 2344 2406 2629 2833 3077 3271 3337 3623 3838 4064 4102 4326 4525 4684 4961 5089 5276 5489 5600 5792 5807 
39 174 377 630 736 843 1104 1301 1516 1673 1794 2151 2335 2382 2587 2753 3081 3131 3404 3581 3728 3974 4193 4285 4575 4756 4947 5001 5230 5556 5692 5784 5802 
83 97 331 537 814 953 1162 1297 1573 1660 1796 1982 2213 2506 2677 2837 2935 3308 3321 3519 3836 3993 4078 4348 4563 4803 4924 5134 5195 5408 5702 5786 5802 
44 119 356 635 689 971 1154 1354 1465 1628 1835 2124 2278 2482 2674 2925 3089 3209 3457 3603 3851 4068 4126 4394 4605 4684 4857 5011 5331 5412 5661 5778 5803 
72 220 446 626 752 891 1024 1349 1514 1755 1926 2148 2225 2410 2675 2808 3071 3233 3384 3658 3737 3985 4088 4353 4600 4711 4950 5120 5304 5407 5623 5760 5803 
5 118 327 526 824 992 1088 1221 1437 1694 1883 2130 2188 2418 2716 2878 2960 3278 3464 3626 3760 3961 4108 4296 4453 4725 4878 5145 5247 5554 5712 5764 5803 
3 188 437 502 726 988 1035 1312 1480 1685 1902 1978 2253 2424 2695 2760 3018 3306 3371 3536 3814 3900 4244 4388 4552 4739 4914 5086 5342 5415 5616 5784 5803 
73 115 361 566 731 951 1058 1261 1504 1656 1944 2030 2310 2505 2607 2819 3069 3286 3343 3515 3834 3913 4090 4283 4499 4649 4893 5067 5243 5430 5710 5771 5802 
1 107 408 554 749 968 1206 1337 1519 1602 1918 1973 2243 2469 2560 2797 3121 3204 3440 3614 3700 4057 4157 4397 4502 4752 4911 5038 5351 5381 5684 5760 5802 
2 202 453 587 779 934 1198 1361 1509 1703 1850 2024 2257 2453 2684 2811 3020 3290 3462 3679 3825 3912 4077 4441 4507 4751 4968 5056 5246 5523 5715 5779 5805 
6 211 355 594 701 879 1123 1260 1409 1638 1868 2021 2159 2514 2636 2789 2980 3137 3373 3561 3713 3911 4105 4272 4477 4717 4918 5013 5282 5492 5705 5771 5803 
71 236 293 522 654 939 1135 1353 1523 1624 1919 2127 2178 2462 2588 2821 2941 3211 3362 3647 3822 3956 4082 4284 4568 4798 4855 5181 5309 5442 5609 5794 5810 
83 202 284 560 724 995 1152 1333 1436 1701 1770 1963 2315 2386 2569 2907 3125 3252 3389 3551 3777 4036 4118 4267 4561 4774 4899 5055 5318 5447 5571 5776 5807 
0 224 349 481 707 940 1050 1347 1500 1661 1777 1999 2193 2519 2664 2896 3088 3171 3387 3656 3756 3995 4187 4364 4493 4707 4842 5091 5274 5538 5750 5764 5803 
68 264 307 613 733 889 1122 1238 1593 1657 1939 2059 2202 2354 2725 2879 2937 3182 3495 3569 3841 4047 4100 4338 4569 4641 4959 5127 5370 5533 5755 5786 5805 
68 121 439 472 646 970 1100 1339 1470 1633 1877 2018 2241 2358 2624 2810 3103 3130 3487 3593 3826 3930 4093 4433 4576 4664 4966 5073 5204 5531 5644 5796 5803 
69 201 391 506 698 870 1176 1251 1495 1620 1936 2071 2324 2404 2717 2895 2957 3215 3420 3594 3803 3990 4251 4266 4561 4727 4872 5131 5208 5560 5732 5778 5803 
70 104 286 546 793 911 1017 1308 1471 1670 1885 2010 2240 2512 2545 2812 3112 3167 3319 3694 3796 3944 4225 4292 4484 4753 4913 5175 5298 5501 5660 5786 5807 
66 218 304 624 665 984 1157 1257 1505 1737 1827 1979 2220 2521 2628 2846 3080 3242 3478 3528 3762 4010 4151 4352 4613 4655 4941 5048 5203 5502 5716 5784 5803 
72 151 404 497 783 904 1153 1379 1554 1649 1941 2116 2285 2470 2621 2847 3021 3241 3416 3632 3810 3965 4125 4345 4450 4656 4956 5129 5270 5438 5672 5778 5803 
72 261 314 543 682 917 1076 1296 1528 1647 1839 2025 2333 2526 2721 2883 3099 3313 3381 3685 3889 4005 4164 4405 4487 4693 4807 5121 5207 5498 5578 5786 5803 
85 101 381 483 686 904 1164 1244 1579 1768 1822 2058 2236 2435 2700 2766 3119 3177 3382 3636 3708 4061 4170 4360 4574 4635 4992 5088 5196 5411 5751 5788 5803 
67 208 279 644 687 989 1094 1351 1443 1744 1954 1968 2191 2461 2578 2796 2958 3161 3402 3686 3865 4034 4218 4322 4582 4677 4882 5063 5313 5524 5663 5784 5802 
70 133 374 530 683 932 1138 1295 1513 1674 1878 2049 2259 2381 2666 2795 3062 3296 3459 3521 3798 3982 4127 4341 4530 4710 4841 5125 5252 5470 5681 5785 5808 
59 229 359 639 714 905 1133 1277 1483 1766 1817 2110 2348 2437 2582 2852 2995 3199 3407 3664 3742 4038 4171 4262 4589 4737 4836 5024 5235 5485 5758 5775 5805 
8 170 366 585 723 956 1196 1375 1460 1767 1772 2121 2318 2402 2676 2773 3107 3235 3448 3567 3813 4043 4243 4372 4619 4651 4975 5146 5317 5520 5714 5788 5803 
29 198 290 599 730 848 1056 1225 1562 1690 1891 2037 2332 2532 2633 2790 2998 3214 3444 3641 3817 3905 4095 4375 4459 4799 4824 5148 5347 5493 5697 5796 5802 
29 134 291 507 702 943 1055 1330 1558 1687 1847 2085 2162 2468 2726 2813 2948 3270 3404 3611 3787 4067 4165 4432 4585 4751 4852 5085 5216 5440 5593 5762 5801 
67 186 443 619 770 908 1078 1342 1563 1702 1809 2009 2338 2460 2563 2898 2944 3192 3336 3533 3743 4054 4143 4321 4546 4772 4994 5154 5290 5458 5680 5790 5805 
8 232 378 548 812 1015 1160 1331 1450 1615 1907 2002 2217 2525 2685 2838 2962 3216 3377 3667 3757 3931 4222 4403 4503 4731 4912 5167 5376 5423 5744 5760 5803 
69 163 289 524 688 923 1201 1326 1414 1749 1935 2020 2247 2480 2713 2888 2973 3220 3485 3607 3765 3945 4234 4436 4452 4746 4859 5079 5308 5446 5634 5769 5803 
29 141 338 569 806 954 1139 1305 1486 1610 1869 2139 2189 2491 2570 2902 3037 3284 3360 3538 3707 4066 4080 4306 4531 4723 4908 5078 5248 5384 5733 5785 5812 
59 114 451 591 819 871 1041 1276 1497 1633 1834 2057 2224 2393 2733 2820 3043 3294 3328 3535 3867 3926 4249 4386 4560 4655 4928 5008 5253 5542 5589 5771 5803 
