0.01 10 0.0036804 0.0097592 0.0079047 1.4837419 1.5050862 0.8262735 0.523911
0.05 10 0.0168986 0.0436874 0.034143 1.4528486 1.5475776 0.831553 0.5392402
0.1 10 0.0320255 0.0834327 0.0651051 1.0212157 1.201779 0.832064 0.5407537
0.2 10 0.0656917 0.174381 0.1319775 0.9306143 1.3026645 0.8308393 0.5372782
0.3 10 0.0944336 0.2780619 0.1918722 0.7912122 1.3555799 0.8303923 0.5357612
0.4 10 0.1371783 0.3661466 0.2627581 0.6808017 1.4468847 0.828271 0.5297736
0.5 10 0.1604274 0.475755 0.3191806 0.5791625 1.5345255 0.8261381 0.5230925
0.6 10 0.1938019 0.5799752 0.3894773 0.4579298 1.6211842 0.8246409 0.5188942
0.7 10 0.2263596 0.7398644 0.4855186 0.3798429 1.8315855 0.8242245 0.5181646
0.8 10 0.2616839 0.8134657 0.5213963 0.2332834 1.8298293 0.8237904 0.5163456
0.9 10 0.2830316 0.8859092 0.567834 0.1134901 1.8502649 0.8232259 0.5145516
0.99 10 0.3152649 0.9940142 0.6251562 0.0111059 1.9455412 0.8221538 0.5090283
