0.01 100 4.969e-05 9.172e-05 0.01025014 0.00576711 0.01615866 0.55680184
0.05 100 0.00035439 0.0008019 0.03114821 0.00696966 0.03927416 0.68312201
0.1 100 0.00074343 0.00250212 0.06412557 0.00741453 0.07478565 0.75122905
0.2 100 0.00157288 0.00896891 0.13781657 0.0073172 0.15567556 0.86584907
0.3 100 0.00248353 0.01835307 0.22128276 0.00681288 0.24893224 0.92352524
0.4 100 0.00352013 0.02947225 0.31262786 0.00617457 0.35179481 0.94991592
0.5 100 0.00457971 0.04341633 0.41237491 0.00538417 0.46575512 0.96141418
0.6 100 0.00572664 0.05900828 0.51583927 0.00441333 0.58498752 0.97848108
0.7 100 0.0072487 0.07736658 0.62255331 0.00347345 0.71064204 0.98338994
0.8 100 0.00899226 0.09581334 0.73268648 0.00237758 0.83986966 0.98769232
0.9 100 0.01042922 0.12007758 0.86107424 0.00127134 0.99285238 0.99105257
0.99 100 0.01364518 0.17956152 1.13303631 0.00018617 1.32642918 0.99
