0.01 10 6.16e-05 0.0003595 0.0006168 0.0226673 0.0237052 0.8374818 0.6735359
0.05 10 0.0002984 0.0010248 0.0012903 0.0238383 0.0264518 0.9303169 0.8459944
0.1 10 0.0005493 0.0016062 0.0013989 0.0218114 0.0253658 0.9378981 0.8619196
0.2 10 0.0010044 0.0028712 0.0022689 0.0205731 0.0267176 0.944982 0.8775703
0.3 10 0.0014645 0.0046896 0.0031932 0.0176679 0.0270152 0.9522541 0.8938689
0.4 10 0.0020219 0.0051403 0.0040987 0.0144506 0.0257115 0.9557415 0.9020848
0.5 10 0.0023744 0.0063982 0.0052543 0.0134777 0.0275046 0.9577586 0.9069501
0.6 10 0.0030854 0.0075683 0.0056811 0.0124874 0.0288222 0.9566308 0.9045337
0.7 10 0.0031964 0.0105625 0.0063188 0.0078111 0.0278888 0.9593301 0.9110047
0.8 10 0.0038532 0.0094805 0.0071622 0.0051737 0.0256696 0.9597123 0.9123244
0.9 10 0.0046707 0.0110676 0.0079709 0.0025038 0.026213 0.963768 0.9222227
0.99 10 0.0047458 0.0110704 0.00877 0.000346 0.0249322 0.9833333 0.9632456
