0.01 10 4.66e-05 0.0002698 0.0005797 0.008588 0.0094841 0.5751879 nan
0.05 10 0.000202 0.0010241 0.0010207 0.0109662 0.013213 0.6835295 0.364512
0.1 10 0.0004065 0.0012562 0.0010738 0.0084453 0.0111818 0.7933884 0.5908886
0.2 10 0.0007525 0.0037006 0.0017283 0.0076963 0.0138777 0.8190699 0.6446044
0.3 10 0.0010814 0.0067723 0.0024876 0.0067044 0.0170457 0.8186171 0.6443898
0.4 10 0.0015474 0.0099468 0.0030251 0.0058756 0.0203949 0.8260869 0.6567618
0.5 10 0.0018107 0.0122747 0.0034208 0.0046742 0.0221804 0.8320896 0.6703002
0.6 10 0.0021761 0.0151077 0.0040551 0.0038258 0.0251647 0.8299064 0.6674902
0.7 10 0.0025565 0.0198849 0.0053992 0.0030916 0.0309322 0.8375 0.6770838
0.8 10 0.0031935 0.0230584 0.0063106 0.0022896 0.0348521 0.8396228 0.6827606
0.9 10 0.003329 0.025208 0.0068006 0.0012505 0.0365881 0.8538461 0.7081705
0.99 10 0.0040342 0.0277848 0.0075927 0.0002377 0.0396494 0.85 nan
