0.01 10 0.0015358 0.0051867 0.0347185 0.3207348 0.3621758 0.9563666 0.9126362
0.05 10 0.0064593 0.0197563 0.1346477 0.3129837 0.473847 0.9790463 0.9580514
0.1 10 0.0131685 0.0447882 0.2746989 0.3447044 0.67736 0.9904252 0.9808277
0.2 10 0.0275531 0.0802167 0.5376254 0.3405059 0.9859011 0.9977224 0.9954416
0.3 10 0.0424221 0.1380213 0.8573629 0.364325 1.4021313 0.9984172 0.9968314
0.4 10 0.0556779 0.1831088 1.1454603 0.3398918 1.7241388 0.9988098 0.9976178
0.5 10 0.0726568 0.2336664 1.4689203 0.2940999 2.0693434 0.9991876 0.9983732
0.6 10 0.0764923 0.2697032 1.6451449 0.244487 2.2358274 0.9995075 0.9990143
0.7 10 0.0905053 0.306863 1.9472284 0.2033039 2.5479006 0.9993842 0.998768
0.8 10 0.114032 0.3926099 2.3073795 0.1532111 2.9672325 0.9994457 0.9988925
0.9 10 0.1218584 0.4175017 2.5185891 0.0807796 3.1387288 0.9997534 0.9995065
0.99 10 0.1373412 0.4526225 2.7153325 0.0081522 3.3134484 1.0 1.0
