0.01 10 0.0035955 0.0342232 0.0164072 0.5894921 0.643718 0.7688019 0.5311783
0.05 10 0.0206047 0.1092547 0.0828208 0.6101996 0.8228798 0.8759641 0.7487066
0.1 10 0.0372385 0.188719 0.1633159 0.6027456 0.992019 0.9058602 0.8094659
0.2 10 0.0751238 0.348651 0.3273986 0.5847856 1.335959 0.9235215 0.8452586
0.3 10 0.1107778 0.4967537 0.4959606 0.555027 1.6585191 0.9345611 0.8674941
0.4 10 0.1502879 0.6670041 0.6585441 0.5069422 1.9827783 0.9420235 0.8825879
0.5 10 0.188596 0.8264949 0.8189799 0.4563758 2.2904466 0.9469417 0.8924975
0.6 10 0.2250536 0.9755153 0.991319 0.3852488 2.5771367 0.9519793 0.9027319
0.7 10 0.2651237 1.1346926 1.1537079 0.3074758 2.861 0.9551268 0.90904
0.8 10 0.3014939 1.2854272 1.3111624 0.2098793 3.1079628 0.9580093 0.9148908
0.9 10 0.3464285 1.4703732 1.4817526 0.1114179 3.4099722 0.9600544 0.9190528
0.99 10 0.3780944 1.6037921 1.6464246 0.0118447 3.6401558 0.9645454 0.9287037
