0.01 10 0.0091176 0.0882626 0.0142609 9.8013242 9.9129653 0.9373936 0.806580789466
0.05 10 0.0493716 0.1923379 0.0740305 17.7647384 18.0804784 0.9675914 0.902221791601
0.1 10 0.0913161 0.2958989 0.1413102 25.829364 26.3578892 0.972952 0.918444231823
0.2 10 0.2186122 0.6532781 0.3385086 63.6629703 64.8733692 0.9773684 0.931790202495
0.3 10 0.2859242 0.8326444 0.4390061 63.9672283 65.524803 0.9793557 0.937806503861
0.4 10 0.3814714 1.1204366 0.5907625 70.4166393 72.5093098 0.9809621 0.942680393736
0.5 10 0.5034504 1.5402043 0.7906628 74.8524929 77.6868104 0.9821574  0.946337723318
0.6 10 0.6383205 1.9297661 0.9825218 73.1056511 76.6562595 0.9831763 0.9494307
0.7 10 0.7156796 2.1751091 1.0862917 56.6042702 60.5813506 0.9839096 0.951659
0.8 10 0.8229565 2.3731284 1.1976156 38.3509442 42.7446447 0.9845419 0.9535596
0.9 10 0.9616333 2.8234369 1.3829944 22.3449992 27.5130638 0.9850806 0.9551452
0.99 10 0.9863052 2.9938481 1.4648997 2.3909174 7.8359704 0.9846936 0.9535028
