0.01 10 0.0020905 0.0365625 0.0051976 0.2969549 0.3408055 0.7649267 0.5703787
0.05 10 0.0106362 0.1181163 0.0204592 0.2846661 0.4338778 0.8735655 0.7608809
0.1 10 0.0208263 0.2220033 0.0399914 0.2685505 0.5513715 0.9108542 0.8225169
0.2 10 0.0413361 0.4290114 0.0809715 0.2515322 0.8028512 0.9231588 0.8464046
0.3 10 0.0685134 0.7173935 0.1416436 0.2740629 1.2016134 0.9306619 0.8613193
0.4 10 0.0875688 0.9438354 0.175861 0.2123664 1.4196316 0.9347164 0.8693968
0.5 10 0.103183 1.0845776 0.2128148 0.1766812 1.5772566 0.9377678 0.875527
0.6 10 0.1231063 1.2906672 0.2456712 0.1460406 1.8054853 0.9397948 0.8795831
0.7 10 0.1467296 1.5811382 0.2941354 0.1100347 2.1320379 0.9412198 0.8823527
0.8 10 0.1851738 1.8452394 0.3514156 0.0909404 2.4727692 0.9429022 0.8856861
0.9 10 0.1873581 1.9844952 0.3749942 0.0348438 2.5816913 0.9430381 0.8856817
0.99 10 0.2093725 2.1944987 0.4119102 0.0041503 2.8199317 0.9548388 0.9142511
