0.01 10 7.95e-05 0.0010162 0.0011408 0.1120073 0.1142438 0.8740956 0.7222344 1.0 0.0725321592112 0.0
0.05 10 0.0003226 0.004137 0.0029695 0.1037282 0.1111573 0.943288 0.8739107 0.9828574 0.0053199874248 0.0139968742882
0.1 10 0.0006045 0.0048853 0.0033321 0.0815013 0.0903232 0.941879 0.8709063 0.967143 0.00867076722096 0.0239471271346
0.2 10 0.0014194 0.0092714 0.0037554 0.0713155 0.0857617 0.9503583 0.8895578 0.97 0.00555551936456 0.0152528618954
0.3 10 0.0016407 0.0159672 0.0084776 0.0758799 0.1019654 0.9545083 0.8988064 0.9690476 0.00548324363949 0.0146383384453
0.4 10 0.0020126 0.0204951 0.0111453 0.0660342 0.0996872 0.9590908 0.9094457 0.9707144 0.00782194149556 0.0098197250491
0.5 10 0.0022805 0.0157469 0.0220244 0.0505343 0.0905861 0.9614942 0.9149981 0.9688572 0.0104558710092 0.00942853939696
0.6 10 0.0039924 0.0134091 0.0091051 0.0336812 0.0601878 0.9620071 0.9163808 0.9684964 0.0118006247076 0.00706374636011
0.7 10 0.0060847 0.0232104 0.0090864 0.0293091 0.0676906 0.9650718 0.9234702 0.969734 0.0142018210931 0.005317
0.8 10 0.0056224 0.0210678 0.0155632 0.0150008 0.0572542 0.9676259 0.9291995 0.9701253 0.0148312717557 0.00499918465452
0.9 10 0.0044461 0.0253896 0.0122389 0.0074323 0.0495069 0.9710143 0.9364668 0.9712241 0.0194440272426 0.00351580017777
0.99 10 0.0098167 0.0272678 0.0189319 0.0005875 0.0566039 1.0 nan 0.9712425 0.0 0.00176384728647
