0.01 10 4.8e-05 0.0004345 0.0012895 0.0448872 0.0466592 0.5751879 nan 1.0 0.0712106326955 0.0
0.05 10 0.0006733 0.0027022 0.0015379 0.0649709 0.0698843 0.6835295 0.364512 0.9928571 0.0635984318254 0.0214287
0.1 10 0.0003625 0.0059517 0.0025917 0.0615507 0.0704566 0.7933884 0.5908886 0.925926 0.025203140936 0.0496903498096
0.2 10 0.0011004 0.0060727 0.00375 0.0459164 0.0568395 0.8190699 0.6446044 0.875926 0.028249784907 0.0620024801488
0.3 10 0.0012474 0.0179767 0.0085598 0.0488242 0.0766081 0.8186171 0.6443898 0.8592592 0.0264304620332 0.0438923736013
0.4 10 0.0027337 0.0199449 0.0061894 0.039952 0.06882 0.8260869 0.6567618 0.8601851 0.0234054517002 0.0260084858746
0.5 10 0.0023471 0.0560087 0.0069549 0.0222598 0.0875705 0.8320896 0.6703002 0.8511111 0.0317054196919 0.0251086688434
0.6 10 0.0023129 0.0442908 0.0081174 0.0306685 0.0853896 0.8299064 0.6674902 0.8444444 0.0339033681519 0.032405903975
0.7 10 0.0042778 0.0558241 0.0104619 0.0197529 0.0903167 0.8375 0.6770838 0.8449737 0.0349106001094 0.022578377732
0.8 10 0.003903 0.0571167 0.0111629 0.0079881 0.0801707 0.8396228 0.6827606 0.8458334 0.0479185407057 0.0188681943662
0.9 10 0.0038297 0.0864038 0.0152284 0.004607 0.1100689 0.8538461 0.7081705 0.8452673 0.0839131962035 0.0178620566904
0.99 10 0.0047674 0.0553971 0.0217138 0.000854 0.0827323 0.85 nan 0.8438203 0.229128784748 0.015982477862
