0.01 10 0.0015896 0.011206 0.0698119 0.7789887 0.8615962 0.9563666 0.9126362 1.0 0.00871681549879 0.0
0.05 10 0.0134096 0.0470129 0.2852034 0.8957623 1.2413882 0.9790463 0.9580514 0.9928571 0.00728025652089 0.0107052179188
0.1 10 0.0235274 0.0777277 0.4063182 0.8236318 1.3312051 0.9904252 0.9808277 0.9991379 0.00535196090793 0.00174603370242
0.2 10 0.053056 0.1220312 0.6846959 0.6675194 1.5273025 0.9977224 0.9954416 0.9998155 0.00183742021323 0.00028182840524
0.3 10 0.0728665 0.2006996 1.2483587 0.7143552 2.23628 0.9984172 0.9968314 0.9998359 0.0012082136235 0.00027220450033
0.4 10 0.0955309 0.214464 1.3486054 0.5733733 2.2319736 0.9988098 0.9976178 0.9996 0.00108115057231 0.000913291738712
0.5 10 0.1295766 0.2636993 1.6559697 0.5603953 2.6096409 0.9991876 0.9983732 0.9997292 0.00073081532551 0.000485583319318
0.6 10 0.1386129 0.3492471 2.1578057 0.464132 3.1097977 0.9995075 0.9990143 0.9999179 0.000554000045126 0.000188169312057
0.7 10 0.141162 0.3598149 2.3395214 0.3721673 3.2126656 0.9993842 0.998768 0.9998944 0.000717007642916 0.000179485486878
0.8 10 0.1773018 0.4579455 2.6543455 0.2737791 3.5633719 0.9994457 0.9988925 0.9999384 0.000971771789053 0.000141143331405
0.9 10 0.1619527 0.5032157 3.0931716 0.1499034 3.9082434 0.9997534 0.9995065 1.0 0.0004932 0.0
0.99 10 0.1921959 0.5796403 3.2749899 0.0175298 4.0643559 1.0 1.0 1.0 0.0 0.0
