0.01 10 0.002292 0.0489604 0.011484 0.4794914 0.5422278 0.7649267 0.5703787 0.96875 0.00924531379727 0.03125
0.05 10 0.0164326 0.1442021 0.0339574 0.3866838 0.5812759 0.8735655 0.7608809 0.946541 0.00923210041377 0.0102383952844
0.1 10 0.0399688 0.2953834 0.0647128 0.4563246 0.8563896 0.9108542 0.8225169 0.9512579 0.008738401831 0.0101654342204
0.2 10 0.0801448 0.4792201 0.1317358 0.4124831 1.1035838 0.9231588 0.8464046 0.947244 0.00590386051326 0.00661600594014
0.3 10 0.1026602 0.7538209 0.1901279 0.3221298 1.3687388 0.9306619 0.8613193 0.9470093 0.00541049896867 0.00438330108594
0.4 10 0.1112513 1.0026208 0.2053367 0.2753864 1.5945952 0.9347164 0.8693968 0.9488975 0.00301737399737 0.00429045336183
0.5 10 0.15823 1.2300402 0.2727686 0.2335252 1.894564 0.9377678 0.875527 0.9481739 0.00322799748451 0.00326060259615
0.6 10 0.1611248 1.5000232 0.3032174 0.188428 2.1527934 0.9397948 0.8795831 0.9487139 0.00374942291026 0.0038220721461
0.7 10 0.2138552 1.7361811 0.3622583 0.1952538 2.5075484 0.9412198 0.8823527 0.9490778 0.0047365287036 0.003147665033
0.8 10 0.2352516 2.0927814 0.4290616 0.0922134 2.849308 0.9429022 0.8856861 0.9476377 0.00672130504887 0.00532305549567
0.9 10 0.3103961 2.2466362 0.4327619 0.0642821 3.0540763 0.9430381 0.8856817 0.9489852 0.00959856858547 0.00362873853563
0.99 10 0.2691067 2.4616232 0.5084804 0.0049434 3.2441537 0.9548388 0.9142511 0.9495067 0.0437568801191 0.0020325360538
