0 1 1 1.000000 1.000000 0.052850 0.051927 0.000000 0.051927 0.000015 0.000015 0.000923 0.000000 0.000000 
1 0 0 2.000000 1.000000 0.022037 0.026614 0.000000 0.026614 0.000011 0.000026 -0.004578 0.000000 0.000000 
2 1 1 3.000000 1.000000 0.067731 0.062295 0.000000 0.062295 0.000005 0.000031 0.005436 0.000000 0.000000 
3 1 1 4.000000 1.000000 0.064396 0.063137 0.000000 0.063137 0.000004 0.000036 0.001259 0.000000 0.000000 
4 1 1 5.000000 1.000000 0.054359 0.048277 0.000000 0.048277 0.000008 0.000043 0.006081 0.000000 0.000000 
5 1 1 6.000000 1.000000 0.047195 0.045164 0.000000 0.045164 0.000008 0.000051 0.002030 0.000000 0.000000 
6 1 1 7.000000 1.000000 0.057865 0.055967 0.000000 0.055967 0.000007 0.000058 0.001897 0.000000 0.000000 
7 1 1 8.000000 1.000000 0.046145 0.042889 0.000000 0.042889 0.000062 0.000120 0.003256 0.000000 0.000000 
8 1 1 9.000000 1.000000 0.022497 0.021991 0.000000 0.021991 0.000010 0.000130 0.000506 0.000000 0.000000 
9 0 0 10.000000 1.000000 0.043615 0.056055 0.000000 0.056055 0.000011 0.000141 -0.012440 0.000000 0.000000 
10 0 0 11.000000 1.000000 0.036470 0.050945 0.000000 0.050945 0.000008 0.000149 -0.014475 0.000000 0.000000 
11 1 1 12.000000 1.000000 0.064288 0.062270 0.000000 0.062270 0.000007 0.000156 0.002018 0.000000 0.000000 
12 1 1 13.000000 1.000000 0.050796 0.049000 0.000000 0.049000 0.000007 0.000164 0.001795 0.000000 0.000000 
13 1 1 14.000000 1.000000 0.064843 0.062950 0.000000 0.062950 0.000007 0.000171 0.001893 0.000000 0.000000 
14 0 0 15.000000 1.000000 0.033461 0.048261 0.000000 0.048261 0.000008 0.000179 -0.014800 0.000000 0.000000 
15 1 1 16.000000 1.000000 0.037121 0.036103 0.000000 0.036103 0.000008 0.000187 0.001018 0.000000 0.000000 
16 1 1 17.000000 1.000000 0.051612 0.046726 0.000000 0.046726 0.000008 0.000195 0.004886 0.000000 0.000000 
17 1 1 18.000000 1.000000 0.059370 0.054144 0.000000 0.054144 0.000008 0.000203 0.005226 0.000000 0.000000 
18 1 1 19.000000 1.000000 0.051412 0.050961 0.000000 0.050961 0.000026 0.000229 0.000451 0.000000 0.000000 
19 1 1 20.000000 1.000000 0.063990 0.062088 0.000000 0.062088 0.000006 0.000236 0.001902 0.000000 0.000000 
20 1 1 21.000000 1.000000 0.067325 0.061246 0.000000 0.061246 0.000005 0.000241 0.006079 0.000000 0.000000 
21 1 1 22.000000 1.000000 0.064843 0.062950 0.000000 0.062950 0.000007 0.000247 0.001893 0.000000 0.000000 
22 1 1 23.000000 1.000000 0.060563 0.054503 0.000000 0.054503 0.000007 0.000255 0.006060 0.000000 0.000000 
23 0 0 24.000000 1.000000 0.029217 0.034733 0.000000 0.034733 0.000009 0.000263 -0.005516 0.000000 0.000000 
24 1 1 25.000000 1.000000 0.050363 0.049027 0.000000 0.049027 0.000025 0.000288 0.001336 0.000000 0.000000 
25 1 1 26.000000 1.000000 0.064843 0.062950 0.000000 0.062950 0.000008 0.000296 0.001893 0.000000 0.000000 
26 1 1 27.000000 1.000000 0.057938 0.055101 0.000000 0.055101 0.000007 0.000304 0.002837 0.000000 0.000000 
27 0 0 28.000000 1.000000 0.027885 0.032771 0.000000 0.032771 0.000011 0.000314 -0.004886 0.000000 0.000000 
28 1 1 29.000000 1.000000 0.052282 0.050401 0.000000 0.050401 0.000018 0.000332 0.001881 0.000000 0.000000 
29 0 0 30.000000 1.000000 0.022803 0.030781 0.000000 0.030781 0.000031 0.000363 -0.007979 0.000000 0.000000 
30 0 0 31.000000 1.000000 0.026019 0.039154 0.000000 0.039154 0.000009 0.000372 -0.013135 0.000000 0.000000 
31 0 0 32.000000 1.000000 0.021203 0.025987 0.000000 0.025987 0.000008 0.000380 -0.004784 0.000000 0.000000 
32 1 1 33.000000 1.000000 0.059358 0.057045 0.000000 0.057045 0.000007 0.000387 0.002312 0.000000 0.000000 
33 1 1 34.000000 1.000000 0.058920 0.057229 0.000000 0.057229 0.000007 0.000393 0.001691 0.000000 0.000000 
34 1 1 35.000000 1.000000 0.057274 0.055402 0.000000 0.055402 0.000006 0.000400 0.001872 0.000000 0.000000 
35 1 1 36.000000 1.000000 0.057425 0.055734 0.000000 0.055734 0.000008 0.000407 0.001691 0.000000 0.000000 
36 1 1 37.000000 1.000000 0.056439 0.054558 0.000000 0.054558 0.000006 0.000414 0.001881 0.000000 0.000000 
37 1 1 38.000000 1.000000 0.056903 0.054238 0.000000 0.054238 0.000007 0.000421 0.002665 0.000000 0.000000 
38 1 1 39.000000 1.000000 0.064288 0.062270 0.000000 0.062270 0.000006 0.000427 0.002018 0.000000 0.000000 
39 0 0 40.000000 1.000000 0.002031 0.015383 0.000000 0.015383 0.000009 0.000436 -0.013352 0.000000 0.000000 
40 0 0 41.000000 1.000000 0.026520 0.038573 0.000000 0.038573 0.000008 0.000444 -0.012054 0.000000 0.000000 
41 0 0 42.000000 1.000000 0.011142 0.013963 0.000000 0.013963 0.000008 0.000451 -0.002821 0.000000 0.000000 
42 1 1 43.000000 1.000000 0.064288 0.062270 0.000000 0.062270 0.000006 0.000458 0.002018 0.000000 0.000000 
43 1 1 44.000000 1.000000 0.062246 0.056390 0.000000 0.056390 0.000008 0.000466 0.005855 0.000000 0.000000 
44 1 1 45.000000 1.000000 0.059153 0.056956 0.000000 0.056956 0.000004 0.000470 0.002197 0.000000 0.000000 
45 1 1 46.000000 1.000000 0.056439 0.054558 0.000000 0.054558 0.000006 0.000477 0.001881 0.000000 0.000000 
46 1 1 47.000000 1.000000 0.057247 0.055363 0.000000 0.055363 0.000006 0.000483 0.001883 0.000000 0.000000 
47 1 1 48.000000 1.000000 0.064288 0.062270 0.000000 0.062270 0.000006 0.000489 0.002018 0.000000 0.000000 
48 1 1 49.000000 1.000000 0.064843 0.062950 0.000000 0.062950 0.000007 0.000495 0.001893 0.000000 0.000000 
49 1 1 50.000000 1.000000 0.065508 0.062650 0.000000 0.062650 0.000005 0.000500 0.002858 0.000000 0.000000 
50 1 1 51.000000 1.000000 0.058803 0.056365 0.000000 0.056365 0.000006 0.000507 0.002438 0.000000 0.000000 
51 1 1 52.000000 1.000000 0.064288 0.062270 0.000000 0.062270 0.000006 0.000512 0.002018 0.000000 0.000000 
52 1 1 53.000000 1.000000 0.058536 0.056643 0.000000 0.056643 0.000007 0.000519 0.001893 0.000000 0.000000 
53 0 0 54.000000 1.000000 0.030573 0.036023 0.000000 0.036023 0.000008 0.000527 -0.005450 0.000000 0.000000 
54 1 1 55.000000 1.000000 0.058081 0.056207 0.000000 0.056207 0.000031 0.000558 0.001874 0.000000 0.000000 
55 1 1 56.000000 1.000000 0.045573 0.043346 0.000000 0.043346 0.000008 0.000566 0.002227 0.000000 0.000000 
56 0 0 57.000000 1.000000 -0.003305 0.017857 0.000000 0.017857 0.000008 0.000574 -0.021162 0.000000 0.000000 
57 0 0 58.000000 1.000000 0.029206 0.033268 0.000000 0.033268 0.000008 0.000582 -0.004062 0.000000 0.000000 
58 1 1 59.000000 1.000000 0.059358 0.057045 0.000000 0.057045 0.000007 0.000588 0.002312 0.000000 0.000000 
59 1 1 60.000000 1.000000 0.044850 0.039983 0.000000 0.039983 0.000019 0.000608 0.004867 0.000000 0.000000 
60 1 1 61.000000 1.000000 0.059153 0.056956 0.000000 0.056956 0.000005 0.000612 0.002197 0.000000 0.000000 
61 0 0 62.000000 1.000000 0.013232 0.035553 0.000000 0.035553 0.000009 0.000621 -0.022321 0.000000 0.000000 
62 0 0 63.000000 1.000000 0.025449 0.031702 0.000000 0.031702 0.000009 0.000630 -0.006252 0.000000 0.000000 
63 0 1 63.000000 0.984375 0.038695 0.038249 0.000000 0.038249 0.000010 0.000640 0.000447 0.000007 0.000000 
64 1 1 64.000000 0.984615 0.067324 0.061247 0.000000 0.061247 0.000006 0.000646 0.006077 0.000007 0.000000 
65 0 0 65.000000 0.984848 0.040614 0.040743 0.000000 0.040743 0.000008 0.000654 -0.000129 0.000007 0.000000 
66 1 1 66.000000 0.985075 0.057932 0.056577 0.000000 0.056577 0.000007 0.000661 0.001355 0.000007 0.000000 
67 0 0 67.000000 0.985294 0.008623 0.020972 0.000000 0.020972 0.000008 0.000669 -0.012349 0.000007 0.000000 
68 1 0 67.000000 0.971014 0.035759 0.040881 0.000000 0.040881 0.000012 0.000681 -0.005122 0.000006 -0.000074 
69 1 1 68.000000 0.971429 0.059153 0.056956 0.000000 0.056956 0.000005 0.000686 0.002197 0.000006 -0.000073 
70 1 1 69.000000 0.971831 0.060563 0.054503 0.000000 0.054503 0.000008 0.000694 0.006060 0.000006 -0.000072 
71 1 1 70.000000 0.972222 0.057981 0.055963 0.000000 0.055963 0.000007 0.000700 0.002018 0.000006 -0.000071 
72 1 1 71.000000 0.972603 0.064695 0.063319 0.000000 0.063319 0.000004 0.000704 0.001376 0.000006 -0.000070 
73 1 1 72.000000 0.972973 0.064695 0.063319 0.000000 0.063319 0.000003 0.000707 0.001376 0.000006 -0.000069 
74 1 1 73.000000 0.973333 0.067579 0.066147 0.000000 0.066147 0.000004 0.000711 0.001432 0.000006 -0.000068 
75 1 1 74.000000 0.973684 0.064695 0.063319 0.000000 0.063319 0.000003 0.000715 0.001376 0.000006 -0.000067 
76 1 1 75.000000 0.974026 0.057054 0.055860 0.000000 0.055860 0.000005 0.000719 0.001194 0.000006 -0.000067 
77 1 1 76.000000 0.974359 0.067859 0.066310 0.000000 0.066310 0.000004 0.000723 0.001548 0.000006 -0.000066 
78 1 1 77.000000 0.974684 0.067325 0.061246 0.000000 0.061246 0.000005 0.000728 0.006079 0.000006 -0.000065 
79 1 1 78.000000 0.975000 0.059521 0.056664 0.000000 0.056664 0.000007 0.000735 0.002856 0.000006 -0.000064 
80 0 0 79.000000 0.975309 0.000522 0.012746 0.000000 0.012746 0.000009 0.000744 -0.012224 0.000006 -0.000063 
81 1 1 80.000000 0.975610 0.059192 0.054326 0.000000 0.054326 0.000008 0.000752 0.004866 0.000005 -0.000062 
82 1 1 81.000000 0.975904 0.064843 0.062950 0.000000 0.062950 0.000007 0.000759 0.001893 0.000005 -0.000062 
83 1 1 82.000000 0.976190 0.063990 0.062088 0.000000 0.062088 0.000005 0.000764 0.001902 0.000005 -0.000061 
84 1 1 83.000000 0.976471 0.067325 0.061246 0.000000 0.061246 0.000005 0.000768 0.006079 0.000005 -0.000060 
85 1 1 84.000000 0.976744 0.065250 0.064000 0.000000 0.064000 0.000004 0.000772 0.001251 0.000005 -0.000060 
86 1 1 85.000000 0.977011 0.064843 0.062950 0.000000 0.062950 0.000006 0.000779 0.001893 0.000005 -0.000059 
87 1 1 86.000000 0.977273 0.059153 0.056956 0.000000 0.056956 0.000004 0.000783 0.002197 0.000005 -0.000058 
88 0 0 87.000000 0.977528 0.007781 0.019942 0.000000 0.019942 0.000008 0.000791 -0.012161 0.000005 -0.000058 
89 0 0 88.000000 0.977778 0.029541 0.037595 0.000000 0.037595 0.000037 0.000828 -0.008053 0.000005 -0.000057 
90 1 1 89.000000 0.978022 0.060563 0.054503 0.000000 0.054503 0.000008 0.000836 0.006060 0.000005 -0.000056 
91 1 1 90.000000 0.978261 0.060969 0.055552 0.000000 0.055552 0.000007 0.000842 0.005417 0.000005 -0.000056 
92 1 1 91.000000 0.978495 0.052381 0.049286 0.000000 0.049286 0.000008 0.000850 0.003095 0.000005 -0.000055 
93 0 0 92.000000 0.978723 0.037507 0.037512 0.000000 0.037512 0.000008 0.000857 -0.000005 0.000005 -0.000054 
94 1 1 93.000000 0.978947 0.061604 0.055545 0.000000 0.055545 0.000007 0.000864 0.006059 0.000005 -0.000054 
95 1 1 94.000000 0.979167 0.058567 0.056569 0.000000 0.056569 0.000006 0.000871 0.001999 0.000005 -0.000053 
96 0 0 95.000000 0.979381 0.022925 0.032700 0.000000 0.032700 0.000008 0.000879 -0.009775 0.000005 -0.000053 
97 0 0 96.000000 0.979592 0.025722 0.038353 0.000000 0.038353 0.000008 0.000887 -0.012631 0.000005 -0.000052 
98 1 1 97.000000 0.979798 0.065915 0.063699 0.000000 0.063699 0.000004 0.000891 0.002215 0.000005 -0.000052 
99 1 1 98.000000 0.980000 0.057867 0.055191 0.000000 0.055191 0.000005 0.000896 0.002676 0.000004 -0.000051 
100 1 1 99.000000 0.980198 0.064288 0.062270 0.000000 0.062270 0.000006 0.000902 0.002018 0.000004 -0.000051 
101 1 1 100.000000 0.980392 0.067859 0.066310 0.000000 0.066310 0.000004 0.000906 0.001548 0.000004 -0.000050 
102 1 1 101.000000 0.980583 0.050444 0.048927 0.000000 0.048927 0.000007 0.000913 0.001518 0.000004 -0.000050 
103 1 1 102.000000 0.980769 0.057933 0.056576 0.000000 0.056576 0.000006 0.000919 0.001357 0.000004 -0.000049 
104 0 0 103.000000 0.980952 0.028828 0.032169 0.000000 0.032169 0.000007 0.000926 -0.003341 0.000004 -0.000049 
105 1 1 104.000000 0.981132 0.052902 0.051107 0.000000 0.051107 0.000007 0.000934 0.001795 0.000004 -0.000048 
106 1 1 105.000000 0.981308 0.064133 0.058543 0.000000 0.058543 0.000004 0.000938 0.005590 0.000004 -0.000048 
107 1 1 106.000000 0.981481 0.065915 0.063699 0.000000 0.063699 0.000004 0.000942 0.002215 0.000004 -0.000047 
108 1 1 107.000000 0.981651 0.064396 0.063137 0.000000 0.063137 0.000004 0.000946 0.001259 0.000004 -0.000047 
109 1 1 108.000000 0.981818 0.057331 0.052106 0.000000 0.052106 0.000008 0.000953 0.005225 0.000004 -0.000047 
110 1 1 109.000000 0.981982 0.068414 0.066990 0.000000 0.066990 0.000005 0.000958 0.001423 0.000004 -0.000046 
111 1 1 110.000000 0.982143 0.062928 0.061086 0.000000 0.061086 0.000007 0.000965 0.001842 0.000004 -0.000046 
112 1 1 111.000000 0.982301 0.064695 0.063319 0.000000 0.063319 0.000004 0.000968 0.001376 0.000004 -0.000045 
113 1 1 112.000000 0.982456 0.064415 0.063156 0.000000 0.063156 0.000006 0.000974 0.001259 0.000004 -0.000045 
114 1 1 113.000000 0.982609 0.057296 0.056898 0.000000 0.056898 0.000008 0.000982 0.000398 0.000004 -0.000045 
115 1 1 114.000000 0.982759 0.065508 0.062650 0.000000 0.062650 0.000005 0.000987 0.002858 0.000004 -0.000044 
116 1 1 115.000000 0.982906 0.058856 0.056965 0.000000 0.056965 0.000007 0.000994 0.001892 0.000004 -0.000044 
117 1 1 116.000000 0.983051 0.064695 0.063319 0.000000 0.063319 0.000004 0.000997 0.001376 0.000004 -0.000043 
118 1 1 117.000000 0.983193 0.050832 0.049957 0.000000 0.049957 0.000007 0.001004 0.000875 0.000004 -0.000043 
119 1 1 118.000000 0.983333 0.065250 0.064000 0.000000 0.064000 0.000004 0.001008 0.001251 0.000004 -0.000043 
120 0 0 119.000000 0.983471 0.028873 0.044854 0.000000 0.044854 0.000008 0.001016 -0.015981 0.000004 -0.000042 
121 1 1 120.000000 0.983607 0.057228 0.055345 0.000000 0.055345 0.000006 0.001022 0.001883 0.000004 -0.000042 
122 1 1 121.000000 0.983740 0.058746 0.055907 0.000000 0.055907 0.000020 0.001042 0.002839 0.000004 -0.000042 
123 0 0 122.000000 0.983871 0.003563 0.005827 0.000000 0.005827 0.000061 0.001103 -0.002264 0.000004 -0.000041 
124 1 1 123.000000 0.984000 0.065915 0.063699 0.000000 0.063699 0.000004 0.001107 0.002215 0.000004 -0.000041 
125 1 1 124.000000 0.984127 0.070895 0.065286 0.000000 0.065286 0.000005 0.001112 0.005609 0.000004 -0.000041 
126 1 1 125.000000 0.984252 0.038700 0.035600 0.000000 0.035600 0.000007 0.001119 0.003100 0.000004 -0.000040 
127 1 1 126.000000 0.984375 0.025848 0.025294 0.000000 0.025294 0.000007 0.001126 0.000554 0.000003 -0.000040 
128 1 1 127.000000 0.984496 0.065508 0.062650 0.000000 0.062650 0.000004 0.001131 0.002858 0.000003 -0.000040 
129 1 1 128.000000 0.984615 0.050783 0.049409 0.000000 0.049409 0.000007 0.001138 0.001374 0.000003 -0.000039 
130 1 1 129.000000 0.984733 0.039054 0.037585 0.000000 0.037585 0.000007 0.001145 0.001469 0.000003 -0.000039 
131 1 1 130.000000 0.984848 0.057274 0.055402 0.000000 0.055402 0.000006 0.001151 0.001872 0.000003 -0.000039 
132 1 1 131.000000 0.984962 0.064396 0.063137 0.000000 0.063137 0.000004 0.001155 0.001259 0.000003 -0.000039 
133 1 1 132.000000 0.985075 0.065250 0.064000 0.000000 0.064000 0.000004 0.001159 0.001251 0.000003 -0.000038 
134 1 1 133.000000 0.985185 0.068414 0.066990 0.000000 0.066990 0.000004 0.001163 0.001423 0.000003 -0.000038 
135 1 1 134.000000 0.985294 0.068414 0.066990 0.000000 0.066990 0.000003 0.001166 0.001423 0.000003 -0.000038 
136 1 1 135.000000 0.985401 0.070895 0.065286 0.000000 0.065286 0.000004 0.001170 0.005609 0.000003 -0.000037 
137 1 1 136.000000 0.985507 0.065915 0.063699 0.000000 0.063699 0.000004 0.001173 0.002215 0.000003 -0.000037 
138 1 1 137.000000 0.985612 0.060473 0.058278 0.000000 0.058278 0.000005 0.001179 0.002195 0.000003 -0.000037 
139 0 0 138.000000 0.985714 0.027312 0.039355 0.000000 0.039355 0.000008 0.001187 -0.012043 0.000003 -0.000037 
140 1 1 139.000000 0.985816 0.063593 0.060785 0.000000 0.060785 0.000007 0.001194 0.002807 0.000003 -0.000036 
141 1 1 140.000000 0.985915 0.056552 0.056348 0.000000 0.056348 0.000007 0.001201 0.000204 0.000003 -0.000036 
142 0 0 141.000000 0.986014 0.020411 0.020413 0.000000 0.020413 0.000008 0.001208 -0.000002 0.000003 -0.000036 
143 0 0 142.000000 0.986111 0.018151 0.036740 0.000000 0.036740 0.000009 0.001217 -0.018589 0.000003 -0.000036 
144 0 0 143.000000 0.986207 0.029853 0.034881 0.000000 0.034881 0.000008 0.001225 -0.005028 0.000003 -0.000035 
145 0 0 144.000000 0.986301 0.008204 0.018526 0.000000 0.018526 0.000008 0.001233 -0.010322 0.000003 -0.000035 
146 1 1 145.000000 0.986395 0.065915 0.063699 0.000000 0.063699 0.000004 0.001237 0.002215 0.000003 -0.000035 
147 1 1 146.000000 0.986486 0.067731 0.062295 0.000000 0.062295 0.000004 0.001241 0.005436 0.000003 -0.000035 
148 0 0 147.000000 0.986577 0.022401 0.031111 0.000000 0.031111 0.000008 0.001249 -0.008710 0.000003 -0.000034 
149 1 1 148.000000 0.986667 0.062928 0.061086 0.000000 0.061086 0.000007 0.001256 0.001842 0.000003 -0.000034 
150 1 1 149.000000 0.986755 0.065250 0.064000 0.000000 0.064000 0.000004 0.001261 0.001251 0.000003 -0.000034 
151 1 1 150.000000 0.986842 0.067731 0.062295 0.000000 0.062295 0.000004 0.001265 0.005436 0.000003 -0.000034 
152 1 1 151.000000 0.986928 0.067731 0.062295 0.000000 0.062295 0.000004 0.001268 0.005436 0.000003 -0.000033 
153 1 1 152.000000 0.987013 0.070895 0.065286 0.000000 0.065286 0.000004 0.001272 0.005609 0.000003 -0.000033 
154 1 1 153.000000 0.987097 0.059764 0.058095 0.000000 0.058095 0.000006 0.001278 0.001670 0.000003 -0.000033 
155 0 0 154.000000 0.987179 0.031662 0.035065 0.000000 0.035065 0.000020 0.001298 -0.003403 0.000003 -0.000033 
156 0 0 155.000000 0.987261 0.028237 0.036876 0.000000 0.036876 0.000008 0.001306 -0.008639 0.000003 -0.000033 
157 1 1 156.000000 0.987342 0.065508 0.062650 0.000000 0.062650 0.000005 0.001311 0.002858 0.000003 -0.000032 
158 1 1 157.000000 0.987421 0.051006 0.049912 0.000000 0.049912 0.000007 0.001318 0.001094 0.000003 -0.000032 
159 1 1 158.000000 0.987500 0.067325 0.061246 0.000000 0.061246 0.000005 0.001323 0.006079 0.000003 -0.000032 
160 0 0 159.000000 0.987578 0.027338 0.043356 0.000000 0.043356 0.000008 0.001331 -0.016018 0.000003 -0.000032 
161 1 1 160.000000 0.987654 0.057865 0.055967 0.000000 0.055967 0.000007 0.001338 0.001898 0.000003 -0.000032 
162 0 0 161.000000 0.987730 0.029287 0.030623 0.000000 0.030623 0.000008 0.001346 -0.001335 0.000003 -0.000031 
163 1 1 162.000000 0.987805 0.064843 0.062950 0.000000 0.062950 0.000007 0.001353 0.001893 0.000003 -0.000031 
164 0 0 163.000000 0.987879 0.037329 0.040107 0.000000 0.040107 0.000007 0.001360 -0.002777 0.000003 -0.000031 
165 0 0 164.000000 0.987952 0.030317 0.034716 0.000000 0.034716 0.000008 0.001368 -0.004399 0.000003 -0.000031 
166 0 0 165.000000 0.988024 0.037082 0.046056 0.000000 0.046056 0.000008 0.001376 -0.008974 0.000003 -0.000031 
167 1 1 166.000000 0.988095 0.059358 0.057045 0.000000 0.057045 0.000007 0.001382 0.002312 0.000003 -0.000030 
168 0 0 167.000000 0.988166 0.039661 0.040505 0.000000 0.040505 0.000008 0.001390 -0.000844 0.000003 -0.000030 
169 1 1 168.000000 0.988235 0.065250 0.064000 0.000000 0.064000 0.000004 0.001394 0.001251 0.000003 -0.000030 
170 1 1 169.000000 0.988304 0.059209 0.057415 0.000000 0.057415 0.000005 0.001400 0.001795 0.000003 -0.000030 
171 1 1 170.000000 0.988372 0.062491 0.061270 0.000000 0.061270 0.000007 0.001406 0.001221 0.000003 -0.000030 
172 1 1 171.000000 0.988439 0.065915 0.063699 0.000000 0.063699 0.000004 0.001411 0.002215 0.000003 -0.000030 
173 1 1 172.000000 0.988506 0.046419 0.044545 0.000000 0.044545 0.000007 0.001418 0.001875 0.000003 -0.000029 
174 1 1 173.000000 0.988571 0.065915 0.063699 0.000000 0.063699 0.000004 0.001422 0.002215 0.000003 -0.000029 
175 1 1 174.000000 0.988636 0.060969 0.055552 0.000000 0.055552 0.000006 0.001428 0.005417 0.000003 -0.000029 
176 1 1 175.000000 0.988701 0.064695 0.063319 0.000000 0.063319 0.000004 0.001432 0.001376 0.000003 -0.000029 
177 0 0 176.000000 0.988764 0.029688 0.034939 0.000000 0.034939 0.000008 0.001439 -0.005252 0.000003 -0.000029 
178 0 0 177.000000 0.988827 0.018639 0.019847 0.000000 0.019847 0.000009 0.001448 -0.001208 0.000002 -0.000029 
179 0 0 178.000000 0.988889 0.001576 0.017164 0.000000 0.017164 0.000008 0.001456 -0.015588 0.000002 -0.000028 
180 1 1 179.000000 0.988950 0.056647 0.054811 0.000000 0.054811 0.000007 0.001463 0.001836 0.000002 -0.000028 
181 1 1 180.000000 0.989011 0.067325 0.061246 0.000000 0.061246 0.000005 0.001469 0.006079 0.000002 -0.000028 
182 0 0 181.000000 0.989071 0.033920 0.049756 0.000000 0.049756 0.000008 0.001476 -0.015836 0.000002 -0.000028 
183 1 1 182.000000 0.989130 0.064843 0.062950 0.000000 0.062950 0.000007 0.001483 0.001893 0.000002 -0.000028 
184 0 0 183.000000 0.989189 0.017045 0.031748 0.000000 0.031748 0.000008 0.001491 -0.014703 0.000002 -0.000028 
185 0 0 184.000000 0.989247 0.020000 0.032704 0.000000 0.032704 0.000008 0.001499 -0.012704 0.000002 -0.000028 
186 0 0 185.000000 0.989305 0.007594 0.024021 0.000000 0.024021 0.000007 0.001507 -0.016426 0.000002 -0.000027 
187 1 1 186.000000 0.989362 0.058409 0.057151 0.000000 0.057151 0.000007 0.001514 0.001258 0.000002 -0.000027 
188 1 1 187.000000 0.989418 0.057634 0.056394 0.000000 0.056394 0.000007 0.001520 0.001241 0.000002 -0.000027 
189 1 1 188.000000 0.989474 0.058772 0.057598 0.000000 0.057598 0.000007 0.001527 0.001173 0.000002 -0.000027 
190 1 1 189.000000 0.989529 0.065915 0.063699 0.000000 0.063699 0.000027 0.001554 0.002215 0.000002 -0.000027 
191 1 1 190.000000 0.989583 0.064695 0.063319 0.000000 0.063319 0.000004 0.001558 0.001376 0.000002 -0.000027 
192 1 1 191.000000 0.989637 0.065250 0.064000 0.000000 0.064000 0.000004 0.001562 0.001251 0.000002 -0.000027 
193 1 1 192.000000 0.989691 0.065915 0.063699 0.000000 0.063699 0.000004 0.001565 0.002215 0.000002 -0.000026 
194 1 1 193.000000 0.989744 0.030110 0.030023 0.000000 0.030023 0.000008 0.001573 0.000087 0.000002 -0.000026 
195 1 0 193.000000 0.984694 0.050620 0.050765 0.000000 0.050765 0.000010 0.001583 -0.000145 0.000002 -0.000027 
196 1 1 194.000000 0.984772 0.067340 0.061230 0.000000 0.061230 0.000005 0.001588 0.006110 0.000002 -0.000027 
197 1 1 195.000000 0.984848 0.050863 0.049782 0.000000 0.049782 0.000007 0.001595 0.001081 0.000002 -0.000027 
198 1 1 196.000000 0.984925 0.045733 0.044307 0.000000 0.044307 0.000008 0.001603 0.001426 0.000002 -0.000026 
199 0 0 197.000000 0.985000 0.003112 0.005826 0.000000 0.005826 0.000008 0.001611 -0.002714 0.000002 -0.000026 
200 1 1 198.000000 0.985075 0.055908 0.055171 0.000000 0.055171 0.000007 0.001618 0.000737 0.000002 -0.000026 
201 1 1 199.000000 0.985149 0.064005 0.062072 0.000000 0.062072 0.000005 0.001623 0.001933 0.000002 -0.000026 
202 1 1 200.000000 0.985222 0.064304 0.062255 0.000000 0.062255 0.000006 0.001629 0.002050 0.000002 -0.000026 
203 1 1 201.000000 0.985294 0.051794 0.050063 0.000000 0.050063 0.000007 0.001635 0.001731 0.000002 -0.000026 
204 1 1 202.000000 0.985366 0.065266 0.063984 0.000000 0.063984 0.000004 0.001639 0.001282 0.000002 -0.000026 
205 1 1 203.000000 0.985437 0.067340 0.061230 0.000000 0.061230 0.000005 0.001644 0.006110 0.000002 -0.000026 
206 0 0 204.000000 0.985507 0.021764 0.026506 0.000000 0.026506 0.000008 0.001652 -0.004741 0.000002 -0.000025 
207 1 1 205.000000 0.985577 0.065524 0.062635 0.000000 0.062635 0.000005 0.001657 0.002889 0.000002 -0.000025 
208 1 1 206.000000 0.985646 0.060169 0.057280 0.000000 0.057280 0.000007 0.001663 0.002889 0.000002 -0.000025 
209 0 0 207.000000 0.985714 0.007497 0.023982 0.000000 0.023982 0.000008 0.001671 -0.016485 0.000002 -0.000025 
210 1 1 208.000000 0.985782 0.037510 0.037005 0.000000 0.037005 0.000008 0.001679 0.000505 0.000002 -0.000025 
211 1 1 209.000000 0.985849 0.064304 0.062255 0.000000 0.062255 0.000006 0.001685 0.002050 0.000002 -0.000025 
212 1 1 210.000000 0.985915 0.057290 0.055386 0.000000 0.055386 0.000006 0.001691 0.001904 0.000002 -0.000025 
213 1 1 211.000000 0.985981 0.056735 0.054706 0.000000 0.054706 0.000006 0.001697 0.002029 0.000002 -0.000025 
214 1 1 212.000000 0.986047 0.065930 0.063684 0.000000 0.063684 0.000004 0.001701 0.002247 0.000002 -0.000024 
215 1 1 213.000000 0.986111 0.065930 0.063684 0.000000 0.063684 0.000003 0.001705 0.002247 0.000002 -0.000024 
216 1 1 214.000000 0.986175 0.067340 0.061230 0.000000 0.061230 0.000005 0.001709 0.006110 0.000002 -0.000024 
217 1 1 215.000000 0.986239 0.064005 0.062072 0.000000 0.062072 0.000004 0.001714 0.001933 0.000002 -0.000024 
218 1 1 216.000000 0.986301 0.065930 0.063684 0.000000 0.063684 0.000003 0.001717 0.002247 0.000002 -0.000024 
219 1 1 217.000000 0.986364 0.055552 0.049013 0.000000 0.049013 0.000006 0.001723 0.006539 0.000002 -0.000024 
220 1 1 218.000000 0.986425 0.059771 0.053681 0.000000 0.053681 0.000007 0.001730 0.006089 0.000002 -0.000024 
221 0 0 219.000000 0.986486 -0.001816 0.018043 0.000000 0.018043 0.000008 0.001738 -0.019859 0.000002 -0.000024 
222 1 1 220.000000 0.986547 0.065930 0.063684 0.000000 0.063684 0.000004 0.001742 0.002247 0.000002 -0.000024 
223 1 1 221.000000 0.986607 0.044015 0.042568 0.000000 0.042568 0.000007 0.001749 0.001446 0.000002 -0.000024 
224 1 1 222.000000 0.986667 0.053870 0.048423 0.000000 0.048423 0.000018 0.001767 0.005447 0.000002 -0.000023 
225 1 1 223.000000 0.986726 0.057880 0.055952 0.000000 0.055952 0.000025 0.001792 0.001929 0.000002 -0.000023 
226 1 1 224.000000 0.986784 0.064711 0.063304 0.000000 0.063304 0.000004 0.001796 0.001407 0.000002 -0.000023 
227 1 1 225.000000 0.986842 0.069094 0.066675 0.000000 0.066675 0.000005 0.001801 0.002419 0.000002 -0.000023 
228 1 1 226.000000 0.986900 0.065930 0.063684 0.000000 0.063684 0.000003 0.001804 0.002247 0.000002 -0.000023 
229 1 1 227.000000 0.986957 0.065266 0.063984 0.000000 0.063984 0.000004 0.001808 0.001282 0.000002 -0.000023 
230 1 1 228.000000 0.987013 0.041935 0.041926 0.000000 0.041926 0.000007 0.001815 0.000009 0.000002 -0.000023 
231 0 0 229.000000 0.987069 0.012713 0.014172 0.000000 0.014172 0.000008 0.001823 -0.001459 0.000002 -0.000023 
232 1 1 230.000000 0.987124 0.067340 0.061230 0.000000 0.061230 0.000005 0.001828 0.006110 0.000002 -0.000023 
233 1 1 231.000000 0.987179 0.067747 0.062280 0.000000 0.062280 0.000004 0.001832 0.005467 0.000002 -0.000023 
234 1 1 232.000000 0.987234 0.067874 0.066295 0.000000 0.066295 0.000004 0.001836 0.001580 0.000002 -0.000022 
235 1 1 233.000000 0.987288 0.061824 0.056559 0.000000 0.056559 0.000007 0.001843 0.005265 0.000002 -0.000022 
236 1 1 234.000000 0.987342 0.061824 0.056559 0.000000 0.056559 0.000007 0.001850 0.005265 0.000002 -0.000022 
237 1 1 235.000000 0.987395 0.058361 0.056135 0.000000 0.056135 0.000006 0.001856 0.002226 0.000002 -0.000022 
238 1 1 236.000000 0.987448 0.067340 0.061230 0.000000 0.061230 0.000005 0.001861 0.006110 0.000002 -0.000022 
239 1 1 237.000000 0.987500 0.026079 0.023982 0.000000 0.023982 0.000007 0.001869 0.002097 0.000002 -0.000022 
240 1 1 238.000000 0.987552 0.069094 0.066675 0.000000 0.066675 0.000005 0.001873 0.002419 0.000002 -0.000022 
241 0 0 239.000000 0.987603 0.021223 0.023968 0.000000 0.023968 0.000007 0.001881 -0.002744 0.000002 -0.000022 
242 0 0 240.000000 0.987654 0.023244 0.034467 0.000000 0.034467 0.000008 0.001889 -0.011223 0.000002 -0.000022 
243 0 0 241.000000 0.987705 0.025116 0.028948 0.000000 0.028948 0.000009 0.001897 -0.003832 0.000002 -0.000022 
244 1 1 242.000000 0.987755 0.055145 0.052908 0.000000 0.052908 0.000007 0.001905 0.002238 0.000002 -0.000021 
245 1 1 243.000000 0.987805 0.067576 0.066112 0.000000 0.066112 0.000004 0.001909 0.001463 0.000002 -0.000021 
246 1 1 244.000000 0.987854 0.047670 0.045338 0.000000 0.045338 0.000007 0.001916 0.002332 0.000002 -0.000021 
247 1 1 245.000000 0.987903 0.067747 0.062280 0.000000 0.062280 0.000004 0.001920 0.005467 0.000002 -0.000021 
248 1 1 246.000000 0.987952 0.058949 0.056900 0.000000 0.056900 0.000007 0.001927 0.002050 0.000002 -0.000021 
249 1 1 247.000000 0.988000 0.062267 0.056370 0.000000 0.056370 0.000007 0.001934 0.005897 0.000002 -0.000021 
250 1 1 248.000000 0.988048 0.064859 0.062935 0.000000 0.062935 0.000007 0.001940 0.001924 0.000002 -0.000021 
251 1 1 249.000000 0.988095 0.067340 0.061230 0.000000 0.061230 0.000005 0.001945 0.006110 0.000002 -0.000021 
252 1 1 250.000000 0.988142 0.064005 0.062072 0.000000 0.062072 0.000004 0.001950 0.001933 0.000002 -0.000021 
253 0 0 251.000000 0.988189 0.004772 0.030034 0.000000 0.030034 0.000008 0.001958 -0.025262 0.000002 -0.000021 
254 0 0 252.000000 0.988235 0.009000 0.021907 0.000000 0.021907 0.000008 0.001966 -0.012907 0.000002 -0.000021 
255 1 1 253.000000 0.988281 0.061044 0.058942 0.000000 0.058942 0.000007 0.001973 0.002102 0.000002 -0.000021 
256 1 1 254.000000 0.988327 0.067340 0.061230 0.000000 0.061230 0.000005 0.001978 0.006110 0.000002 -0.000020 
257 1 1 255.000000 0.988372 0.067340 0.061230 0.000000 0.061230 0.000004 0.001982 0.006110 0.000002 -0.000020 
258 1 1 256.000000 0.988417 0.067340 0.061230 0.000000 0.061230 0.000004 0.001986 0.006110 0.000002 -0.000020 
259 1 1 257.000000 0.988462 0.067340 0.061230 0.000000 0.061230 0.000004 0.001990 0.006110 0.000002 -0.000020 
260 1 1 258.000000 0.988506 0.058601 0.056380 0.000000 0.056380 0.000007 0.001998 0.002222 0.000002 -0.000020 
261 1 1 259.000000 0.988550 0.064304 0.062255 0.000000 0.062255 0.000008 0.002006 0.002050 0.000002 -0.000020 
262 1 1 260.000000 0.988593 0.047596 0.041710 0.000000 0.041710 0.000008 0.002014 0.005886 0.000002 -0.000020 
263 1 1 261.000000 0.988636 0.059771 0.053681 0.000000 0.053681 0.000007 0.002021 0.006089 0.000002 -0.000020 
264 0 0 262.000000 0.988679 0.022560 0.029172 0.000000 0.029172 0.000009 0.002029 -0.006612 0.000002 -0.000020 
265 1 1 263.000000 0.988722 0.065524 0.062635 0.000000 0.062635 0.000018 0.002048 0.002889 0.000002 -0.000020 
266 1 1 264.000000 0.988764 0.046580 0.044408 0.000000 0.044408 0.000007 0.002055 0.002172 0.000002 -0.000020 
267 1 1 265.000000 0.988806 0.051834 0.049846 0.000000 0.049846 0.000007 0.002062 0.001988 0.000002 -0.000020 
268 1 1 266.000000 0.988848 0.064005 0.062072 0.000000 0.062072 0.000005 0.002067 0.001933 0.000002 -0.000020 
269 0 0 267.000000 0.988889 0.001558 0.013117 0.000000 0.013117 0.000008 0.002075 -0.011559 0.000002 -0.000020 
270 0 0 268.000000 0.988930 0.021992 0.022983 0.000000 0.022983 0.000008 0.002083 -0.000991 0.000002 -0.000019 
271 0 0 269.000000 0.988971 0.002409 0.002475 0.111111 0.113586 0.000007 0.002090 -0.000066 0.000002 -0.000019 
